Time (s),Gyroscope X (deg/s),Gyroscope Y (deg/s),Gyroscope Z (deg/s),Accelerometer X (g),Accelerometer Y (g),Accelerometer Z (g),Magnetometer X (uT),Magnetometer Y (uT),Magnetometer Z (uT)
28.964746475,-0.3403839,-0.3519166,-0.2940276,0.9751094,0.07426346,-0.2337723,-29.7567,-42.31454,3.509517
28.974743366,0.02881546,-0.1145072,-0.2940276,0.9736198,0.07566115,-0.2371201,-29.38813,-41.93464,3.123268
28.984741688,0.5826145,-0.05515479,-0.3549984,0.9740881,0.07662912,-0.2385569,-29.38813,-41.93464,3.123268
28.994739056,0.4595481,0.1822547,-0.4159691,0.9740618,0.07812153,-0.2347286,-29.38813,-41.93464,3.123268
29.004736423,0.2749484,0.1822547,-0.3549984,0.9716721,0.07564899,-0.2342453,-29.38813,-41.93464,3.123268
29.014733315,0.2749484,0.2416071,-0.3549984,0.9754943,0.0795594,-0.2399959,-29.00722,-42.30891,3.515079
29.024731636,0.02881546,0.3603118,-0.4159691,0.9749442,0.08297644,-0.2371243,-29.00722,-42.30891,3.515079
29.034729004,-0.3403839,0.3603118,-0.2940276,0.9759449,0.08151207,-0.2399971,-29.00722,-42.30891,3.515079
29.044725895,-0.4019172,0.3603118,-0.4769399,0.9753575,0.08684582,-0.2399975,-29.00722,-42.30891,3.515079
29.054723263,-0.5249836,0.1822547,-0.3549984,0.9735829,0.07759542,-0.2380777,-29.00722,-42.30891,3.515079
29.064721584,-0.6480501,0.2416071,-0.2940276,0.9744846,0.08151393,-0.2366446,-29.01509,-41.92856,3.513051
29.074718952,-0.4019172,0.1229023,-0.2940276,0.9774995,0.07674916,-0.23282,-29.01509,-41.92856,3.513051
29.084715843,-0.4019172,0.004197581,-0.3549984,0.9755573,0.07613274,-0.2428665,-29.01509,-41.92856,3.513051
29.094714165,-0.3403839,0.1822547,-0.2940276,0.9734826,0.08293878,-0.2380789,-29.01509,-41.92856,3.513051
29.104711533,-0.586516899999998,0.1229023,-0.2940276,0.977518,0.07578203,-0.2323412,-29.01509,-41.92856,3.513051
29.114708424,-0.832649800000001,0.1229023,-0.2940276,0.9745574,0.07762344,-0.2371223,-29.01339,-41.93183,3.126049
29.124705792,-0.709583300000001,0.2416071,-0.4159691,0.9730499,0.08000582,-0.2390345,-29.01339,-41.93183,3.126049
29.134704113,-0.7711166,0.3009594,-0.3549984,0.977508,0.07624146,-0.2352127,-29.01339,-41.93183,3.126049
29.144701481,-0.6480501,0.4196641,-0.4159691,0.9730965,0.07760774,-0.235684,-29.01339,-41.93183,3.126049
29.154698372,-0.709583300000001,0.4196641,-0.3549984,0.9798423,0.08160661,-0.2380897,-29.01339,-41.93183,3.126049
29.16469574,-0.709583300000001,0.1229023,-0.4159691,0.97692,0.08155765,-0.2371274,-29.39769,-41.55101,3.508242
29.174694061,-1.201849,0.1822547,-0.3549984,0.9740436,0.07909305,-0.2347289,-29.39769,-41.55101,3.508242
29.184691429,-1.140316,0.1822547,-0.3549984,0.9774155,0.08105957,-0.239521,-29.39769,-41.55101,3.508242
29.19468832,-1.140316,0.06354995,-0.3549984,0.9784203,0.07972248,-0.2285152,-29.39769,-41.55101,3.508242
29.204685688,-0.955716300000001,0.1229023,-0.4769399,0.9731429,0.07520088,-0.2332906,-29.39769,-41.55101,3.508242
29.21468401,-0.6480501,-0.1738595,-0.4159691,0.9760013,0.07865017,-0.2342536,-29.38983,-41.93137,3.51027
29.224680901,-0.6480501,0.1229023,-0.2330568,0.9794574,0.07631068,-0.2318662,-29.38983,-41.93137,3.51027
29.234678268,-0.4634504,0.1229023,-0.3549984,0.9706056,0.08045224,-0.2380733,-29.38983,-41.93137,3.51027
29.24467659,-0.5249836,-0.1145072,-0.5379106,0.9764715,0.07967082,-0.2299475,-29.38983,-41.93137,3.51027
29.254673958,-0.5249836,-0.05515479,-0.3549984,0.9745218,0.07959282,-0.2342512,-29.38983,-41.93137,3.51027
29.264670849,-0.5249836,-0.2332119,-0.5379106,0.9716273,0.07810414,-0.2313744,-29.76288,-41.93745,3.120487
29.274668217,-0.4019172,-0.1738595,-0.4159691,0.9730058,0.0824829,-0.2337708,-29.76288,-41.93745,3.120487
29.284666538,-0.4634504,-0.3519166,-0.598881400000002,0.9822981,0.08074466,-0.2313937,-29.76288,-41.93745,3.120487
29.294663429,-0.4634504,-0.3519166,-0.598881400000002,0.9803408,0.0812007,-0.2304332,-29.76288,-41.93745,3.120487
29.304660797,-0.1557842,-0.3519166,-0.659852100000001,0.9721576,0.07560594,-0.239989,-29.76288,-41.93745,3.120487
29.314658165,0.0903486900000002,-0.411269,-0.598881400000002,0.9735463,0.07953407,-0.2385567,-29.38027,-42.31499,3.125296
29.324656487,0.2134152,-0.4706214,-0.598881400000002,0.9774542,0.07918675,-0.2318634,-29.38027,-42.31499,3.125296
29.334653378,0.0903486900000002,-0.5299737,-0.7817937,0.9769288,0.08106311,-0.2380844,-29.38027,-42.31499,3.125296
29.344650745,0.2134152,-0.411269,-0.5379106,0.9750181,0.07912108,-0.2337734,-29.38027,-42.31499,3.125296
29.354649067,0.2749484,-0.648678499999998,-0.720822899999998,0.9754577,0.08149806,-0.2404749,-29.38027,-42.31499,3.125296
29.364646435,-0.0942510000000003,-0.5299737,-0.659852100000001,0.9705235,0.08482848,-0.2375957,-29.77243,-41.55383,3.505461
29.374643326,-0.2173175,-0.411269,-0.7817937,0.9711105,0.07947718,-0.2395096,-29.77243,-41.55383,3.505461
29.384640694,-0.1557842,-0.767383199999997,-0.903735200000002,0.9730694,0.0790738,-0.2347272,-29.77243,-41.55383,3.505461
29.394639015,-0.0942510000000003,-0.767383199999997,-0.720822899999998,0.9710098,0.08481178,-0.240468,-29.77243,-41.55383,3.505461
29.404635906,0.2134152,-0.708030899999999,-0.903735200000002,0.9745215,0.07958405,-0.2352084,-29.77243,-41.55383,3.505461
29.414633274,0.1518819,-0.648678499999998,-1.025677,0.9734179,0.08631278,-0.2409511,-29.00722,-42.30891,3.515079
29.424630642,0.2134152,-0.826735599999998,-0.903735200000002,0.9734724,0.08338943,-0.2419076,-29.00722,-42.30891,3.515079
29.434628964,0.02881546,-0.767383199999997,-0.720822899999998,0.9764504,0.08055456,-0.2395192,-29.00722,-42.30891,3.515079
29.444625855,0.02881546,-0.826735599999998,-0.8427644,0.9734583,0.08449264,-0.2275506,-29.00722,-42.30891,3.515079
29.454623222,0.2134152,-0.708030899999999,-0.903735200000002,0.9763888,0.08402512,-0.2318628,-29.00722,-42.30891,3.515079
29.464621544,0.2134152,-0.826735599999998,-0.659852100000001,0.9730411,0.08050036,-0.2380775,-29.00891,-42.30564,3.902081
29.474618435,0.1518819,-0.767383199999997,-0.8427644,0.9768547,0.08491409,-0.2419139,-29.00891,-42.30564,3.902081
29.484615803,0.1518819,-0.886087999999999,-0.7817937,0.980073,0.09518684,-0.2414436,-29.00891,-42.30564,3.902081
29.494613171,0.02881546,-1.123497,-0.903735200000002,0.9772781,0.08832844,-0.241437,-29.00891,-42.30564,3.902081
29.504611492,-0.03271778,-1.242202,-0.8427644,0.9670957,0.08573703,-0.2371113,-29.00891,-42.30564,3.902081
29.514608383,-0.2788507,-1.242202,-0.7817937,0.9705685,0.08237772,-0.239988,-29.39152,-41.9281,3.897272
29.524605751,0.0903486900000002,-1.538964,-0.720822899999998,0.9754685,0.08106496,-0.2347319,-29.39152,-41.9281,3.897272
29.534603119,0.1518819,-1.479612,-0.8427644,0.9719959,0.08443305,-0.2308981,-29.39152,-41.9281,3.897272
29.544600964,0.0903486900000002,-1.717021,-0.903735200000002,0.96965,0.07947464,-0.2366356,-29.39152,-41.9281,3.897272
29.554598332,0.1518819,-1.835726,-0.903735200000002,0.9700638,0.08336157,-0.2375945,-29.38983,-41.93137,3.51027
29.564595699,0.3364816,-1.776374,-0.964705900000002,0.9739323,0.08486513,-0.2409517,-29.38983,-41.93137,3.51027
29.574593067,0.3364816,-1.95443,-0.7817937,0.9705143,0.08530986,-0.2380743,-29.38983,-41.93137,3.51027
29.584590912,0.0903486900000002,-2.073135,-0.7817937,0.9792269,0.0883801,-0.2400046,-29.38983,-41.93137,3.51027
29.59458828,-0.0942510000000003,-2.013783,-0.8427644,0.9763481,0.08583649,-0.2462205,-29.38983,-41.93137,3.51027
29.604585648,-0.2173175,-1.835726,-0.7817937,0.9684993,0.0885883,-0.2471646,-29.38196,-42.31173,3.512298
29.614583969,-0.03271778,-1.895078,-0.720822899999998,0.9708613,0.09250495,-0.2490841,-29.38196,-42.31173,3.512298
29.62458086,-0.2788507,-2.073135,-0.5379106,0.974273,0.09263376,-0.24239,-29.38196,-42.31173,3.512298
29.634578228,-0.4019172,-2.132488,-0.598881400000002,0.9713948,0.09010771,-0.2466915,-29.38196,-42.31173,3.512298
29.644575596,-0.4019172,-2.073135,-0.720822899999998,0.9743173,0.09016106,-0.2471752,-29.38196,-42.31173,3.512298
29.65457344,-0.2788507,-1.835726,-0.598881400000002,0.9699315,0.09001739,-0.253389,-29.00105,-42.686,3.904109
29.664570808,-0.5249836,-1.835726,-0.4769399,0.971467,0.08619967,-0.2490835,-29.00105,-42.686,3.904109
29.67956686,-0.4019172,-1.717021,-0.2330568,0.9710057,0.08468449,-0.2543466,-29.00105,-42.686,3.904109
29.684565544,-0.586516899999998,-1.776374,-0.2940276,0.9704844,0.08668812,-0.246689,-29.00105,-42.686,3.904109
29.694563389,-0.586516899999998,-1.657669,-0.4159691,0.9699259,0.09061728,-0.2409461,-29.00105,-42.686,3.904109
29.704560757,-0.955716300000001,-1.835726,-0.2940276,0.9728191,0.09206646,-0.2481302,-28.99766,-42.69254,3.130105
29.714558124,-1.017249,-1.776374,-0.3549984,0.9742914,0.09166662,-0.2419112,-28.99766,-42.69254,3.130105
29.724555969,-1.140316,-2.132488,-0.659852100000001,0.9778031,0.0864389,-0.2366516,-28.99766,-42.69254,3.130105
29.734553337,-0.7711166,-2.19184,-0.7817937,0.9773779,0.0829675,-0.2433501,-28.99766,-42.69254,3.130105
29.744550705,-0.832649800000001,-2.310545,-0.720822899999998,0.9723888,0.08920372,-0.2414287,-28.99766,-42.69254,3.130105
29.754548073,-1.201849,-2.19184,-0.903735200000002,0.9757978,0.08924914,-0.2438275,-29.02464,-41.54493,3.898025
29.764545917,-2.063314,-2.19184,-0.903735200000002,0.9728832,0.08867052,-0.2476509,-29.02464,-41.54493,3.898025
29.774543285,-2.74018,-2.251192,-0.964705900000002,0.9729832,0.08331837,-0.2486068,-29.02464,-41.54493,3.898025
29.784540653,-2.986313,-2.547954,-0.964705900000002,0.9716528,0.07658979,-0.2375955,-29.02464,-41.54493,3.898025
29.794538975,-2.801713,-2.369897,-0.903735200000002,0.964807,0.07794306,-0.2342339,-29.02464,-41.54493,3.898025
29.804535866,-2.986313,-3.022773,-0.964705900000002,0.9696233,0.08095387,-0.2342431,-28.64203,-41.92247,3.902833
29.814533234,-3.109379,-3.082125,-0.964705900000002,0.9700658,0.08342303,-0.2308945,-28.64203,-41.92247,3.902833
29.824530601,-2.74018,-3.43824,-0.964705900000002,0.9647507,0.08080935,-0.2394989,-28.64203,-41.92247,3.902833
29.834528446,-2.494047,-4.031764,-1.025677,0.9623418,0.07928199,-0.2418872,-28.64203,-41.92247,3.902833
29.844525814,-2.001781,-4.269173,-0.964705900000002,0.9627561,0.08318211,-0.2414103,-28.64203,-41.92247,3.902833
29.854523182,-1.263382,-4.565935,-0.903735200000002,0.9685264,0.08712223,-0.2481214,-28.64034,-41.92574,3.515831
29.86452055,-1.324916,-4.684639,-0.903735200000002,0.9673778,0.09629734,-0.2519504,-28.64034,-41.92574,3.515831
29.874518394,-1.940248,-4.743992,-0.903735200000002,0.9722112,0.0983015,-0.255788,-28.64034,-41.92574,3.515831
29.884515762,-2.247914,-4.44723,-0.5379106,0.9751307,0.09826268,-0.2663217,-28.64034,-41.92574,3.515831
29.89451313,-2.617113,-4.091116,-0.3549984,0.9727015,0.09764102,-0.2758889,-28.64034,-41.92574,3.515831
29.904510975,-2.55558,-3.43824,0.01082622,0.9713766,0.09031257,-0.2773204,-28.6482,-41.54539,3.513803
29.914508343,-2.432514,-2.844716,0.0717969800000001,0.9693645,0.09367879,-0.2768391,-28.6482,-41.54539,3.513803
29.924505711,-2.124848,-1.95443,-0.1720861,0.9747018,0.09467278,-0.2859417,-28.6482,-41.54539,3.513803
29.934503078,-1.878715,-1.064145,0.2547093,0.9706602,0.1024075,-0.2816294,-28.6482,-41.54539,3.513803
29.944500923,-2.186381,-0.1145072,0.1937385,0.9745862,0.1010842,-0.2754144,-28.6482,-41.54539,3.513803
29.954498291,-1.878715,0.775778400000001,0.1327677,0.9766428,0.09524971,-0.2802023,-29.00722,-42.30891,3.515079
29.964495659,-2.001781,1.606712,-0.05014454,0.9742445,0.09328488,-0.2773261,-29.00722,-42.30891,3.515079
29.97449398,-1.447982,2.140883,-0.1111153,0.9753464,0.08649907,-0.2778049,-29.00722,-42.30891,3.515079
29.984490871,-0.955716300000001,2.912464,0.01082622,0.9765404,0.07488639,-0.2749325,-29.00722,-42.30891,3.515079
29.994488239,-0.4019172,3.387283,-0.05014454,0.9773995,0.08133026,-0.2629713,-29.00722,-42.30891,3.515079
30.004485607,-0.2788507,3.862102,-0.3549984,0.973879,0.08705252,-0.2672738,-28.63247,-42.3061,3.517859
30.014483452,-0.709583300000001,4.158864,-0.598881400000002,0.9679326,0.09225847,-0.2696577,-28.63247,-42.3061,3.517859
30.02448082,-1.447982,4.158864,-0.659852100000001,0.9704642,0.0875982,-0.2533893,-28.63247,-42.3061,3.517859
30.034478188,-1.878715,4.218216,-0.720822899999998,0.9686602,0.07973926,-0.2586485,-28.63247,-42.3061,3.517859
30.044476509,-2.186381,4.218216,-1.025677,0.9676328,0.08268285,-0.2533831,-28.63247,-42.3061,3.517859
30.0544734,-2.55558,3.980806,-1.208589,0.9676532,0.08177716,-0.2462043,-28.64034,-41.92574,3.515831
30.064470768,-2.370981,3.802749,-1.635384,0.969731,0.07506768,-0.2404632,-28.64034,-41.92574,3.515831
30.074468136,-1.817181,3.446635,-2.001209,0.9687948,0.07315367,-0.2351968,-28.64034,-41.92574,3.515831
30.084465981,-1.694115,2.912464,-2.306063,0.9742261,0.06937782,-0.2347267,-28.64034,-41.92574,3.515831
30.094463348,-1.263382,2.259588,-2.610917,0.9727014,0.07276244,-0.2332892,-28.64034,-41.92574,3.515831
30.104460716,-0.4019172,1.725416,-3.098683,0.9662403,0.07941166,-0.2361511,-29.01339,-41.93183,3.126049
30.114458084,-0.4019172,1.191245,-3.403537,0.9671788,0.0813959,-0.2337603,-29.01339,-41.93183,3.126049
30.124455929,-0.5249836,0.3603118,-3.525478,0.9666303,0.08486561,-0.2251459,-29.01339,-41.93183,3.126049
30.134453297,-1.078783,-0.589326100000003,-4.013244,0.969498,0.08782914,-0.2261088,-29.01339,-41.93183,3.126049
30.144450665,-1.694115,-1.004793,-4.135185,0.9636242,0.08913583,-0.2299276,-29.38027,-42.31499,3.125296
30.154448986,-2.247914,-1.895078,-4.561981,0.9666369,0.08430085,-0.2337601,-29.38027,-42.31499,3.125296
30.164445877,-2.678647,-2.369897,-4.805864,0.9753571,0.08683265,-0.2414332,-29.38027,-42.31499,3.125296
30.174443245,-2.863246,-2.666659,-5.049747,0.9748224,0.08919039,-0.2481329,-29.38027,-42.31499,3.125296
30.184440613,-3.109379,-2.963421,-5.171688,0.9752248,0.09349285,-0.2567492,-29.38027,-42.31499,3.125296
30.194438458,-3.786245,-2.726011,-5.232659,0.9765417,0.1013422,-0.2514891,-28.62292,-42.68972,3.132885
30.204435825,-4.093911,-2.488602,-5.232659,0.9780548,0.09836432,-0.2615411,-28.62292,-42.68972,3.132885
30.214433193,-5.078443,-2.42925,-5.171688,0.974957,0.107479,-0.2677595,-28.62292,-42.68972,3.132885
30.224431515,-6.001441,-1.95443,-4.988776,0.9703987,0.1165911,-0.2711039,-28.62292,-42.68972,3.132885
30.234428406,-7.17057299999998,-1.835726,-4.683922,0.9680212,0.1137338,-0.2596132,-28.62292,-42.68972,3.132885
30.244425774,-7.724371,-1.717021,-4.683922,0.9670754,0.112288,-0.2562612,-28.98783,-43.07671,2.680631
30.254423142,-7.84743800000001,-1.717021,-4.805864,0.9636506,0.1132931,-0.2452482,-28.98783,-43.07671,2.680631
30.264420986,-7.60130500000002,-1.717021,-4.683922,0.9608749,0.1054939,-0.2418914,-28.98783,-43.07671,2.680631
30.274418354,-7.29363900000002,-2.310545,-4.805864,0.9653754,0.09919974,-0.2490762,-28.98783,-43.07671,2.680631
30.284415722,-6.49370699999998,-2.251192,-4.988776,0.962924,0.1001978,-0.2409364,-28.98783,-43.07671,2.680631
30.294414043,-5.509175,-2.42925,-5.049747,0.9648815,0.0997505,-0.2409397,-28.9898,-43.0729,3.132133
30.304410935,-5.139976,-2.785364,-5.110718,0.9676777,0.1066484,-0.2366392,-28.9898,-43.0729,3.132133
30.314408302,-3.786245,-2.904068,-5.3546,0.9637989,0.1055955,-0.2371107,-28.9898,-43.0729,3.132133
30.32440567,-2.063314,-2.726011,-5.537513,0.9633242,0.10443,-0.2572098,-28.9898,-43.0729,3.132133
30.334403515,-0.586516899999998,-2.963421,-5.78139599999999,0.9626367,0.1151159,-0.2562542,-28.9898,-43.0729,3.132133
30.344400883,0.2134152,-2.666659,-5.964308,0.9669751,0.1176313,-0.2562624,-28.23834,-43.07108,2.686192
30.354398251,1.197947,-2.726011,-6.14722099999998,0.9714794,0.1114601,-0.2500472,-28.23834,-43.07108,2.686192
30.364396572,2.551678,-2.607306,-6.513045,0.9695638,0.1093644,-0.2624862,-28.23834,-43.07108,2.686192
30.374393463,3.659276,-2.251192,-6.513045,0.9621504,0.1151326,-0.2533819,-28.23834,-43.07108,2.686192
30.384390831,4.705341,-2.132488,-6.81789900000001,0.9640433,0.1180594,-0.2562574,-28.23834,-43.07108,2.686192
30.394388199,5.382206,-2.310545,-6.87886999999998,0.9606422,0.1174931,-0.2576871,-27.48886,-43.06546,2.691753
30.40438652,5.505273,-2.42925,-7.00081100000001,0.9644302,0.1234167,-0.2557809,-27.48886,-43.06546,2.691753
30.414383412,4.705341,-2.726011,-6.81789900000001,0.9595595,0.1233337,-0.2543367,-27.48886,-43.06546,2.691753
30.424380779,3.966942,-2.963421,-6.81789900000001,0.956105,0.1257258,-0.2509812,-27.48886,-43.06546,2.691753
30.434379101,3.290077,-3.556944,-6.695957,0.9580621,0.125261,-0.2528988,-27.48886,-43.06546,2.691753
30.444375992,2.305545,-4.387877,-6.513045,0.9683398,0.1231221,-0.2433446,-27.49253,-43.05837,3.530257
30.45437336,1.505613,-5.278163,-6.45207400000002,0.9610267,0.1235469,-0.234239,-27.49253,-43.05837,3.530257
30.464370728,0.8287475,-6.10909600000003,-6.57401600000003,0.9639665,0.122598,-0.2380725,-27.49253,-43.05837,3.530257
30.474369049,0.4595481,-7.05873399999998,-6.45207400000002,0.9604397,0.1288982,-0.2323251,-27.49253,-43.05837,3.530257
30.48436594,0.0903486900000002,-8.48319099999998,-6.695957,0.9663321,0.1266288,-0.227549,-27.49253,-43.05837,3.530257
30.494363308,0.0903486900000002,-9.43282899999999,-6.57401600000003,0.9732959,0.1189386,-0.2333021,-27.49083,-43.06164,3.143255
30.50436163,0.4595481,-9.96700000000001,-6.513045,0.9664965,0.1171184,-0.2581757,-27.49083,-43.06164,3.143255
30.514358521,-0.2173175,-10.73858,-6.26916200000001,0.9639027,0.1252317,-0.268702,-27.49083,-43.06164,3.143255
30.524355888,-1.324916,-11.51016,-6.14722099999998,0.9612942,0.1344262,-0.2672641,-27.49083,-43.06164,3.143255
30.534353256,-2.55558,-12.10369,-6.08625000000001,0.9627228,0.1365122,-0.2548241,-27.49083,-43.06164,3.143255
30.544351578,-2.678647,-12.81591,-6.20819099999998,0.9599388,0.1292251,-0.2485959,-26.74304,-43.05275,3.535819
30.554348469,-2.617113,-14.53713,-7.00081100000001,0.974228,0.1207254,-0.2524472,-26.74304,-43.05275,3.535819
30.564345837,-0.894183000000003,-15.96159,-7.366636,0.9810711,0.1200554,-0.2342731,-26.74304,-43.05275,3.535819
30.574344158,-0.4019172,-17.92022,-8.15925599999997,0.9754843,0.132076,-0.2361807,-26.74304,-43.05275,3.535819
30.584341526,-1.447982,-19.9382,-9.56158399999997,0.9846089,0.1133309,-0.2333204,-26.74304,-43.05275,3.535819
30.594338417,-0.0942510000000003,-21.48136,-9.13478800000001,0.9723527,0.09115993,-0.2399934,-27.10206,-43.81627,3.537094
30.604335785,2.367078,-22.90582,-8.28119799999998,0.9666348,0.1098759,-0.2533883,-27.10206,-43.81627,3.537094
30.614334106,2.490145,-24.44898,-7.79343099999999,0.9642861,0.1568956,-0.2610536,-27.10206,-43.81627,3.537094
30.624330997,-0.03271778,-25.87344,-7.366636,0.9648843,0.1767696,-0.2677598,-27.10206,-43.81627,3.537094
30.634328365,-3.540112,-26.52631,-6.513045,0.9687172,0.1794671,-0.2998318,-27.10206,-43.81627,3.537094
30.644326687,-6.80137299999998,-26.40761,-5.232659,0.9654847,0.1695265,-0.3170523,-26.36382,-43.42376,4.314631
30.654324055,-9.44730199999998,-25.93279,-4.135185,0.9519315,0.1642282,-0.3356918,-26.36382,-43.42376,4.314631
30.664320946,-13.20083,-25.45797,-2.184121,0.9238136,0.1298883,-0.3633913,-26.36382,-43.42376,4.314631
30.674318314,-16.52362,-24.38963,1.047329,0.9210817,0.06754612,-0.3729421,-26.36382,-43.42376,4.314631
30.684316635,-19.04649,-22.5497,5.80304899999998,0.9140414,0.02695544,-0.3858409,-26.36382,-43.42376,4.314631
30.694313526,-21.56935,-19.76014,10.86362,0.9057735,0.02565352,-0.404012,-26.34221,-44.56101,4.772217
30.704310894,-25.32288,-16.91123,14.82672,0.8950061,0.07975658,-0.4159716,-26.34221,-44.56101,4.772217
30.714309215,-31.16853,-14.71519,16.71681,0.8957785,0.142489,-0.4126391,-26.34221,-44.56101,4.772217
30.724306583,-36.76806,-11.92563,17.63138,0.8937249,0.174061,-0.4097722,-26.34221,-44.56101,4.772217
30.734303474,-39.41399,-8.83930499999998,17.75332,0.892615,0.2070085,-0.4179145,-26.3481,-44.18447,4.318687
30.744300842,-39.35246,-5.81233500000002,16.10711,0.8940781,0.2591472,-0.4054875,-26.3481,-44.18447,4.318687
30.754299164,-36.89112,-3.20083,12.44886,0.8997627,0.2945368,-0.3739205,-26.3481,-44.18447,4.318687
30.764296532,-29.56867,-0.1145072,7.754113,0.9105484,0.3171602,-0.3677236,-26.3481,-44.18447,4.318687
30.774293423,-20.40022,2.437645,2.327715,0.9029403,0.307392,-0.3567006,-26.3481,-44.18447,4.318687
30.784291744,-9.63190200000001,4.693035,-1.330531,0.9238264,0.2592807,-0.3490674,-26.72114,-44.19055,3.928905
30.794289112,3.659276,7.12648200000003,-4.927805,0.9038273,0.2603346,-0.34999,-26.72114,-44.19055,3.928905
30.804286003,9.68953300000002,6.82971999999999,-6.02527899999998,0.9211367,0.168759,-0.3581324,-26.72114,-44.19055,3.928905
30.814284325,16.02746,8.13547199999999,-3.830332,0.9493999,0.09118611,-0.3466758,-26.72114,-44.19055,3.928905
30.824281692,20.21172,9.20381500000001,-1.26956,0.9436458,0.1126249,-0.3280069,-26.72114,-44.19055,3.928905
30.83427906,17.56579,8.84769999999998,0.31568,0.9461675,0.1604856,-0.3074448,-26.73518,-43.43311,3.537847
30.844275951,9.935666,7.60130100000003,1.657037,0.9523421,0.1952016,-0.2974144,-26.73518,-43.43311,3.537847
30.854274273,0.951813900000003,6.117492,2.205774,0.9548436,0.1919152,-0.2902393,-26.73518,-43.43311,3.537847
30.864271641,-7.04750599999997,4.158864,2.998394,0.9631532,0.1650202,-0.2734967,-26.73518,-43.43311,3.537847
30.874268532,-11.53943,2.31894,3.181306,0.969049,0.1364442,-0.2758925,-26.73518,-43.43311,3.537847
30.884266853,-13.20083,0.004197581,2.69354,0.9710311,0.1088066,-0.2734959,-26.71776,-44.19709,3.154901
30.894264221,-11.97016,-2.013783,2.083832,0.9855259,0.08977375,-0.2605947,-26.71776,-44.19709,3.154901
30.904261589,-8.093571,-4.20982,1.352183,0.9826069,0.08983013,-0.2481467,-26.71776,-44.19709,3.154901
30.91425848,-4.278511,-6.16844799999999,0.1937385,0.9670636,0.1126903,-0.2653542,-26.71776,-44.19709,3.154901
30.924256802,-2.247914,-8.12707699999999,-0.8427644,0.9665301,0.1407284,-0.2801964,-26.71776,-44.19709,3.154901
30.934254169,-1.940248,-9.96700000000001,-1.452472,0.9733781,0.1650818,-0.2888289,-26.72562,-43.81673,3.152873
30.944251537,-3.478579,-11.51016,-1.635384,0.9591125,0.1720102,-0.2974202,-26.72562,-43.81673,3.152873
30.954249382,-6.49370699999998,-13.17203,-1.330531,0.9699088,0.1677842,-0.3046166,-26.72562,-43.81673,3.152873
30.96424675,-8.89350299999999,-15.19001,-1.086647,0.9929274,0.162106,-0.2845551,-26.72562,-43.81673,3.152873
30.974244118,-11.04717,-17.80151,-0.903735200000002,1.012966,0.159188,-0.2750177,-26.72562,-43.81673,3.152873
30.984241009,-13.3239,-20.59108,-0.8427644,1.051664,0.1489996,-0.2506752,-26.34302,-44.19427,3.157681
30.99423933,-15.35449,-22.72776,0.2547093,1.077196,0.1652735,-0.2267951,-26.34302,-44.19427,3.157681
31.004236698,-20.15409,-24.80509,1.778978,1.124079,0.161508,-0.155568,-26.34302,-44.19427,3.157681
31.014234066,-25.38441,-25.0425,5.620136,1.148874,0.1146178,-0.07615555,-26.34302,-44.19427,3.157681
31.024231911,-26.55354,-26.22955,9.15644099999999,1.131233,0.09305356,-0.1110553,-26.34302,-44.19427,3.157681
31.034229279,-27.66114,-33.29248,10.80265,1.094087,0.04558499,-0.1731932,-26.71945,-44.19382,3.541903
31.044226646,-29.93787,-38.8716,14.58284,1.145916,-0.01632753,-0.2005464,-26.71945,-44.19382,3.541903
31.054223537,-30.98393,-42.37339,20.00924,1.140201,-0.02390939,-0.2201561,-26.71945,-44.19382,3.541903
31.066720963,-36.76806,-43.50109,26.22825,1.082557,0.06136599,-0.2291706,-26.71945,-44.19382,3.541903
31.07671833,-48.45937,-41.54246,32.14242,1.072358,0.1126094,-0.1832227,-26.71945,-44.19382,3.541903
31.084216595,-61.8120800000002,-35.54787,37.93464,1.106754,0.1266877,-0.04689209,-26.3683,-43.04994,3.538599
31.094214439,-81.8103899999998,-21.06589,48.48258,1.112208,0.1266808,0.1526646,-26.3683,-43.04994,3.538599
31.104211807,-95.5323000000001,-1.776374,58.1159599999998,1.060625,0.1513614,0.2527706,-26.3683,-43.04994,3.538599
31.114209175,-102.3625,14.78294,64.8837200000003,1.036743,0.1504597,0.205912,-26.3683,-43.04994,3.538599
31.126706123,-114.5461,42.26308,71.0417600000002,1.252142,0.102605,0.405115,-26.3683,-43.04994,3.538599
31.134204388,-115.7152,58.1695199999999,74.8219499999999,1.251911,0.06336197,0.4185257,-27.11242,-43.06591,2.307532
31.144201756,-107.5313,78.7054400000002,76.8949600000001,1.180516,0.02282951,0.3387384,-27.11242,-43.06591,2.307532
31.154199123,-99.7780799999998,96.98596,76.95593,1.199762,0.03425825,0.2717012,-27.11242,-43.06591,2.307532
31.166696072,-90.9788400000001,118.5902,78.2363099999997,1.291734,0.01451407,0.2519244,-27.11242,-43.06591,2.307532
31.17669344,-82.7333800000002,134.6154,80.0654400000001,1.310504,0.02631066,0.2260455,-28.63124,-41.21297,-2.164251
31.186690807,-75.3494000000003,148.2071,79.9435000000002,1.314924,0.0749605,0.1695533,-28.63124,-41.21297,-2.164251
31.196688652,-71.4112699999999,159.306,79.21185,1.324935,0.1373578,0.1163978,-28.63124,-41.21297,-2.164251
31.20668602,-71.4112699999999,167.4966,77.87049,1.34212,0.1816549,0.0876419,-28.63124,-41.21297,-2.164251
31.216683388,-71.9035300000001,173.4912,76.4681600000002,1.357246,0.1796897,0.05267999,-28.63124,-41.21297,-2.164251
31.226681233,-69.0730100000001,178.6548,74.2122400000002,1.359652,0.1546911,0.02396766,-29.77729,-39.35341,-6.181753
31.2366786,-64.3964800000001,181.6818,71.1027399999998,1.350138,0.1672375,-0.01813368,-29.77729,-39.35341,-6.181753
31.246675968,-60.1506900000001,182.6314,67.38352,1.35749,0.1649575,-0.01766733,-29.77729,-39.35341,-6.181753
31.256673336,-56.15103,181.1476,63.9691600000002,1.366062,0.149546,-0.02102834,-29.77729,-39.35341,-6.181753
31.266671181,-48.95164,179.2484,60.5547900000002,1.344984,0.1301339,-0.02577235,-29.77729,-39.35341,-6.181753
31.276668549,-41.32152,176.5181,56.83558,1.294582,0.141256,-0.02903739,-30.52134,-38.63919,-11.02889
31.286665917,-35.16819,172.8976,52.32374,1.277712,0.1831338,-0.0361974,-30.52134,-38.63919,-11.02889
31.296663761,-32.82993,168.1495,47.75093,1.253345,0.2094537,-0.02802591,-30.52134,-38.63919,-11.02889
31.306661129,-33.876,161.2646,43.30006,1.231466,0.2336519,0.008377783,-30.52134,-38.63919,-11.02889
31.316658497,-35.41433,155.8635,39.39794,1.214388,0.2347153,0.002185791,-30.52134,-38.63919,-11.02889
31.326656818,-38.79866,151.1747,36.16648,1.152373,0.2425967,0.04153511,-30.55074,-36.39138,-15.10458
31.336653709,-43.22905,144.9427,33.11795,1.135038,0.2315679,0.04204674,-30.55074,-36.39138,-15.10458
31.346651077,-46.79797,139.8977,31.16688,1.092774,0.198652,0.04117174,-30.55074,-36.39138,-15.10458
31.356648445,-49.50544,134.556,29.52067,1.080643,0.1711479,0.08857901,-30.55074,-36.39138,-15.10458
31.36664629,-49.93617,130.1046,27.75252,1.063951,0.1518795,0.0900488,-30.55074,-36.39138,-15.10458
31.376643658,-49.8131,126.2467,25.25272,1.04165,0.1462866,0.1111465,-30.19334,-34.89438,-18.33493
31.386641026,-49.69004,121.7359,22.93583,1.008485,0.1217544,0.104032,-30.19334,-34.89438,-18.33493
31.396639347,-48.76704,117.3438,21.77739,0.9891372,0.08843779,0.1160387,-30.19334,-34.89438,-18.33493
31.406636238,-47.16718,113.0111,20.43603,0.9793376,0.06542685,0.1184545,-30.19334,-34.89438,-18.33493
31.416633606,-43.59825,108.7971,18.18011,0.9573959,0.04021033,0.1184993,-30.19334,-34.89438,-18.33493
31.426631928,-39.72165,104.1676,16.47293,0.9337631,0.0270563,0.112801,-29.45951,-33.39784,-21.9495
31.436629295,-35.84506,100.1316,14.4609,0.9141678,0.006035898,0.08843315,-29.45951,-33.39784,-21.9495
31.446626186,-31.53773,95.7989200000002,12.50983,0.8904015,0.0002736278,0.09421898,-29.45951,-33.39784,-21.9495
31.456623554,-28.21494,91.1100800000003,10.80265,0.8876062,-0.006597941,0.0927899,-29.45951,-33.39784,-21.9495
31.466621876,-24.89214,86.5993000000003,9.217411,0.8617609,-0.005685832,0.08900612,-29.45951,-33.39784,-21.9495
31.476618767,-22.67695,80.54536,6.90052199999999,0.8355737,-0.01258186,0.08235348,-29.1232,-31.12978,-23.95839
31.486616135,-19.66182,75.14429,5.315282,0.8282127,-0.03621918,0.06418651,-29.1232,-31.12978,-23.95839
31.496614456,-17.26202,69.6245199999999,3.791013,0.8009458,-0.03718242,0.07093435,-29.1232,-31.12978,-23.95839
31.506611824,-16.21596,63.7486400000001,2.266744,0.8107092,-0.03786491,0.08144618,-29.1232,-31.12978,-23.95839
31.516608715,-15.84676,58.4069299999999,1.047329,0.7933283,-0.0464737,0.08100012,-29.1232,-31.12978,-23.95839
31.526607037,-15.72369,53.24327,0.1327677,0.7832221,-0.05285024,0.09633382,-28.37871,-30.38415,-26.4079
31.536604405,-16.15442,48.25768,-0.7817937,0.7898127,-0.06623866,0.1058973,-28.37871,-30.38415,-26.4079
31.546601296,-15.47756,43.68754,-1.208589,0.78075,-0.07660055,0.1083086,-28.37871,-30.38415,-26.4079
31.556598663,-15.35449,39.71093,-1.635384,0.7682289,-0.08392213,0.1317826,-28.37871,-30.38415,-26.4079
31.566596985,-15.10836,36.03109,-1.940238,0.766888,-0.09020884,0.138008,-28.37871,-30.38415,-26.4079
31.576594353,-14.67763,31.75772,-2.488975,0.7588714,-0.1044727,0.1365899,-27.27102,-29.24826,-28.01815
31.586591244,-13.81616,28.67139,-2.976741,0.7476669,-0.1039537,0.1643668,-27.27102,-29.24826,-28.01815
31.596589565,-13.75463,24.69478,-3.525478,0.7547155,-0.1159323,0.1677076,-27.27102,-29.24826,-28.01815
31.606586933,-12.83163,21.48975,-3.830332,0.7573096,-0.1240324,0.1796695,-27.27102,-29.24826,-28.01815
31.616584301,-12.70856,18.16602,-3.891303,0.7635936,-0.1207952,0.2011937,-27.27102,-29.24826,-28.01815
31.626582146,-13.44696,15.13905,-3.952273,0.761263,-0.1260418,0.2169921,-26.90862,-28.49128,-28.79343
31.636579513,-13.93923,12.11208,-3.70839,0.7534741,-0.1260466,0.2332773,-26.90862,-28.49128,-28.79343
31.646576881,-15.10836,9.26316700000002,-3.70839,0.7507188,-0.1347515,0.243813,-26.90862,-28.49128,-28.79343
31.656573772,-14.86223,6.35490099999999,-3.647419,0.751429,-0.1462684,0.258172,-26.90862,-28.49128,-28.79343
31.666572094,-14.06229,3.624692,-3.952273,0.7437459,-0.1522164,0.2620156,-26.90862,-28.49128,-28.79343
31.676569462,-12.5855,1.131893,-4.135185,0.7434181,-0.1603523,0.2763755,-26.14591,-28.87636,-30.01135
31.68656683,-11.41637,-0.886087999999999,-3.952273,0.742892,-0.1577268,0.2988688,-26.14591,-28.87636,-30.01135
31.696564674,-9.878035,-3.141478,-3.769361,0.7330784,-0.1539849,0.3041493,-26.14591,-28.87636,-30.01135
31.706562042,-9.07810300000001,-5.159458,-3.952273,0.7320375,-0.1499206,0.325686,-26.14591,-28.87636,-30.01135
31.71655941,-7.97050500000002,-6.70261999999998,-4.196156,0.7364718,-0.1521135,0.3419504,-26.14591,-28.87636,-30.01135
31.726557255,-6.61677399999998,-8.00837199999998,-4.196156,0.7365021,-0.153483,0.3515222,-26.53808,-28.1152,-29.63118
31.736554623,-5.93990799999998,-9.551534,-4.50101,0.750971,-0.1453695,0.3572378,-26.53808,-28.1152,-29.63118
31.74655199,-6.18604100000003,-11.51016,-4.805864,0.7772136,-0.1413661,0.366284,-26.53808,-28.1152,-29.63118
31.756549358,-7.17057299999998,-12.87527,-4.866835,0.7844123,-0.1353443,0.3715342,-26.53808,-28.1152,-29.63118
31.766547203,-8.52430299999999,-14.47778,-4.622952,0.7815006,-0.1358308,0.3777609,-26.53808,-28.1152,-29.63118
31.776544571,-9.44730199999998,-15.36807,-4.318098,0.7795633,-0.1362892,0.3849431,-26.53808,-28.1152,-29.63118
31.786541939,-10.49337,-16.199,-3.952273,0.7760394,-0.1299056,0.3997834,-26.53808,-28.1152,-29.63118
31.796539783,-11.04717,-17.14864,-4.013244,0.7810293,-0.1361155,0.4007334,-26.53808,-28.1152,-29.63118
31.806537151,-10.43183,-18.51374,-4.257127,0.7802551,-0.1468434,0.3983447,-26.53808,-28.1152,-29.63118
31.816534519,-8.89350299999999,-20.0569,-4.683922,0.7778546,-0.1488828,0.3930851,-26.91282,-28.11801,-29.63396
31.826532364,-6.61677399999998,-21.12525,-5.415571,0.7736669,-0.1333804,0.396917,-26.91282,-28.11801,-29.63396
31.836529732,-5.386109,-22.07488,-5.964308,0.7836994,-0.1223642,0.4107754,-26.91282,-28.11801,-29.63396
31.8465271,-4.524643,-22.84646,-6.45207400000002,0.800061,-0.1113327,0.4126583,-26.91282,-28.11801,-29.63396
31.856524944,-3.970845,-23.73675,-7.18372300000002,0.7989197,-0.102696,0.4030865,-26.91282,-28.11801,-29.63396
31.866522312,-3.847778,-25.22056,-7.91537200000002,0.7974234,-0.1007336,0.408353,-27.67383,-27.73619,-28.80305
31.87651968,-3.109379,-26.64502,-8.46410900000001,0.8043949,-0.1089533,0.3978143,-27.67383,-27.73619,-28.80305
31.886517048,-2.247914,-28.01012,-9.25672899999999,0.8083792,-0.08744058,0.4035447,-27.67383,-27.73619,-28.80305
31.896514893,-2.494047,-29.55328,-10.53712,0.8162839,-0.06742221,0.3968257,-27.67383,-27.73619,-28.80305
31.90651226,-2.92478,-31.63061,-11.69556,0.8123867,-0.06751237,0.3953968,-27.67383,-27.73619,-28.80305
31.916509628,-2.74018,-33.05507,-12.79303,0.830327,-0.06280199,0.39345,-27.64407,-29.25435,-28.40793
31.926507473,-2.186381,-33.94535,-14.13439,0.84088,-0.05382023,0.3963008,-27.64407,-29.25435,-28.40793
31.936504841,-1.571049,-35.54787,-15.29283,0.8413954,-0.05524155,0.3991717,-27.64407,-29.25435,-28.40793
31.946502209,-1.017249,-37.56585,-16.69516,0.860046,-0.06204376,0.4120624,-27.64407,-29.25435,-28.40793
31.956500053,0.2749484,-39.16837,-18.7072,0.8781841,-0.06734125,0.4311753,-27.64407,-29.25435,-28.40793
31.966497421,2.736278,-40.41476,-19.92661,0.8844701,-0.09045453,0.4407417,-28.39892,-29.24962,-27.18799
31.976494789,5.320673,-40.53347,-21.207,0.8943572,-0.0724241,0.4249268,-28.39892,-29.24962,-27.18799
31.986492157,5.197607,-37.80326,-21.63379,0.8956202,-0.06163386,0.4330577,-28.39892,-29.24962,-27.18799
31.996490002,4.520741,-38.39678,-22.6703,0.839165,-0.01454987,0.3900721,-28.39892,-29.24962,-27.18799
32.00648737,0.4595481,-39.93995,-23.52389,0.8788318,0.002284008,0.4445563,-28.39892,-29.24962,-27.18799
32.016484737,-5.01691,-39.88059,-22.12156,0.8599504,-0.05732221,0.3972256,-28.38041,-30.38088,-26.0209
32.026482582,-5.447642,-42.55145,-21.51185,0.8441931,-0.1011236,0.3709426,-28.38041,-30.38088,-26.0209
32.03647995,-5.263042,-43.08562,-21.51185,0.8929484,-0.1267239,0.4416935,-28.38041,-30.38088,-26.0209
32.046477318,-2.92478,-42.13598,-21.38991,0.9348779,-0.1534274,0.4598131,-28.38041,-30.38088,-26.0209
32.056475163,-0.2788507,-40.88958,-21.45088,0.9355342,-0.162779,0.4454571,-28.38041,-30.38088,-26.0209
32.06647253,1.751746,-42.13598,-21.87768,0.9046394,-0.1272552,0.4115229,-28.35012,-32.26523,-23.94675
32.076469898,0.767214200000001,-41.12699,-21.93865,0.9380612,-0.1155225,0.4530978,-28.35012,-32.26523,-23.94675
32.086467743,-0.4634504,-41.66116,-21.14603,0.9194143,-0.1101439,0.390914,-28.35012,-32.26523,-23.94675
32.096465111,-1.694115,-44.68813,-21.32894,0.887173,-0.08107801,0.3445408,-28.35012,-32.26523,-23.94675
32.106462479,-5.509175,-44.56943,-20.47535,0.9334239,-0.07706779,0.4172027,-28.35012,-32.26523,-23.94675
32.116459847,-8.15510499999999,-43.26368,-19.37788,0.9683608,-0.09467226,0.4358108,-28.34734,-32.63578,-22.78372
32.126457691,-10.30877,-43.20433,-18.76817,0.9366653,-0.1204456,0.3961509,-28.34734,-32.63578,-22.78372
32.136455059,-12.09323,-45.81583,-16.2074,0.9051542,-0.1815223,0.3746856,-28.34734,-32.63578,-22.78372
32.146452427,-10.86257,-46.35,-13.52468,0.9558588,-0.2342451,0.3980611,-28.34734,-32.63578,-22.78372
32.156450272,-4.64771,-45.69712,-13.82954,0.9644835,-0.2269829,0.3765082,-28.34734,-32.63578,-22.78372
32.16644764,-1.571049,-48.48669,-13.82954,0.9215323,-0.2010111,0.2277393,-27.96392,-33.38005,-21.16437
32.176445007,-2.370981,-51.92912,-13.58565,0.9443614,-0.1451364,0.2305565,-27.96392,-33.38005,-21.16437
32.186442852,-50.98223,-11.80692,-5.232659,1.648599,-0.1827914,2.078557,-27.96392,-33.38005,-21.16437
32.19644022,-66.7962699999999,21.25234,20.19215,2.056202,-0.7873588,2.253639,-27.96392,-33.38005,-21.16437
32.206437588,-24.21528,7.95741500000002,19.94827,1.005659,-0.5722701,0.5765701,-27.96392,-33.38005,-21.16437
32.216435432,-20.95402,-29.07846,2.876452,0.5811777,-0.06280492,0.08233131,-27.94231,-34.51731,-20.70678
32.2264328,-45.13658,-49.55503,0.2547093,0.7882544,-0.007219546,0.1862856,-27.94231,-34.51731,-20.70678
32.236430168,-53.6897,-48.8428,5.681107,1.005845,-0.2274948,0.2314277,-27.94231,-34.51731,-20.70678
32.246428013,-29.4456,-49.55503,3.425189,1.019345,-0.2464386,0.2031731,-27.94231,-34.51731,-20.70678
32.256425381,-8.64737,-52.10718,2.75451,0.9667297,-0.1676907,0.2664165,-27.94231,-34.51731,-20.70678
32.266422749,9.38186599999998,-53.8284,2.144803,1.035853,-0.2952101,0.2012426,-29.06654,-34.52575,-20.71513
32.276420116,38.85628,-52.34459,-5.232659,1.055875,-0.2209392,0.1495023,-29.06654,-34.52575,-20.71513
32.286417961,55.90099,-51.39495,-12.42721,0.9751611,0.001264896,0.07253505,-29.06654,-34.52575,-20.71513
32.296415329,51.34753,-53.76905,-12.54915,0.9516708,0.08511432,0.09935467,-29.06654,-34.52575,-20.71513
32.306412697,41.07148,-55.37156,-11.02488,0.9687236,0.1127658,0.163447,-29.81074,-35.27192,-18.33012
32.316411018,32.14916,-55.49026,-9.98837900000002,0.9507072,0.1903184,0.1806872,-29.81074,-35.27192,-18.33012
32.326407909,17.56579,-56.85537,-8.76896300000003,0.9518713,0.2842027,0.1887968,-29.81074,-35.27192,-18.33012
32.336405277,-2.863246,-58.9920499999999,-6.75692799999998,1.005841,0.3170702,0.2121445,-29.81074,-35.27192,-18.33012
32.346403599,-20.64635,-61.48486,-5.3546,0.9990378,0.2381913,0.2097837,-29.81074,-35.27192,-18.33012
32.35640049,-31.8454,-64.5118299999998,-2.671887,0.9914752,0.04339764,0.180654,-30.92209,-36.40073,-15.88137
32.366397858,-31.8454,-67.8355599999997,-1.086647,1.026042,-0.188817,0.1662962,-30.92209,-36.40073,-15.88137
32.376396179,-19.47722,-70.32836,-0.3549984,1.058905,-0.3837278,0.09019551,-30.92209,-36.40073,-15.88137
32.386393547,1.628679,-72.5837499999998,-0.903735200000002,1.06958,-0.4873611,0.0002312791,-30.92209,-36.40073,-15.88137
32.396390438,23.59604,-75.49202,-3.769361,1.092445,-0.4598721,-0.0189587,-30.92209,-36.40073,-15.88137
32.406387806,44.64041,-76.1448900000003,-7.54954800000001,1.117969,-0.3925667,-0.04725651,-31.99092,-36.39508,-14.27674
32.416386128,62.1773799999999,-76.3229500000002,-11.51265,1.046913,-0.2684362,-0.08257923,-31.99092,-36.39508,-14.27674
32.426383019,71.7765599999999,-75.1359000000001,-12.30527,0.9780554,-0.1036827,-0.03799405,-31.99092,-36.39508,-14.27674
32.436380386,70.6689599999999,-74.4236799999998,-11.14682,0.9739643,0.01047663,-0.03323055,-31.99092,-36.39508,-14.27674
32.446378708,62.97731,-73.5333899999998,-7.61051899999998,0.9664355,0.1260083,-0.03037572,-31.99092,-36.39508,-14.27674
32.456376076,45.31727,-74.12691,-2.732858,0.9766291,0.2066532,-0.001699689,-32.73628,-37.50417,-9.825691
32.466372967,21.81158,-76.2636000000001,2.937423,1.043094,0.09215438,-0.01901481,-32.73628,-37.50417,-9.825691
32.476371288,7.96660199999998,-78.0441699999998,7.32731800000001,1.049663,-0.1814291,-0.08595646,-32.73628,-37.50417,-9.825691
32.486368656,8.27426799999999,-78.9938000000002,11.29042,1.003855,-0.3383706,-0.1442225,-32.73628,-37.50417,-9.825691
32.496366024,17.81192,-76.6790599999998,10.86362,0.9778388,-0.275313,-0.1006429,-32.73628,-37.50417,-9.825691
32.506363869,21.75005,-75.1359000000001,9.58323599999998,0.9447756,-0.1769097,-0.1618684,-34.24657,-37.85873,-5.448765
32.516361237,13.62766,-75.49202,9.70517700000002,0.9778527,-0.06972969,-0.1504678,-34.24657,-37.85873,-5.448765
32.526358605,6.98206999999997,-75.7294199999998,8.05896700000001,1.036564,0.04689574,-0.171179,-34.24657,-37.85873,-5.448765
32.536356449,-0.0942510000000003,-75.1359000000001,5.010429,1.077594,0.1709864,-0.187554,-34.24657,-37.85873,-5.448765
32.546353817,-10.9241,-74.2456199999999,6.83955100000002,1.105891,0.06496196,-0.2052834,-34.24657,-37.85873,-5.448765
32.556351185,-12.5855,-72.2869900000002,7.69314200000002,1.052517,0.0006034493,-0.219531,-34.61631,-38.60155,-2.996478
32.566348553,-9.38576900000002,-67.7168600000002,5.437224,1.023269,-0.05115617,-0.2366954,-34.61631,-38.60155,-2.996478
32.576346398,-4.155444,-62.7906100000002,3.48616,1.023389,-0.08459698,-0.2802375,-34.61631,-38.60155,-2.996478
32.586343765,-1.447982,-58.3391800000003,1.657037,1.042603,-0.07030491,-0.2998963,-34.61631,-38.60155,-2.996478
32.596341133,1.874812,-52.7007,-0.2940276,1.047003,-0.07128198,-0.3099538,-34.61631,-38.60155,-2.996478
32.606338978,2.428612,-47.89316,-1.513443,1.032084,-0.05490559,-0.2936604,-35.74678,-38.9631,0.2222233
32.616336346,0.4595481,-44.74749,-0.4159691,1.003834,-0.02897285,-0.266339,-35.74678,-38.9631,0.2222233
32.626333713,-0.894183000000003,-42.4921,0.0717969800000001,0.9874169,-0.01070422,-0.2524364,-35.74678,-38.9631,0.2222233
32.636331558,-0.7711166,-41.12699,0.2547093,0.9784019,-0.02265803,-0.2117386,-35.74678,-38.9631,0.2222233
32.646328926,1.936346,-40.59282,0.1937385,0.9802809,-0.06990981,-0.1753579,-35.74678,-38.9631,0.2222233
32.656326294,7.78200200000001,-40.41476,-1.391501,0.9754021,-0.1207625,-0.1461432,-36.89629,-37.82721,0.5948
32.666324139,9.50493299999999,-41.00829,-0.964705900000002,0.98705,-0.1180105,-0.1361141,-36.89629,-37.82721,0.5948
32.676321506,10.9202,-41.48311,-1.452472,0.9870586,-0.09363967,-0.1811066,-36.89629,-37.82721,0.5948
32.686318874,8.27426799999999,-41.95792,-1.879267,0.9756619,-0.05806746,-0.1988032,-36.89629,-37.82721,0.5948
32.696316719,3.53621,-41.66116,-1.26956,0.9817127,-0.07003161,-0.2447539,-36.89629,-37.82721,0.5948
32.706314087,0.2134152,-40.94894,-0.7817937,0.9600818,-0.06046036,-0.2672118,-35.77492,-38.17842,3.056181
32.716311455,-3.232446,-39.88059,-0.720822899999998,0.9533767,-0.06704167,-0.2815557,-35.77492,-38.17842,3.056181
32.726309299,-4.340044,-38.45613,-0.8427644,0.9702061,-0.1071169,-0.2897105,-35.77492,-38.17842,3.056181
32.736306667,-1.447982,-36.79427,-1.757326,0.98895,-0.1194907,-0.3017044,-35.77492,-38.17842,3.056181
32.746304035,1.382547,-35.66658,-3.159653,0.9639755,-0.08689623,-0.2968835,-35.77492,-38.17842,3.056181
32.756301403,3.782343,-34.77629,-4.318098,0.9496929,-0.07896128,-0.3016464,-35.77213,-38.54897,4.219215
32.766299248,5.320673,-34.47953,-5.415571,0.9711789,-0.08072522,-0.2753617,-35.77213,-38.54897,4.219215
32.776296616,4.336142,-35.0137,-4.988776,0.9918051,-0.06100097,-0.182559,-35.77213,-38.54897,4.219215
32.786293983,1.321013,-36.31945,-3.891303,1.007161,-0.04712098,-0.1328174,-35.77213,-38.54897,4.219215
32.796291828,-3.663178,-37.44715,-1.574414,1.034331,-0.0678876,-0.177367,-35.77213,-38.54897,4.219215
32.806289196,-2.74018,-38.27808,-1.330531,0.9971818,-0.03853017,-0.2873823,-36.14805,-38.91471,6.282472
32.816286564,-9.13963599999997,-39.52448,0.681504599999997,0.9930041,0.107819,-0.2165834,-36.14805,-38.91471,6.282472
32.826284409,-27.96881,-41.54246,3.851984,0.9916304,0.1028183,-0.2290227,-36.14805,-38.91471,6.282472
32.836281776,-30.3686,-41.3644,0.5595631,0.8541849,-0.3135055,-0.342577,-36.14805,-38.91471,6.282472
32.846279144,-4.46311,-39.04966,1.413154,0.95041,-0.195924,-0.3399036,-36.14805,-38.91471,6.282472
32.856276989,-4.093911,-39.16837,0.4376215,0.9583102,0.006541696,-0.3227408,-35.78455,-38.525,7.057228
32.866274357,-8.89350299999999,-39.34642,-1.696355,0.9468011,-0.05549677,-0.3332334,-35.78455,-38.525,7.057228
32.876271725,-10.86257,-38.63419,0.01082622,0.9635585,-0.06523887,-0.3189028,-35.78455,-38.525,7.057228
32.886269569,-14.86223,-38.04067,0.803446099999999,0.9377916,-0.06881713,-0.3356071,-35.78455,-38.525,7.057228
32.896266937,-16.58516,-38.69355,0.4985923,0.9496857,-0.1312467,-0.3332189,-35.41348,-38.51511,7.898513
32.906264305,-15.90829,-39.04966,0.986358399999998,0.9310811,-0.1268557,-0.3441949,-35.41348,-38.51511,7.898513
32.91626215,-16.15442,-39.70254,0.681504599999997,0.9218614,-0.07695956,-0.3413202,-35.41348,-38.51511,7.898513
32.926259518,-18.67729,-40.83023,0.803446099999999,0.952337,-0.06448431,-0.3184049,-35.41348,-38.51511,7.898513
32.936256886,-18.24655,-41.77987,1.047329,0.9767159,-0.06557891,-0.3313687,-35.41348,-38.51511,7.898513
32.94625473,-17.56969,-42.72951,0.4985923,0.9658154,-0.05689914,-0.3682022,-35.40114,-39.26928,8.676573
32.956252098,-16.95436,-43.61979,0.2547093,0.9600236,-0.05996869,-0.3724985,-35.40114,-39.26928,8.676573
32.966249466,-16.46209,-44.51008,-0.2940276,0.9752133,-0.06458503,-0.3787453,-35.40114,-39.26928,8.676573
32.976246834,-15.96982,-45.45972,0.681504599999997,0.9685108,-0.04544209,-0.3964459,-35.40114,-39.26928,8.676573
32.986244678,-17.87736,-46.4687,1.535095,0.9492332,-0.03068419,-0.3882803,-35.40114,-39.26928,8.676573
33.006239414,-22.49235,-48.18993,1.169271,0.942601,-0.06756789,-0.4217595,-35.40621,-39.25947,9.837578
33.016237736,-25.13828,-48.66474,1.596066,0.9236083,-0.06857383,-0.4375192,-35.40621,-39.25947,9.837578
33.026234627,-26.98427,-48.60539,-0.1720861,0.9259949,-0.04055699,-0.4609808,-35.40621,-39.25947,9.837578
33.036231995,-30.9224,-48.72409,-0.964705900000002,0.9470712,-0.04762271,-0.482073,-35.40621,-39.25947,9.837578
33.046230316,-32.33767,-47.65575,-2.123151,0.9340641,-0.003632696,-0.4791902,-35.0253,-39.63375,10.22939
33.056227207,-37.32186,-47.83381,-4.50101,0.9470017,-0.04285584,-0.4390023,-35.0253,-39.63375,10.22939
33.066224575,-35.5374,-46.17194,-5.3546,0.9476864,-0.1577482,-0.4633813,-35.0253,-39.63375,10.22939
33.076222897,-26.36894,-46.35,-6.87886999999998,0.8887786,-0.1345711,-0.4584988,-35.0253,-39.63375,10.22939
33.086220264,-21.50782,-47.65575,-9.62255399999997,0.8458746,-0.05506736,-0.43978,-35.0253,-39.63375,10.22939
33.096217155,-16.64669,-48.96151,-12.30527,0.829156,-0.02154844,-0.4579454,-34.65253,-39.62712,10.68367
33.106215477,-10.80103,-49.55503,-15.90254,0.8306193,-0.04787442,-0.4703842,-34.65253,-39.62712,10.68367
33.116212845,-3.417045,-50.0892,-19.07302,0.8445683,-0.08977485,-0.4593904,-34.65253,-39.62712,10.68367
33.126209736,6.48980500000002,-51.86977,-22.73127,0.8387072,-0.1673133,-0.476589,-34.65253,-39.62712,10.68367
33.136208057,14.73526,-52.87876,-25.10913,0.8921327,-0.1580362,-0.4809917,-34.65253,-39.62712,10.68367
33.146205425,17.19659,-54.00646,-25.04816,0.9258114,-0.1614075,-0.4973212,-33.52133,-40.36251,12.69558
33.156202793,16.08899,-53.65034,-23.82874,0.9548635,-0.1267571,-0.5438026,-33.52133,-40.36251,12.69558
33.166200638,9.99719900000002,-54.06581,-21.51185,0.9608794,-0.0318402,-0.5395303,-33.52133,-40.36251,12.69558
33.176198006,-0.5249836,-54.42192,-19.49982,0.9675511,0.002421564,-0.5271078,-33.52133,-40.36251,12.69558
33.186195374,-10.61643,-53.88775,-17.91458,0.9801253,0.006780286,-0.5558454,-33.52133,-40.36251,12.69558
33.196193218,-17.81582,-53.41293,-17.36584,1.012985,-0.004872572,-0.5726498,-32.76148,-41.10724,13.9307
33.206190586,-20.52328,-51.92912,-17.67069,1.072942,-0.006192269,-0.5808899,-32.76148,-41.10724,13.9307
33.216187954,-22.73848,-50.92013,-17.91458,1.131708,0.004946399,-0.5527592,-32.76148,-41.10724,13.9307
33.226185322,-25.32288,-50.97948,-17.67069,1.18528,0.03287197,-0.5375453,-32.76148,-41.10724,13.9307
33.236183167,-28.8918,-51.15754,-17.60972,1.2091,0.06363858,-0.4662869,-32.76148,-41.10724,13.9307
33.246180534,-35.96813,-53.35358,-16.93905,1.197785,0.06998231,-0.43899,-31.6989,-41.46601,15.55312
33.256177902,-42.61372,-55.25286,-16.02448,1.188151,0.115974,-0.4370707,-31.6989,-41.46601,15.55312
33.266175747,-52.70517,-57.5082500000001,-16.14643,1.179164,0.154642,-0.3872931,-31.6989,-41.46601,15.55312
33.276173115,-62.3043500000001,-58.9920499999999,-15.7806,1.180125,0.1557908,-0.3700663,-31.6989,-41.46601,15.55312
33.286170483,-69.6268000000001,-59.94169,-17.60972,1.237398,0.09128165,-0.3213348,-31.6989,-41.46601,15.55312
33.296168327,-70.0575299999998,-59.70428,-21.69477,1.313132,0.002296312,-0.3319726,-30.5702,-41.83139,16.33749
33.306165695,-64.3964800000001,-60.41651,-24.86525,1.25732,-0.008590055,-0.2859292,-30.5702,-41.83139,16.33749
33.316163063,-62.7350799999998,-61.3661500000001,-26.32854,1.144561,0.002592087,-0.2541495,-30.5702,-41.83139,16.33749
33.326160908,-62.2428200000002,-61.6035600000001,-28.40155,1.130365,-0.02010748,-0.2612975,-30.5702,-41.83139,16.33749
33.336158276,-59.7814899999997,-58.1611199999998,-30.41358,1.179271,-0.002806894,-0.2288441,-30.5702,-41.83139,16.33749
33.346155644,-61.5659499999998,-55.90573,-30.04776,1.199612,0.02803728,-0.3006739,-29.40496,-43.728,15.96897
33.356153488,-69.6883399999997,-53.76905,-27.42602,1.118021,0.04039133,-0.2612916,-29.40496,-43.728,15.96897
33.366150856,-75.5340000000002,-51.63236,-25.47495,1.057328,-0.05322287,-0.4296204,-29.40496,-43.728,15.96897
33.376148224,-77.5030600000002,-51.03884,-20.23147,0.9544988,-0.02807339,-0.4859197,-29.40496,-43.728,15.96897
33.386146069,-71.2881999999999,-50.97948,-17.79264,0.9679083,0.009937067,-0.5031816,-29.40496,-43.728,15.96897
33.396143437,-65.3810100000001,-49.08021,-14.13439,0.9969591,0.1245591,-0.4664114,-28.27118,-44.10319,15.59234
33.406140804,-63.7196099999998,-48.36798,-12.48818,1.026906,0.2716492,-0.3353716,-28.27118,-44.10319,15.59234
33.416138649,-67.96541,-46.88417,-11.02488,1.016621,0.2214983,-0.3769768,-28.27118,-44.10319,15.59234
33.433634281,-66.9193399999999,-55.43091,-5.720425,0.8301382,0.1046253,-0.5848023,-28.27118,-44.10319,15.59234
33.436133385,-64.7656799999999,-57.8643600000002,-6.39110400000002,0.8237724,0.1065398,-0.574263,-28.27118,-44.10319,15.59234
33.44613123,-52.08983,-65.99564,-11.08585,0.9405028,0.04339493,-0.4519347,-27.86432,-45.56222,15.15139
33.456128597,-38.42945,-66.70787,-15.90254,1.024198,0.05312813,-0.3128175,-27.86432,-45.56222,15.15139
33.466125965,-28.1534,-66.88593,-20.53632,1.012118,0.049752,-0.2309591,-27.86432,-45.56222,15.15139
33.47612381,-22.80001,-68.9039100000002,-24.62136,1.033643,0.07101135,-0.2377021,-27.86432,-45.56222,15.15139
33.486121178,-23.53841,-68.6665000000002,-23.76777,1.046021,0.06130115,-0.2104424,-28.23487,-45.9383,15.98914
33.496118546,-17.93889,-63.3247799999997,-24.37748,1.052058,-0.003150297,-0.3099802,-28.23487,-45.9383,15.98914
33.50611639,-5.01691,-64.4524799999997,-23.40195,0.9279577,0.05865049,-0.6160684,-28.23487,-45.9383,15.98914
33.516113758,10.42793,-74.12691,-18.76817,1.114376,-0.4775977,-0.7277635,-28.23487,-45.9383,15.98914
33.526111126,35.96422,-70.2096599999999,-11.75653,1.49324,-1.048571,-0.2185934,-28.23487,-45.9383,15.98914
33.536109448,96.5744599999998,-44.09461,-12.42721,1.24996,-0.9102288,-0.1344541,-27.09749,-47.05078,18.39008
33.546106339,145.6164,-39.82124,-28.7064,0.9339079,-0.04592491,-0.4274929,-27.09749,-47.05078,18.39008
33.556103706,132.9406,-56.2025,-48.03413,0.9907169,0.4280377,-0.5846869,-27.09749,-47.05078,18.39008
33.566102028,73.00723,-68.8445499999999,-47.85122,1.140153,0.4346047,-0.6677427,-27.09749,-47.05078,18.39008
33.576098919,9.32033300000002,-65.81758,-31.81591,1.210323,0.2021971,-0.6209048,-27.09749,-47.05078,18.39008
33.586096287,-20.27715,-56.3212,-16.51225,1.109534,0.09275915,-0.6795658,-26.75713,-46.6164,24.45386
33.596094608,-28.64567,-44.56943,-5.720425,1.083336,0.01092015,-0.5919196,-26.75713,-46.6164,24.45386
33.606091976,-27.72267,-24.86444,-2.001209,1.104096,-0.002383821,-0.4976729,-26.75713,-46.6164,24.45386
33.616088867,-20.58482,-3.972411,1.291212,1.028537,-0.0795178,-0.5324574,-26.75713,-46.6164,24.45386
33.626086235,-10.80103,12.88366,-1.574414,0.872498,-0.07694233,-0.6570944,-26.75713,-46.6164,24.45386
33.636084556,-0.6480501,25.76312,-3.281595,0.8239538,-0.06324173,-0.7541642,-25.65487,-46.20036,27.68519
33.646081448,6.24367199999998,41.90697,-6.26916200000001,0.7999166,-0.02870252,-0.7512597,-25.65487,-46.20036,27.68519
33.656078815,13.75073,59.7126800000001,-4.927805,0.7528815,-0.04066809,-0.7358602,-25.65487,-46.20036,27.68519
33.666077137,23.28838,79.41766,-1.208589,0.6818368,-0.07082904,-0.6921781,-25.65487,-46.20036,27.68519
33.676074505,35.04122,99.24136,2.449656,0.5925839,-0.09171864,-0.6580383,-25.65487,-46.20036,27.68519
33.686071396,44.45581,116.3942,7.32731800000001,0.5770689,-0.07105608,-0.7030028,-28.28594,-45.83969,27.6637
33.696069717,49.93226,132.8348,11.16848,0.5728165,-0.05449277,-0.7953647,-28.28594,-45.83969,27.6637
33.706067085,52.39359,146.0704,12.87566,0.5529848,-0.06439915,-0.8790784,-28.28594,-45.83969,27.6637
33.716064453,56.02406,157.5847,11.90012,0.5419264,-0.04832027,-0.9565926,-28.28594,-45.83969,27.6637
33.726062298,59.9621799999998,166.7844,11.83915,0.5349245,0.03896701,-0.9613887,-28.28594,-45.83969,27.6637
33.736059666,65.5617099999999,174.8563,10.071,0.5338147,0.04627368,-0.9570815,-33.49046,-44.8042,27.23248
33.746057033,61.99278,180.9102,10.68071,0.5719858,0.2748671,-0.8054982,-33.49046,-44.8042,27.23248
33.756054878,58.42385,192.662,7.022464,0.6542134,0.386933,-0.7381912,-33.49046,-44.8042,27.23248
33.766052246,59.2237800000002,211.2986,0.986358399999998,0.6585496,0.2114167,-0.5984094,-33.49046,-44.8042,27.23248
33.776049614,44.39427,220.9137,7.38828800000001,0.652266,0.1281771,-0.7065352,-33.49046,-44.8042,27.23248
33.786047459,32.76449,222.2195,12.50983,0.5937816,0.1983397,-1.037147,-39.90031,-42.22003,23.559
33.796044826,32.94909,220.3202,13.36342,0.6286315,0.07852597,-1.141985,-39.90031,-42.22003,23.559
33.806042194,43.04054,220.6763,17.14361,0.7586873,0.02974359,-1.124971,-39.90031,-42.22003,23.559
33.816040039,59.8391200000001,225.3058,18.05817,0.7640629,0.006294974,-0.9909728,-39.90031,-42.22003,23.559
33.826037407,70.9150900000003,229.9946,18.91176,0.7372925,0.007948598,-0.8588396,-39.90031,-42.22003,23.559
33.836034775,79.09901,229.8759,18.54594,0.7377625,0.1379577,-0.8842384,-46.65929,-40.05335,15.82124
33.846032619,79.8374199999999,228.7482,17.9972,0.774764,0.2173499,-0.8910235,-46.65929,-40.05335,15.82124
33.856029987,70.6689599999999,227.027,20.67991,0.8275348,0.2367978,-0.8446986,-46.65929,-40.05335,15.82124
33.866027355,60.57751,226.7896,27.26476,0.857411,0.2293596,-0.8193842,-46.65929,-40.05335,15.82124
33.8760252,52.08593,225.6619,32.75212,0.8464016,0.2454325,-0.7916117,-46.65929,-40.05335,15.82124
33.886022568,42.79441,223.1691,34.94707,0.8477325,0.279366,-0.7504653,-51.83602,-38.64547,6.938125
33.896019936,32.51836,220.2015,37.14202,0.8490092,0.3162273,-0.7078837,-51.83602,-38.64547,6.938125
33.90601778,22.11925,217.1745,38.42241,0.8447073,0.3381807,-0.6892174,-51.83602,-38.64547,6.938125
33.916015148,10.24333,215.0972,38.66629,0.8344006,0.3440418,-0.6107145,-51.83602,-38.64547,6.938125
33.926012516,-2.986313,212.367,39.70279,0.8110735,0.3165446,-0.5384017,-51.83602,-38.64547,6.938125
33.936010361,-16.83129,210.2896,43.78783,0.8229111,0.2592901,-0.4484353,-55.57088,-37.23716,-3.159842
33.946007729,-29.87634,209.2213,49.2752,0.8547817,0.1740855,-0.323082,-55.57088,-37.23716,-3.159842
33.956005096,-35.72199,210.8832,52.2018,0.8931245,0.1331022,-0.2116301,-55.57088,-37.23716,-3.159842
33.966002941,-32.52227,212.0109,49.64103,0.9081078,0.0892443,-0.1513443,-55.57088,-37.23716,-3.159842
33.976000309,-25.01521,209.5774,45.19016,0.8866383,0.09153056,-0.1206786,-55.57088,-37.23716,-3.159842
33.985997677,-18.98495,207.4407,39.76376,0.8459266,0.05376396,-0.1239479,-56.69711,-34.68554,-15.30844
33.995995522,-6.49370699999998,202.1584,33.66669,0.7578825,0.07069985,-0.1539491,-56.69711,-34.68554,-15.30844
34.005992889,2.305545,191.5343,25.80146,0.6810247,0.192978,-0.1667682,-56.69711,-34.68554,-15.30844
34.015990257,2.613211,183.6998,18.97273,0.7066293,0.2069035,-0.08115127,-56.69711,-34.68554,-15.30844
34.025988102,-5.75530800000001,179.189,16.9607,0.7153208,0.1603381,-0.03760401,-56.69711,-34.68554,-15.30844
34.03598547,-11.17023,176.9336,13.72925,0.742631,0.1354658,0.05280565,-55.21783,-31.34969,-26.99012
34.045982838,-13.38543,176.9336,11.77818,0.7739203,0.1327238,0.1633029,-55.21783,-31.34969,-26.99012
34.055981159,-12.52396,173.5505,9.94906,0.7747761,0.1647076,0.1518073,-55.21783,-31.34969,-26.99012
34.06597805,-13.1393,167.3185,5.010429,0.7647431,0.2306096,0.1001216,-55.21783,-31.34969,-26.99012
34.075975418,-19.41569,157.2286,-0.3549984,0.7366982,0.2444452,0.0795882,-50.71961,-29.49262,-36.25494
34.08597374,-28.338,142.1531,-1.879267,0.7086654,0.1794137,0.04328203,-50.71961,-29.49262,-36.25494
34.095970631,-33.44526,126.7809,-1.818297,0.6623281,0.07706705,0.004624502,-50.71961,-29.49262,-36.25494
34.105967999,-28.58414,108.9751,-3.586449,0.5874715,0.06587711,-0.04740691,-50.71961,-29.49262,-36.25494
34.11596632,-26.36894,91.76295,-6.33013299999999,0.5504547,0.09089628,-0.0478274,-50.71961,-29.49262,-36.25494
34.125963688,-29.0764,76.03458,-8.22022599999998,0.5873647,0.1230757,-0.06273589,-46.31318,-26.54472,-43.91346
34.135960579,-33.1376,61.1371299999999,-9.13478800000001,0.6512854,0.0920954,-0.0815038,-46.31318,-26.54472,-43.91346
34.1459589,-33.876,48.19832,-10.04935,0.7569727,0.0167784,-0.09698308,-46.31318,-26.54472,-43.91346
34.155956268,-27.96881,35.79368,-11.32973,0.8290032,-0.05756246,-0.1454257,-46.31318,-26.54472,-43.91346
34.165953159,-17.75429,21.72716,-13.58565,0.8655854,-0.1119923,-0.1717971,-46.31318,-26.54472,-43.91346
34.175951481,-4.524643,7.18583399999999,-17.06099,0.8699399,-0.1369306,-0.19812,-41.83023,-25.02332,-47.88722
34.185948849,5.62834,-7.71161000000001,-20.90215,0.8647441,-0.1194209,-0.1851939,-41.83023,-25.02332,-47.88722
34.195946217,12.27393,-22.31229,-23.64583,0.9279029,-0.1102279,-0.2197638,-41.83023,-25.02332,-47.88722
34.205944061,13.62766,-35.36981,-26.26757,0.9167961,-0.08949483,-0.2135283,-41.83023,-25.02332,-47.88722
34.215941429,10.85866,-49.31762,-24.7433,0.9166172,-0.1053107,-0.1891166,-41.83023,-25.02332,-47.88722
34.225938797,8.15120200000001,-61.24745,-21.02409,0.9682826,-0.2097217,-0.1872654,-39.96439,-24.62891,-47.87534
34.235936642,8.58193500000002,-70.8031800000001,-16.32934,0.950477,-0.3002579,-0.2183185,-39.96439,-24.62891,-47.87534
34.24593401,12.64313,-81.1304899999998,-10.96391,0.9023428,-0.3845987,-0.2502775,-39.96439,-24.62891,-47.87534
34.255931377,20.45785,-90.6862300000002,-7.976343,0.8549804,-0.43187,-0.2688472,-39.96439,-24.62891,-47.87534
34.265929222,27.84184,-99.52972,-5.84236700000003,0.9052594,-0.3847297,-0.2708613,-39.96439,-24.62891,-47.87534
34.27592659,29.19557,-108.1358,-3.769361,0.9479977,-0.273717,-0.2862788,-40.69733,-25.76198,-46.26231
34.285923958,-53.56663,-46.40936,9.339353,2.797768,-0.1338319,4.357913,-40.69733,-25.76198,-46.26231
34.295921803,-49.32084,78.7054400000002,32.50824,4.879341,-1.007741,5.467198,-40.69733,-25.76198,-46.26231
34.30591917,47.28633,37.6336,26.41117,1.493273,-0.08504806,1.042685,-40.69733,-25.76198,-46.26231
34.315916538,31.77996,-61.1287499999998,13.72925,0.09607331,0.6178571,-0.2122797,-40.69733,-25.76198,-46.26231
34.325914383,22.36538,-93.4757800000003,-4.50101,0.1434857,-0.5601593,-0.3245244,-44.7951,-27.30072,-44.67229
34.335911751,76.8838200000002,-89.20242,-5.110718,0.8992544,-0.4933793,0.2412535,-44.7951,-27.30072,-44.67229
34.345909119,165.4301,-80.7743800000002,-6.81789900000001,1.212993,-0.1999557,0.4033469,-44.7951,-27.30072,-44.67229
34.355906963,192.3817,-94.8408899999997,-10.781,0.8307171,-0.04172655,-0.01191004,-44.7951,-27.30072,-44.67229
34.365904331,192.9355,-109.2042,-13.40274,1.016209,-0.1903028,-0.08063152,-44.7951,-27.30072,-44.67229
34.375901699,213.303,-115.8516,-17.97555,1.212995,-0.237872,-0.07521941,-45.95872,-26.13758,-41.07469
34.385899544,217.918,-116.9793,-21.38991,1.051354,0.09322366,-0.02620813,-45.95872,-26.13758,-41.07469
34.395896912,179.8289,-119.5908,-11.93944,0.8021161,0.4197662,0.08612908,-45.95872,-26.13758,-41.07469
34.40589428,124.1413,-120.125,0.925387699999998,0.7268893,0.5350428,0.1541883,-45.95872,-26.13758,-41.07469
34.415892124,75.3454899999999,-116.6232,9.94906,0.7929012,0.729335,0.1085585,-45.95872,-26.13758,-41.07469
34.425889492,23.90371,-111.9937,18.60691,0.7631001,0.8362963,0.07268971,-48.45704,-34.00616,-32.15086
34.43588686,-29.9994,-113.893,28.17932,0.8474417,0.7299256,0.05534133,-48.45704,-34.00616,-32.15086
34.445884705,-64.6426099999999,-116.5639,39.76376,1.092016,0.3422739,0.01912159,-48.45704,-34.00616,-32.15086
34.455882073,-67.96541,-126.0009,48.17773,1.23529,-0.1306535,-0.1954085,-48.45704,-34.00616,-32.15086
34.46587944,-41.07539,-131.9955,43.78783,1.385053,-0.1905995,-0.166461,-48.45704,-34.00616,-32.15086
34.475877285,-9.69343500000003,-128.7904,26.71602,1.257499,-0.1186784,-0.156207,-51.72891,-37.02645,-26.54767
34.485874653,3.474676,-128.7311,19.70438,1.029907,-0.2510506,-0.3227993,-51.72891,-37.02645,-26.54767
34.495872975,8.15120200000001,-135.4379,28.36223,1.054126,-0.5353825,-0.5931637,-51.72891,-37.02645,-26.54767
34.505869866,28.76484,-132.4703,30.55718,1.171393,-0.342058,-0.483824,-51.72891,-37.02645,-26.54767
34.515867233,45.68647,-117.8103,16.5339,1.13669,0.1887979,-0.2273834,-51.72891,-37.02645,-26.54767
34.525865555,21.93465,-110.0944,15.13157,1.03404,0.2538707,-0.3818013,-55.94469,-33.59006,-21.37199
34.535862923,-13.6931,-103.0909,24.58204,1.024684,0.1541152,-0.4296169,-55.94469,-33.59006,-21.37199
34.545859814,-24.70754,-94.4847699999998,28.78902,1.013294,0.2450526,-0.2917906,-55.94469,-33.59006,-21.37199
34.555857182,-37.50646,-87.9560199999998,30.06941,1.071074,0.2045304,-0.2780022,-55.94469,-33.59006,-21.37199
34.565855503,-43.90591,-79.7060300000002,29.4597,1.083187,0.131954,-0.2167469,-55.94469,-33.59006,-21.37199
34.575852871,-44.58278,-74.60173,27.56961,1.147335,-0.09144496,-0.1813865,-57.85896,-32.79546,-15.71392
34.585850716,-33.75293,-69.2006699999997,23.91136,1.138107,-0.2780255,-0.3181952,-57.85896,-32.79546,-15.71392
34.595848084,-18.49269,-64.7492399999998,19.27759,1.093943,-0.2092198,-0.2975571,-57.85896,-32.79546,-15.71392
34.605845451,-12.0317,-58.9920499999999,14.82672,1.082736,-0.1831127,-0.2879728,-57.85896,-32.79546,-15.71392
34.615843296,-8.64737,-53.70969,13.42439,1.075021,-0.1356999,-0.294193,-57.85896,-32.79546,-15.71392
34.625840664,-10.67797,-49.73309,11.83915,1.039321,-0.1028357,-0.2898321,-60.16869,-30.50296,-12.51776
34.635838032,-16.33902,-45.99389,10.74168,1.032893,-0.1487543,-0.2491301,-60.16869,-30.50296,-12.51776
34.645835876,-20.03102,-42.4921,9.09546899999999,1.010524,-0.2303407,-0.3012349,-60.16869,-30.50296,-12.51776
34.655833244,-19.29262,-38.39678,5.681107,0.9701393,-0.2856298,-0.3083289,-60.16869,-30.50296,-12.51776
34.665830612,-13.6931,-33.88601,3.730042,0.9887916,-0.3693107,-0.2533036,-61.33311,-28.97309,-10.5347
34.675828457,-0.894183000000003,-29.25652,1.1083,0.9915624,-0.2560087,-0.1978228,-61.33311,-28.97309,-10.5347
34.685825825,6.612871,-27.23854,-2.976741,1.014563,-0.0268196,-0.1605929,-61.33311,-28.97309,-10.5347
34.695823193,2.736278,-27.4166,-4.074214,1.060956,0.1510947,-0.09515472,-61.33311,-28.97309,-10.5347
34.705821037,-3.478579,-29.31587,-4.013244,1.119894,0.1786228,-0.08186442,-61.33311,-28.97309,-10.5347
34.715818405,-10.61643,-32.93637,-2.488975,1.147774,0.1471059,-0.08142633,-61.73233,-28.1983,-8.54203
34.725815773,-15.66216,-35.96334,-0.720822899999998,1.127026,0.05821513,-0.08567446,-61.73233,-28.1983,-8.54203
34.735813618,-15.96982,-37.09103,-0.3549984,1.106606,-0.0482157,-0.09566155,-61.73233,-28.1983,-8.54203
34.745810986,-15.84676,-38.10002,1.352183,1.114327,-0.1218736,-0.08991314,-61.73233,-28.1983,-8.54203
34.755808353,-16.21596,-39.10901,3.303247,1.115841,-0.150466,-0.08464407,-61.73233,-28.1983,-8.54203
34.765806198,-16.40056,-39.88059,1.718008,1.16161,-0.0709138,-0.09288014,-61.72196,-28.94866,-7.312468
34.775803566,-21.38475,-41.54246,-0.2330568,1.159213,0.03052607,-0.1010379,-61.72196,-28.94866,-7.312468
34.785800934,-30.5532,-41.60181,0.803446099999999,1.151891,0.08270518,-0.1182673,-61.72196,-28.94866,-7.312468
34.795798778,-36.33733,-39.82124,0.986358399999998,1.094098,0.1236297,-0.1411487,-61.72196,-28.94866,-7.312468
34.805796146,-41.19845,-39.76189,1.657037,1.026902,0.120739,-0.1525167,-61.72196,-28.94866,-7.312468
34.815793514,-42.49065,-39.58383,0.2547093,1.011451,0.00903912,-0.1649039,-62.12734,-27.79679,-5.708824
34.825791359,-41.81378,-39.16837,-1.391501,0.9857406,-0.07510781,-0.1710589,-62.12734,-27.79679,-5.708824
34.835788727,-36.82959,-38.81225,-2.367033,0.9453086,-0.1816332,-0.2542333,-62.12734,-27.79679,-5.708824
34.845786095,-30.3686,-37.68456,-2.976741,0.9145708,-0.2063631,-0.2881522,-62.12734,-27.79679,-5.708824
34.855783939,-27.29194,-36.2601,-2.306063,0.9009005,-0.1796529,-0.3134998,-62.12734,-27.79679,-5.708824
34.865781307,-25.50747,-36.02269,-1.208589,0.845545,-0.1394206,-0.3641427,-61.76244,-27.4098,-5.25657
34.875778675,-25.07674,-35.96334,-1.635384,0.8109424,-0.1398946,-0.3942326,-61.76244,-27.4098,-5.25657
34.88577652,-24.15374,-35.72593,-1.391501,0.7843003,-0.148875,-0.4152412,-61.76244,-27.4098,-5.25657
34.895773888,-22.36928,-34.89499,-0.903735200000002,0.7615935,-0.1596644,-0.4300346,-61.76244,-27.4098,-5.25657
34.905772209,-19.60028,-34.06406,-1.025677,0.7687843,-0.1538884,-0.4515846,-61.76244,-27.4098,-5.25657
34.915769577,-15.60063,-33.52989,-0.8427644,0.7956637,-0.07983103,-0.4353789,-62.14762,-27.39246,-2.872838
34.925766468,-13.5085,-34.06406,-1.757326,0.8041347,-0.0370841,-0.402383,-62.14762,-27.39246,-2.872838
34.93576479,-11.60097,-34.53888,-3.037712,0.8218556,-0.01995756,-0.3746608,-62.14762,-27.39246,-2.872838
34.945762157,-8.83197000000002,-35.07305,-4.318098,0.841177,-0.01078501,-0.3699111,-62.14762,-27.39246,-2.872838
34.955759048,-4.524643,-35.66658,-5.3546,0.8527334,0.02245663,-0.3732899,-62.14762,-27.39246,-2.872838
34.96575737,-2.863246,-36.31945,-6.75692799999998,0.8479176,0.07152054,-0.3646797,-62.90902,-27.07077,-1.654584
34.975754738,-3.601645,-36.73492,-7.976343,0.8525564,0.05721722,-0.3977059,-62.90902,-27.07077,-1.654584
34.985752106,-2.186381,-37.6252,-9.19575899999999,0.8341435,0.05218264,-0.3770937,-62.90902,-27.07077,-1.654584
34.99574995,-0.709583300000001,-38.8716,-10.23226,0.8648714,-0.0003304761,-0.340762,-62.90902,-27.07077,-1.654584
35.005747318,1.321013,-39.16837,-11.02488,0.8330241,0.00790036,-0.3813876,-62.90902,-27.07077,-1.654584
35.015744686,4.520741,-41.60181,-12.54915,0.8481839,0.005428976,-0.3656203,-62.54133,-27.05433,-0.0392952
35.025742531,7.96660199999998,-43.08562,-13.82954,0.8803666,0.004804374,-0.3441404,-62.54133,-27.05433,-0.0392952
35.035739899,9.56646600000001,-45.04425,-14.98798,0.8994526,0.001014141,-0.3216796,-62.54133,-27.05433,-0.0392952
35.045737267,10.1818,-47.29964,-14.62216,0.9178987,0.004775785,-0.3221913,-62.54133,-27.05433,-0.0392952
35.055735111,9.99719900000002,-49.43633,-14.86604,0.9348977,0.00741414,-0.3361003,-62.54133,-27.05433,-0.0392952
35.065732479,9.13573400000002,-50.0892,-15.23186,0.9348717,0.05943036,-0.3868427,-61.77662,-28.11277,1.584519
35.075729847,5.320673,-51.75107,-14.56119,0.952123,0.1011946,-0.373962,-61.77662,-28.11277,1.584519
35.085727692,-0.832649800000001,-51.98848,-14.50021,0.9736547,0.06981453,-0.3979203,-61.77662,-28.11277,1.584519
35.09572506,-6.06297400000002,-52.28524,-13.95148,0.9658092,0.01983908,-0.4256511,-61.77662,-28.11277,1.584519
35.105722427,-8.955036,-53.41293,-13.2808,0.9706829,-0.03127177,-0.3926247,-61.77662,-28.11277,1.584519
35.115720272,-12.7701,-53.35358,-13.34177,0.9611245,-0.06755189,-0.406956,-62.16547,-28.08834,4.806754
35.12571764,-13.5085,-53.76905,-14.3173,0.9484069,-0.06560154,-0.4318202,-62.16547,-28.08834,4.806754
35.135715008,-12.2163,-53.53164,-14.92701,0.9180926,-0.06126741,-0.4767547,-62.16547,-28.08834,4.806754
35.145712853,-8.33970399999999,-52.99747,-15.41478,0.8699545,-0.0151962,-0.4891256,-62.16547,-28.08834,4.806754
35.15571022,-8.03203799999998,-54.24387,-17.12196,0.8159265,-0.01883809,-0.5048235,-62.16547,-28.08834,4.806754
35.165708065,-8.46277000000003,-56.14314,-17.79264,0.7663766,-0.0271632,-0.5109565,-61.79161,-28.44899,6.811072
35.175705433,-9.75496900000002,-57.6862999999997,-18.03652,0.7501978,-0.04790116,-0.5118801,-61.79161,-28.44899,6.811072
35.185702801,-12.4009,-59.4075199999999,-17.97555,0.7359722,-0.01793635,-0.5520634,-61.79161,-28.44899,6.811072
35.195700645,-16.46209,-61.3068,-18.52429,0.7232229,0.03816782,-0.5534914,-61.79161,-28.44899,6.811072
35.205698013,-25.01521,-63.5028400000002,-16.87807,0.7165942,0.02703909,-0.5869772,-60.65593,-29.55819,9.599011
35.215695381,-28.7072,-64.7492399999998,-15.53672,0.6971079,0.0009474494,-0.5816723,-60.65593,-29.55819,9.599011
35.225693226,-26.79967,-64.9272999999997,-16.63419,0.7226648,-0.03636772,-0.5726142,-60.65593,-29.55819,9.599011
35.235690594,-21.07708,-63.9182999999999,-19.19496,0.7178748,-0.0167678,-0.6506189,-60.65593,-29.55819,9.599011
35.245687962,-12.09323,-63.6809000000002,-21.38991,0.7023365,0.03189565,-0.6625687,-60.65593,-29.55819,9.599011
35.255686283,-6.43217400000002,-63.0873700000003,-23.52389,0.6522607,0.05107898,-0.6883295,-60.27787,-30.29212,12.44386
35.265683174,0.5210813,-60.9506899999998,-25.35301,0.6215377,-0.001148429,-0.7533488,-60.27787,-30.29212,12.44386
35.275680542,6.73593800000001,-60.1197499999999,-25.35301,0.5711539,0.009751215,-0.7278992,-60.27787,-30.29212,12.44386
35.285678864,11.22786,-61.3661500000001,-23.52389,0.6757004,-0.1315341,-0.6218012,-60.27787,-30.29212,12.44386
35.295675755,25.44204,-56.55861,-22.30447,0.8362578,-0.1436928,-0.5981491,-60.27787,-30.29212,12.44386
35.305673122,35.22582,-54.59998,-23.7068,0.8879846,0.007169296,-0.6327356,-59.52061,-31.39705,16.06752
35.315671444,38.05635,-54.18451,-26.2066,0.9720722,0.1483222,-0.6300471,-59.52061,-31.39705,16.06752
35.325668812,33.25676,-52.46329,-27.06019,0.9961264,0.2433026,-0.604749,-59.52061,-31.39705,16.06752
35.335665703,23.41144,-52.64135,-27.36505,0.9823229,0.2525435,-0.5740984,-59.52061,-31.39705,16.06752
35.345664024,16.15052,-52.99747,-27.42602,1.02654,0.1823082,-0.5387428,-59.52061,-31.39705,16.06752
35.355661392,13.31999,-51.4543,-27.12116,1.056805,0.1787379,-0.5694235,-58.38858,-32.49917,19.69397
35.36565876,11.474,-50.62337,-27.79184,1.10179,0.170328,-0.5766784,-58.38858,-32.49917,19.69397
35.375656605,7.96660199999998,-48.96151,-28.95029,1.124662,0.1980496,-0.5705039,-58.38858,-32.49917,19.69397
35.385653973,2.244012,-47.95251,-31.2062,1.162076,0.2043447,-0.5475991,-58.38858,-32.49917,19.69397
35.395651817,-4.83231,-47.24029,-34.49863,1.197711,0.1748722,-0.552918,-58.38858,-32.49917,19.69397
35.405649185,-9.20116899999999,-46.2313,-36.51066,1.223189,0.08996385,-0.5404975,-57.61837,-33.99427,22.15865
35.415646553,-10.80103,-45.28166,-38.94949,1.224041,0.044889,-0.5294802,-57.61837,-33.99427,22.15865
35.425644398,-15.10836,-45.28166,-42.60773,1.211178,0.004127214,-0.4954683,-57.61837,-33.99427,22.15865
35.435641766,-18.86189,-44.74749,-45.29045,1.220802,-0.04064273,-0.4701091,-57.61837,-33.99427,22.15865
35.445639134,-21.44628,-42.43274,-49.25355,1.25344,-0.03995844,-0.465859,-57.61837,-33.99427,22.15865
35.455636978,-25.87667,-41.77987,-53.33859,1.365666,-0.09693205,-0.349746,-54.9882,-34.7184,24.18168
35.465634346,-26.43047,-40.71152,-55.83839,1.351795,-0.08438298,-0.3291462,-54.9882,-34.7184,24.18168
35.475631714,-28.64567,-41.83922,-57.11878,1.207421,-5.540415e-05,-0.3605022,-54.9882,-34.7184,24.18168
35.485629559,-36.09119,-42.96692,-56.20422,1.165615,0.02200707,-0.3020488,-54.9882,-34.7184,24.18168
35.495626927,-40.46005,-42.07663,-53.70441,1.309762,-0.02446978,-0.2759664,-54.9882,-34.7184,24.18168
35.505624294,-34.2452,-38.39678,-51.08267,1.311409,0.06774157,-0.3453866,-52.67853,-37.7411,24.60159
35.515622139,-20.83095,-41.48311,-52.0582,1.185751,0.2437204,-0.4380566,-52.67853,-37.7411,24.60159
35.525619507,-16.58516,-47.89316,-55.16771,1.052817,0.3964086,-0.352199,-52.67853,-37.7411,24.60159
35.535616875,-19.78489,-59.3481699999998,-50.96073,1.112334,0.2116268,-0.3350265,-52.67853,-37.7411,24.60159
35.54561472,-18.55422,-70.0316,-44.80268,1.159599,0.1096823,-0.2666462,-52.67853,-37.7411,24.60159
35.555612087,-2.863246,-75.3139600000001,-45.16851,1.296975,-0.04418641,-0.2788105,-50.82378,-40.00256,25.4657
35.565609455,18.48878,-81.4272499999998,-48.03413,1.308112,0.008329187,-0.4051875,-50.82378,-40.00256,25.4657
35.5756073,28.58023,-90.2113999999999,-54.19218,1.322508,0.04443637,-0.4731797,-50.82378,-40.00256,25.4657
35.585604668,32.88756,-91.5171599999998,-55.41159,1.458667,-0.01543528,-0.3537576,-50.82378,-40.00256,25.4657
35.595602989,42.17908,-84.03876,-56.69198,1.419003,0.07501277,-0.2613466,-50.82378,-40.00256,25.4657
35.60559988,45.5634,-79.9434400000003,-56.14325,1.322815,0.05731128,-0.3415751,-48.54922,-41.49676,26.71601
35.615597248,45.25574,-76.6197099999997,-52.30209,1.228991,-0.05975098,-0.3988106,-48.54922,-41.49676,26.71601
35.62559557,57.25472,-70.26901,-46.87569,1.137088,-0.3563543,-0.4320743,-48.54922,-41.49676,26.71601
35.635592461,83.8370699999999,-69.9128999999998,-42.48579,1.079874,-0.5975664,-1.177055,-48.54922,-41.49676,26.71601
35.645589828,113.8653,-74.54238,-39.80308,0.990932,-0.4803073,-1.181238,-48.54922,-41.49676,26.71601
35.65558815,129.9255,-70.9218800000002,-48.21704,1.02785,0.0376351,-0.4204995,-45.92074,-42.21762,29.12604
35.665585518,116.8804,-47.29964,-47.0586,0.9689031,0.4045109,-0.2415038,-45.92074,-42.21762,29.12604
35.675582409,74.8532300000003,-32.99572,-56.75295,0.6635211,0.80369,-0.5660273,-45.92074,-42.21762,29.12604
35.68558073,7.04360400000002,-34.30147,-58.64305,0.5994045,0.7095783,-0.7812506,-45.92074,-42.21762,29.12604
35.695578098,-56.21256,-30.0281,-45.90016,0.7980826,0.4069281,-0.7226541,-45.92074,-42.21762,29.12604
35.705575466,-81.9334500000001,-7.41484800000003,-28.27961,0.8496153,0.1288851,-0.6839077,-42.99812,-39.12831,31.97007
35.715573311,-75.7186000000001,17.09768,-22.91418,0.7508836,-0.01120892,-0.6985354,-42.99812,-39.12831,31.97007
35.725570679,-54.0589,36.32785,-30.5965,0.6056534,0.06599589,-0.7629098,-42.99812,-39.12831,31.97007
35.735568047,-36.27579,47.24868,-43.58327,0.5786911,-0.004487017,-0.8130952,-42.99812,-39.12831,31.97007
35.745565891,-27.23041,55.02385,-54.19218,0.5050098,-0.05120988,-0.8210905,-42.99812,-39.12831,31.97007
35.755563259,-19.16955,64.1641100000001,-58.33819,0.522504,-0.1803844,-0.9024457,-40.71813,-39.90265,28.37879
35.765561104,-8.89350299999999,74.3727099999999,-57.9113999999998,0.458474,-0.1699825,-0.9018582,-40.71813,-39.90265,28.37879
35.775558472,0.951813900000003,83.8097399999999,-57.7284899999999,0.3980899,-0.1457662,-0.8864447,-40.71813,-39.90265,28.37879
35.785555839,8.21273500000003,94.4931600000003,-59.3137199999999,0.3808989,-0.16154,-0.7677238,-40.71813,-39.90265,28.37879
35.795553684,15.71979,108.5597,-62.1183800000003,0.4698158,-0.2228924,-0.654919,-40.30203,-41.07523,24.32414
35.805551052,30.61083,127.4931,-57.4236299999999,0.4905172,-0.4121327,-0.4572545,-40.30203,-41.07523,24.32414
35.81554842,56.02406,152.7178,-54.67995,0.5900415,-0.4969273,-0.4861207,-40.30203,-41.07523,24.32414
35.825546265,81.0065499999999,178.0613,-49.9852,0.6116697,-0.3519481,-0.5144318,-40.30203,-41.07523,24.32414
35.835543632,96.6975200000002,198.5379,-59.55761,0.5748051,-0.1013964,-0.5091677,-40.30203,-41.07523,24.32414
35.845541,89.99039,212.3076,-73.0931200000001,0.6810743,-0.02681797,-0.5543583,-38.3774,-42.62019,19.89563
35.855538845,79.40668,224.4749,-81.56805,0.8029661,-0.05880385,-0.648842,-38.3774,-42.62019,19.89563
35.865536213,68.1461000000001,234.0306,-85.2872600000001,0.859461,-0.2157039,-0.764237,-38.3774,-42.62019,19.89563
35.875533581,62.3619799999998,241.9838,-84.0068799999998,0.9500974,-0.4769928,-0.8375498,-38.3774,-42.62019,19.89563
35.885531425,71.7150300000001,248.928,-79.7389299999999,0.9826592,-0.7607544,-0.9576561,-38.3774,-42.62019,19.89563
35.895528793,96.0206499999998,255.9316,-77.3000899999998,0.9474648,-0.9665813,-1.123608,-39.451,-44.1871,15.50938
35.905526638,128.4487,260.7985,-73.7028200000002,0.9284664,-1.125485,-1.241742,-39.451,-44.1871,15.50938
35.915524006,163.8918,265.3093,-67.9105999999999,0.9505142,-1.185448,-1.310201,-39.451,-44.1871,15.50938
35.925521374,195.9506,270.5916,-61.75256,0.964335,-1.091568,-1.329871,-39.451,-44.1871,15.50938
35.935519695,217.7949,274.4496,-57.7284899999999,0.9803245,-0.9307945,-1.319412,-39.451,-44.1871,15.50938
35.945516586,229.7324,274.4496,-55.10674,0.9979003,-0.7504647,-1.299389,-39.37332,-47.19761,11.84875
35.955513954,232.3168,272.5503,-51.99723,1.017261,-0.5861918,-1.232464,-39.37332,-47.19761,11.84875
35.965512276,221.733,269.3452,-45.35142,1.03537,-0.4587873,-1.155956,-39.37332,-47.19761,11.84875
35.975509644,200.9964,266.3776,-36.69357,1.044827,-0.3636129,-1.077989,-39.37332,-47.19761,11.84875
35.985506535,173.7371,262.8165,-25.41398,1.064639,-0.2750633,-1.00291,-39.37332,-47.19761,11.84875
35.995504856,142.4167,258.8992,-12.30527,1.105682,-0.2275221,-0.9412576,-41.21301,-48.37289,9.45442
36.005502224,110.6656,254.2697,2.327715,1.128348,-0.2133748,-0.8781288,-41.21301,-48.37289,9.45442
36.015500069,82.2372100000002,250.2931,17.50943,1.154556,-0.2065871,-0.8303186,-41.21301,-48.37289,9.45442
36.025497437,61.1928400000002,245.4856,32.02047,1.162942,-0.210851,-0.7834317,-41.21301,-48.37289,9.45442
36.035494804,48.02473,240.1439,44.39754,1.13056,-0.2243568,-0.7556144,-41.21301,-48.37289,9.45442
36.067986488,33.93362,213.2573,68.6638999999998,1.070723,-0.1990189,-0.5660005,-43.02287,-50.33612,3.83913
36.07548523,33.07216,209.1619,74.3951599999997,1.072308,-0.1779771,-0.5004438,-43.02287,-50.33612,3.83913
36.085482597,36.51802,203.4048,80.12641,1.049018,-0.1289132,-0.3989576,-43.02287,-50.33612,3.83913
36.095479965,37.68715,198.1224,78.4801999999998,1.012784,-0.08982727,-0.244803,-46.37851,-49.29882,-5.480023
36.10547781,43.16361,194.3832,75.4316600000002,0.9448916,-0.08073138,-0.2193225,-46.37851,-49.29882,-5.480023
36.115475178,48.1478,190.7034,71.7124399999999,0.9031364,-0.03526812,-0.1527393,-46.37851,-49.29882,-5.480023
36.125472546,51.4706,187.7357,66.40799,0.8707839,0.02753267,-0.1235059,-46.37851,-49.29882,-5.480023
36.13547039,49.2554,182.1566,62.1400299999999,0.8776564,0.05111207,-0.1106024,-46.37851,-49.29882,-5.480023
36.145467758,48.3324,176.2807,57.6891700000002,0.8944381,0.09110223,-0.1312208,-48.26244,-47.10213,-13.95564
36.155465126,45.99414,170.4048,54.94548,0.8820196,0.1305647,-0.09340177,-48.26244,-47.10213,-13.95564
36.165462971,41.56374,161.6801,52.2018,0.8358607,0.1760935,-0.06318273,-48.26244,-47.10213,-13.95564
36.175460339,33.87209,154.5578,50.43364,0.7854682,0.1867166,-0.06788338,-48.26244,-47.10213,-13.95564
36.185458183,23.04224,146.4265,51.04335,0.7399589,0.1442142,-0.1003363,-48.26244,-47.10213,-13.95564
36.195455551,13.31999,139.0074,51.47015,0.717334,0.07698702,-0.1227726,-49.3722,-46.40815,-20.86957
36.205452919,7.65893599999998,128.0866,52.75053,0.7437949,-0.008392182,-0.1108323,-49.3722,-46.40815,-20.86957
36.215450764,8.76653499999999,119.2431,54.76257,0.8539089,-0.08459705,-0.07367574,-49.3722,-46.40815,-20.86957
36.225448132,15.90439,111.7647,53.72607,0.8591176,-0.1024696,-0.07320165,-49.3722,-46.40815,-20.86957
36.235445499,22.79611,105.2953,50.55559,0.8306462,-0.06496198,-0.05497578,-49.3722,-46.40815,-20.86957
36.245443344,25.31897,96.3924399999998,45.92181,0.8123658,-0.0004920925,-0.08606795,-48.22631,-46.13723,-27.31295
36.255440712,21.50391,87.4302400000002,43.11715,0.8107695,0.058113,-0.1037876,-48.22631,-46.13723,-27.31295
36.26543808,15.04292,79.0615499999998,42.20259,0.8385933,0.05586989,-0.09043537,-48.22631,-46.13723,-27.31295
36.275436401,9.38186599999998,72.3547300000002,41.89774,0.8381175,0.003383186,-0.08994246,-48.22631,-46.13723,-27.31295
36.285433292,5.320673,64.4608700000002,42.20259,0.817363,-0.0336611,-0.1104755,-48.22631,-46.13723,-27.31295
36.295431614,4.213075,55.26125,41.95871,0.8092507,-0.06884865,-0.1147595,-47.12811,-43.88752,-32.1543
36.305428982,3.53621,46.65516,41.16609,0.7942865,-0.1021006,-0.1051533,-47.12811,-43.88752,-32.1543
36.31542635,4.028476,36.92137,40.25153,0.7616009,-0.09965964,-0.0864325,-47.12811,-43.88752,-32.1543
36.325424194,3.043944,25.28831,39.39794,0.7269835,-0.09828138,-0.07345095,-47.12811,-43.88752,-32.1543
36.335421562,1.690213,14.66423,39.09308,0.7090113,-0.1009082,-0.05619021,-47.12811,-43.88752,-32.1543
36.34541893,1.013347,5.108501,38.54435,0.7074353,-0.09372826,-0.01168174,-46.76453,-42.76761,-34.99561
36.355416775,0.1518819,-4.20982,36.89814,0.7136464,-0.06095974,-0.002129483,-46.76453,-42.76761,-34.99561
36.365414143,-2.678647,-13.05332,34.94707,0.7301373,-0.05590077,0.0370837,-46.76453,-42.76761,-34.99561
36.375411511,-7.35517199999998,-22.01553,33.23989,0.7716987,-0.03608749,0.09443527,-46.76453,-42.76761,-34.99561
36.385409355,-7.539772,-29.37523,31.89853,0.7791779,-0.01878263,0.1106894,-47.90727,-41.64479,-36.17104
36.395406723,-8.89350299999999,-38.15937,30.13038,0.7626845,0.00404219,0.1446911,-47.90727,-41.64479,-36.17104
36.405404568,-10.86257,-47.53705,29.27679,0.7765219,-0.05850686,0.1298473,-47.90727,-41.64479,-36.17104
36.415401936,-2.986313,-55.49026,27.14281,0.7991909,-0.1755779,0.1384523,-47.90727,-41.64479,-36.17104
36.425399304,13.99686,-60.7726200000002,22.08224,0.8332006,-0.1963532,0.1312197,-47.90727,-41.64479,-36.17104
36.435397148,32.14916,-64.2744199999998,15.61934,0.8637211,-0.1599168,0.1704003,-50.18101,-40.51733,-35.80681
36.445394516,47.4094,-68.6071399999999,9.46129399999998,0.8738312,-0.1277721,0.1564957,-50.18101,-40.51733,-35.80681
36.455391884,59.71605,-75.25461,5.620136,0.8626264,-0.07674685,0.1277876,-50.18101,-40.51733,-35.80681
36.465389729,64.94637,-82.02077,1.778978,0.8790338,-0.06813535,0.1306282,-50.18101,-40.51733,-35.80681
36.475387097,70.48436,-90.6862300000002,-1.635384,0.8476993,-0.01088981,0.02873138,-50.18101,-40.51733,-35.80681
36.485384464,69.3767599999999,-100.242,-7.85440200000002,0.8499074,0.07825562,-0.005274326,-53.509,-40.50784,-31.76785
36.495382309,61.2543799999997,-109.6196,-10.29323,0.9263763,0.02748556,-0.036502,-53.509,-40.50784,-31.76785
36.505379677,0.02881546,-71.5154100000001,1.352183,2.215038,-0.1079655,3.453456,-53.509,-40.50784,-31.76785
36.515377522,-60.4583499999998,43.33143,39.21502,3.635586,-1.318133,5.088978,-53.509,-40.50784,-31.76785
36.525374889,90.42113,23.27032,50.43364,1.443633,-1.093014,0.2883165,-53.509,-40.50784,-31.76785
36.535372257,176.0754,-62.6125500000003,9.09546899999999,-0.04757601,-0.3336658,-0.7028034,-56.86156,-42.39789,-27.39672
36.545370579,165.9224,-103.8031,-21.207,0.005409601,-0.009796521,-0.4737411,-56.86156,-42.39789,-27.39672
36.55536747,180.8134,-106.4146,-20.7802,1.418822,-0.5206332,0.4413567,-56.86156,-42.39789,-27.39672
36.565364838,282.774,-86.94702,-28.34058,1.482777,-0.01666264,0.0965407,-56.86156,-42.39789,-27.39672
36.575363159,311.0793,-99.8264800000001,-29.92582,0.8911628,0.5568277,0.1089102,-56.86156,-42.39789,-27.39672
36.585360527,277.1129,-118.2851,-30.5965,1.158299,0.7814422,-0.03135753,-58.38285,-42.7312,-20.50428
36.595357418,231.0861,-133.598,-28.76737,1.32161,0.6971579,-0.1421716,-58.38285,-42.7312,-20.50428
36.60535574,184.567,-138.7616,-21.207,1.26867,1.025826,-0.1153637,-58.38285,-42.7312,-20.50428
36.615353107,100.0203,-144.6969,-4.318098,0.9935943,1.352751,-0.0115959,-58.38285,-42.7312,-20.50428
36.625350952,-9.07810300000001,-146.9523,18.05817,1.011234,0.8513777,-0.1426274,-58.38285,-42.7312,-20.50428
36.63534832,-76.8261899999999,-149.9792,44.15366,1.019547,0.1952451,-0.3846324,-59.83823,-47.87819,-5.587775
36.645345688,-101.7472,-146.3587,55.92101,1.118993,0.08931328,-0.3866928,-59.83823,-47.87819,-5.587775
36.655343532,-93.8093600000001,-134.7257,52.26277,1.093863,0.1332148,-0.2612734,-59.83823,-47.87819,-5.587775
36.6653409,-92.2094999999999,-126.1789,42.44648,1.079438,-0.009448572,-0.3669768,-59.83823,-47.87819,-5.587775
36.675338268,-94.4247,-129.3246,45.19016,1.144834,-0.3864222,-0.7072613,-59.83823,-47.87819,-5.587775
36.685336113,-71.3497299999998,-132.4703,46.40957,1.355774,-0.4079954,-0.6530658,-60.962,-48.98302,-0.3010073
36.695333481,-28.83027,-118.2851,26.59408,1.337275,0.1172055,-0.3593231,-60.962,-48.98302,-0.3010073
36.705330849,-26.98427,-107.0675,15.55837,1.092358,0.2382703,-0.3010196,-60.962,-48.98302,-0.3010073
36.715328693,-56.39716,-97.6898000000002,19.27759,1.003541,0.1186223,-0.1740113,-60.962,-48.98302,-0.3010073
36.725326061,-42.30605,-85.1664499999997,16.77778,1.017367,-0.1797158,-0.3065242,-60.962,-48.98302,-0.3010073
36.735323906,-13.93923,-74.2456199999999,9.88808900000002,1.053502,-0.1792964,-0.1266427,-62.52734,-46.67508,4.061723
36.745321274,-7.10903899999999,-67.7168600000002,7.205376,1.105615,-0.2321205,-0.2233923,-62.52734,-46.67508,4.061723
36.755318642,-6.001441,-62.3751400000002,4.27878,1.051247,-0.1906721,-0.1965079,-62.52734,-46.67508,4.061723
36.765316486,-7.539772,-56.55861,1.596066,1.040758,-0.1494505,-0.1299782,-62.52734,-46.67508,4.061723
36.775313854,-19.47722,-54.65933,3.181306,1.028885,-0.08868013,-0.1543805,-62.52734,-46.67508,4.061723
36.785311222,-29.6302,-52.99747,4.766546,1.0177,-0.08908001,-0.1208606,-63.30534,-45.95615,7.277459
36.795309067,-37.44492,-51.27625,4.33975,1.059393,-0.2087971,-0.1768958,-63.30534,-45.95615,7.277459
36.805306435,-34.30673,-47.65575,4.217809,1.047342,-0.3199833,-0.1935963,-63.30534,-45.95615,7.277459
36.815303802,-28.03034,-43.97591,3.669072,1.013308,-0.4530765,-0.1671811,-63.30534,-45.95615,7.277459
36.825301647,-14.80069,-39.46513,3.181306,0.997354,-0.4860508,-0.178152,-63.30534,-45.95615,7.277459
36.835299015,-5.570708,-35.1324,1.047329,1.034303,-0.3764777,-0.1260799,-62.18985,-45.93082,9.285311
36.845297337,-2.124848,-32.22414,-0.7817937,1.057745,-0.2753983,-0.1232753,-62.18985,-45.93082,9.285311
36.855294228,0.2134152,-28.48494,-3.037712,1.058899,-0.1546558,-0.1008153,-62.18985,-45.93082,9.285311
36.865291595,-2.74018,-26.94178,-1.330531,1.087954,-0.1432453,-0.03195395,-62.18985,-45.93082,9.285311
36.875289917,-0.586516899999998,-27.65401,1.535095,1.098713,-0.1455722,-0.04393651,-62.18985,-45.93082,9.285311
36.885287285,-1.201849,-31.51191,4.034896,1.121941,-0.03266774,-0.02294873,-62.56509,-46.23698,10.89673
36.895284176,-4.770776,-37.26909,3.364218,1.140964,0.1216068,-0.03881463,-62.56509,-46.23698,10.89673
36.905282497,-13.44696,-41.77987,-1.330531,1.151274,0.3512671,-0.02884164,-62.56509,-46.23698,10.89673
36.915279865,-31.107,-45.75648,-1.208589,1.104997,0.2725977,-0.02921928,-62.56509,-46.23698,10.89673
36.92527771,-37.19879,-46.4687,0.620533899999998,1.077553,0.09893749,-0.04252686,-61.83091,-45.8975,12.90011
36.935275078,-35.22973,-46.40936,0.2547093,1.077411,0.00350248,-0.009958863,-61.83091,-45.8975,12.90011
36.945272446,-32.33767,-47.65575,0.2547093,1.102615,-0.04120091,-0.01094844,-61.83091,-45.8975,12.90011
36.95527029,-30.79933,-48.24928,-0.05014454,1.11818,-0.04006188,-0.0262903,-61.83091,-45.8975,12.90011
36.965267658,-30.61473,-48.66474,-2.245092,1.127525,-0.02067741,-0.1052766,-61.83091,-45.8975,12.90011
36.975265026,-32.5838,-48.30863,-2.671887,1.11996,-0.03371136,-0.1325389,-61.82605,-46.21119,13.2888
36.985262871,-34.12213,-46.35,-2.123151,1.063347,-0.02974331,-0.1606772,-61.82605,-46.21119,13.2888
36.995260239,-38.86019,-44.68813,-2.367033,1.027179,-0.02503014,-0.2046444,-61.82605,-46.21119,13.2888
37.005258083,-42.05992,-41.48311,-2.06218,0.9824266,-0.05656467,-0.2615088,-61.82605,-46.21119,13.2888
37.015255451,-44.58278,-38.45613,-0.8427644,0.9164032,-0.07093782,-0.308769,-61.82605,-46.21119,13.2888
37.025252819,-45.81344,-36.02269,-0.1720861,0.8770208,-0.07636572,-0.3388493,-60.71373,-45.87545,14.52096
37.035250664,-45.87498,-32.99572,0.1937385,0.8483606,-0.08216862,-0.3799554,-60.71373,-45.87545,14.52096
37.045248032,-46.12111,-30.68097,0.31568,0.8262935,-0.074869,-0.384226,-60.71373,-45.87545,14.52096
37.055245399,-45.87498,-28.30688,-0.05014454,0.8143842,-0.06343292,-0.383251,-60.71373,-45.87545,14.52096
37.065243244,-46.24417,-25.93279,-1.208589,0.8115417,-0.1207566,-0.4282174,-60.71373,-45.87545,14.52096
37.075240612,-41.93685,-23.7961,-2.001209,0.7824968,0.02587136,-0.3793898,-60.32458,-46.56995,14.52746
37.08523798,-37.62952,-22.78711,-4.988776,0.7669256,0.05017567,-0.3980334,-60.32458,-46.56995,14.52746
37.095235825,-35.59893,-21.42201,-6.695957,0.8004267,0.03025693,-0.4167511,-60.32458,-46.56995,14.52746
37.105233192,-33.876,-19.34468,-7.244694,0.798457,0.03186446,-0.3961693,-60.32458,-46.56995,14.52746
37.115231514,-30.24553,-18.09828,-8.28119799999998,0.7934211,0.01407807,-0.4172133,-60.32458,-46.56995,14.52746
37.125228405,-26.36894,-17.02993,-9.62255399999997,0.7787125,-0.03353748,-0.4377542,-59.92455,-47.71148,14.14932
37.135225773,-20.64635,-16.73317,-11.39071,0.7615573,-0.027953,-0.4276756,-59.92455,-47.71148,14.14932
37.145224094,-15.41603,-19.10727,-13.89051,0.7675475,-0.08615546,-0.3755063,-59.92455,-47.71148,14.14932
37.155221462,-10.61643,-20.53172,-13.58565,0.7979694,-0.1484373,-0.3439572,-59.92455,-47.71148,14.14932
37.165218353,-7.10903899999999,-23.43999,-13.82954,0.8533359,-0.1883273,-0.2559855,-59.92455,-47.71148,14.14932
37.175216675,-7.04750599999997,-25.39862,-11.75653,0.9213113,-0.202531,-0.3087437,-58.7846,-48.46375,14.16172
37.185214043,-4.093911,-27.65401,-11.8175,0.9295883,-0.07272637,-0.3202774,-58.7846,-48.46375,14.16172
37.195211887,-6.98597300000001,-30.50292,-12.2443,0.936168,0.01843261,-0.3030836,-58.7846,-48.46375,14.16172
37.205209255,-11.41637,-32.99572,-11.02488,0.9373282,0.06090352,-0.2844321,-58.7846,-48.46375,14.16172
37.215206623,-14.06229,-35.84463,-10.17129,0.9034798,0.07361838,-0.2556618,-58.7846,-48.46375,14.16172
37.225204468,-14.43149,-38.7529,-11.51265,0.9030985,0.06920762,-0.2058881,-58.3995,-49.21129,15.39406
37.235201836,-10.7395,-42.25469,-15.59769,0.8943193,0.1207404,-0.2374721,-58.3995,-49.21129,15.39406
37.245199204,-8.21663800000001,-47.5964,-20.53632,0.8999804,0.2338661,-0.2604827,-58.3995,-49.21129,15.39406
37.255197048,-17.56969,-47.5964,-17.73167,0.983923,0.09688206,-0.2768654,-58.3995,-49.21129,15.39406
37.265194416,-24.52294,-48.48669,-7.85440200000002,0.9584222,-0.1297434,-0.3471133,-58.3995,-49.21129,15.39406
37.275192261,-20.76942,-50.2079,-7.91537200000002,0.9024876,-0.1880283,-0.3824154,-57.63937,-49.95657,16.56468
37.285189629,-17.50816,-54.36257,-11.20779,0.8898309,-0.2913716,-0.3373805,-57.63937,-49.95657,16.56468
37.295186997,-9.20116899999999,-57.9830700000001,-12.97595,0.8408117,-0.3550099,-0.3884863,-57.63937,-49.95657,16.56468
37.305184841,4.643808,-60.35716,-13.70759,0.8178328,-0.3262996,-0.4406185,-57.63937,-49.95657,16.56468
37.315182209,12.64313,-61.3661500000001,-14.98798,0.8167183,-0.2150234,-0.4387309,-57.63937,-49.95657,16.56468
37.325179577,12.0278,-62.67191,-13.52468,0.8413856,-0.1276578,-0.4502822,-56.51013,-50.68814,19.02809
37.335177422,12.58159,-62.6125500000003,-12.12236,0.8494076,-0.03552919,-0.4364412,-56.51013,-50.68814,19.02809
37.34517479,12.0278,-65.4021100000001,-11.20779,0.8740947,0.02604339,-0.3991711,-56.51013,-50.68814,19.02809
37.355173111,8.95113399999999,-69.61613,-11.02488,0.8701099,0.03092496,-0.3881582,-56.51013,-50.68814,19.02809
37.365170002,5.62834,-74.8984900000001,-11.75653,0.7976651,0.02212559,-0.396644,-56.51013,-50.68814,19.02809
37.37516737,3.413143,-80.8930799999997,-14.07342,0.7115044,-0.009596352,-0.4376432,-55.39832,-50.65574,21.87445
37.385165691,6.24367199999998,-85.8786799999998,-14.19536,0.6030337,-0.1000379,-0.5278817,-55.39832,-50.65574,21.87445
37.395162582,11.41246,-86.4722100000002,-19.7437,0.6374932,-0.3286664,-0.6279053,-55.39832,-50.65574,21.87445
37.40515995,21.13471,-85.6412699999998,-14.37827,0.6614317,-0.3321687,-0.6375177,-55.39832,-50.65574,21.87445
37.415158272,42.67134,-81.2492000000002,-11.08585,0.9627786,-0.287464,-0.4925674,-55.39832,-50.65574,21.87445
37.42515564,67.5307699999999,-72.3463399999997,-13.40274,1.165327,-0.09670718,-0.4762194,-53.89692,-51.74469,26.72918
37.435152531,74.7916900000001,-67.8949099999998,-18.82914,1.024191,0.1764954,-0.5846805,-53.89692,-51.74469,26.72918
37.445150852,68.2691700000002,-70.2096599999999,-25.04816,0.900526,0.24901,-0.5710834,-53.89692,-51.74469,26.72918
37.45514822,61.2543799999997,-70.26901,-27.79184,0.834455,0.1344232,-0.5771603,-53.89692,-51.74469,26.72918
37.465146065,61.7466399999999,-67.4794500000001,-33.88892,0.7444382,0.1264581,-0.6157659,-53.89692,-51.74469,26.72918
37.475143433,54.73186,-62.0783800000001,-31.87688,0.7851778,0.1107234,-0.6177472,-52.04973,-51.67942,32.80611
37.485140801,44.33274,-60.6539200000001,-26.08466,0.6893592,0.1786217,-0.6376979,-52.04973,-51.67942,32.80611
37.495138645,25.01131,-67.8355599999997,-19.19496,0.8110394,0.1110959,-0.526863,-52.04973,-51.67942,32.80611
37.505136013,9.812599,-66.05499,-14.13439,1.079069,-0.04605347,-0.5426041,-52.04973,-51.67942,32.80611
37.515133858,3.043944,-65.9362899999999,-9.43964200000003,1.119265,-0.05971569,-0.5823925,-48.77639,-50.853,37.66414
37.525131226,2.244012,-63.6809000000002,-7.976343,1.024868,-0.01788293,-0.6923113,-48.77639,-50.853,37.66414
37.535128594,0.951813900000003,-61.0100399999999,-7.42760699999997,0.8910599,0.04940952,-0.6964025,-48.77639,-50.853,37.66414
37.545126438,3.843876,-58.9920499999999,-13.21983,0.9939882,-0.03472649,-0.713789,-48.77639,-50.853,37.66414
37.555123806,14.55066,-51.51366,-17.60972,0.985057,-0.0276674,-0.7726401,-48.77639,-50.853,37.66414
37.565121174,24.51904,-46.64676,-23.21903,0.9892694,0.05940814,-0.7717127,-46.55946,-50.0449,41.28879
37.575119019,26.05737,-42.96692,-24.92622,1.020519,0.135422,-0.710529,-46.55946,-50.0449,41.28879
37.585116387,17.07352,-37.80326,-25.77981,1.0095,0.1496544,-0.7775141,-46.55946,-50.0449,41.28879
37.595114231,8.88960099999997,-35.84463,-27.97475,1.047425,0.1287732,-0.7517318,-46.55946,-50.0449,41.28879
37.605111599,2.797811,-32.46155,-28.03572,1.067322,0.1337766,-0.7259246,-46.55946,-50.0449,41.28879
37.615108967,-5.01691,-29.31587,-27.06019,1.038531,0.1610897,-0.7589033,-44.70236,-49.63359,43.30017
37.625107288,-12.2163,-29.55328,-26.99922,1.086851,0.1324775,-0.6977223,-44.70236,-49.63359,43.30017
37.635104179,-16.95436,-25.87344,-27.42602,1.145389,0.1542269,-0.7308518,-44.70236,-49.63359,43.30017
37.645101547,-18.98495,-25.93279,-34.5596,1.193136,0.1562483,-0.6663278,-44.70236,-49.63359,43.30017
37.655099869,-19.35415,-24.09286,-39.74211,1.170044,0.1673503,-0.6246542,-44.70236,-49.63359,43.30017
37.66509676,-20.09255,-23.73675,-39.31532,1.083737,0.1954402,-0.6608828,-42.44801,-49.99326,43.77039
37.675095081,-28.7072,-26.05149,-38.46172,1.239448,0.2601356,-0.6185776,-42.44801,-49.99326,43.77039
37.685092449,-37.44492,-25.69538,-38.88852,1.421108,0.2681351,-0.5088239,-42.44801,-49.99326,43.77039
37.695089817,-45.75191,-24.80509,-38.82755,1.392041,0.2609735,-0.4321992,-42.44801,-49.99326,43.77039
37.705087662,-53.99736,-26.05149,-40.16891,1.362754,0.2134043,-0.3632209,-42.44801,-49.99326,43.77039
37.71508503,-64.2734100000001,-26.58566,-43.58327,1.357966,0.1863884,-0.2253757,-39.40289,-52.2529,43.80479
37.725082397,-73.8110699999999,-28.30688,-43.33939,1.409308,0.1011605,-0.1445639,-39.40289,-52.2529,43.80479
37.735080242,-78.73372,-27.23854,-42.30288,1.395737,0.02147523,-0.06124748,-39.40289,-52.2529,43.80479
37.74507761,-82.7333800000002,-29.49393,-41.08347,1.330077,-0.03879735,-0.1333825,-39.40289,-52.2529,43.80479
37.755075455,-80.4566500000003,-30.14681,-40.10794,1.208148,-0.08720596,-0.2212155,-39.40289,-52.2529,43.80479
37.765072823,-72.7649999999998,-28.06947,-40.29085,1.024977,-0.04166868,-0.3716593,-37.07127,-55.6832,41.00172
37.77507019,-64.3964800000001,-31.09644,-39.86405,0.9480602,0.03210191,-0.3748943,-37.07127,-55.6832,41.00172
37.785068035,-53.25896,-28.36624,-40.10794,0.9701203,0.05254126,-0.3132017,-37.07127,-55.6832,41.00172
37.795065403,-43.10598,-28.60365,-37.48619,1.009759,-0.007671756,-0.2878907,-37.07127,-55.6832,41.00172
37.805063248,-31.72233,-23.85546,-38.21784,1.020563,-0.06448453,-0.3065594,-37.07127,-55.6832,41.00172
37.815060615,-8.03203799999998,-20.47237,-40.65667,0.935532,-0.1580313,-0.4150238,-32.86253,-59.10597,37.43854
37.825057983,25.19591,-17.08928,-50.59491,0.888327,-0.1886161,-0.4690128,-32.86253,-59.10597,37.43854
37.835055828,54.79339,-16.43641,-55.41159,0.8573806,-0.1757176,-0.4794908,-32.86253,-59.10597,37.43854
37.845053196,79.40668,-19.76014,-59.9234300000003,0.8390379,-0.1108834,-0.6297485,-32.86253,-59.10597,37.43854
37.855050564,91.0364600000002,-32.16478,-63.7645899999999,0.8574703,0.02144105,-0.7063868,-32.86253,-59.10597,37.43854
37.865048408,85.9292100000002,-43.02627,-64.5572100000001,0.9659417,0.06216058,-0.5271204,-30.61364,-62.13241,37.47099
37.875045776,72.57649,-49.49568,-60.1063499999998,0.9761456,0.01413743,-0.4338035,-30.61364,-62.13241,37.47099
37.885044098,56.27019,-56.26184,-52.0582,0.9753302,-0.02043755,-0.4400146,-30.61364,-62.13241,37.47099
37.895040989,44.64041,-58.8733499999998,-43.33939,0.9818459,-0.002813977,-0.3869086,-30.61364,-62.13241,37.47099
37.905038357,34.85662,-64.63053,-36.14484,0.8694829,0.009380115,-0.5106671,-30.61364,-62.13241,37.47099
37.915036678,24.08831,-74.7204399999999,-34.37668,0.93893,0.06475085,-0.8754773,-26.91347,-60.55235,41.1027
37.925034046,9.074201,-79.5873300000001,-32.48659,1.230545,-0.04275026,-0.5620121,-26.91347,-60.55235,41.1027
37.935030937,-1.201849,-55.84638,-17.30487,1.301582,-0.3307758,0.1481451,-26.91347,-60.55235,41.1027
37.945029259,-2.432514,-33.70795,-3.952273,1.036113,-0.2666332,-0.180669,-26.91347,-60.55235,41.1027
37.955026627,1.997879,-28.24753,-12.42721,0.8519106,0.1415117,-0.4776487,-26.91347,-60.55235,41.1027
37.965024471,-7.78590499999999,-27.23854,-23.09709,0.9047628,0.2576003,-0.5442928,-22.4253,-60.50172,43.13557
37.975021839,-33.3222,-20.65043,-26.57243,1.023877,0.1944129,-0.5377841,-22.4253,-60.50172,43.13557
37.985019207,-52.2129,-5.634277,-24.31651,0.9967121,0.1345685,-0.5932361,-22.4253,-60.50172,43.13557
37.995017052,-56.27409,6.88907200000001,-25.35301,0.8839623,0.06525367,-0.6490152,-22.4253,-60.50172,43.13557
38.00501442,-55.1665,17.98796,-26.08466,0.8374261,-0.0784107,-0.6886189,-22.4253,-60.50172,43.13557
38.015012264,-51.2899,28.01851,-24.92622,0.7816996,-0.1479207,-0.7296614,-20.18132,-60.11102,42.37622
38.025009632,-43.84438,37.69295,-26.57243,0.7343822,-0.1199403,-0.7559078,-20.18132,-60.11102,42.37622
38.035007,-31.23007,47.30804,-32.0598,0.6683914,-0.08509335,-0.8409882,-20.18132,-60.11102,42.37622
38.045004845,-16.76976,58.4069299999999,-38.88852,0.659649,-0.05882249,-0.7658433,-20.18132,-60.11102,42.37622
38.055002213,1.874812,74.1352999999999,-44.31492,0.7098288,-0.08246402,-0.6965312,-20.18132,-60.11102,42.37622
38.06499958,18.91952,94.31511,-49.68034,0.732328,-0.1101759,-0.5874479,-19.00788,-61.65833,38.32916
38.074997425,33.74902,117.4625,-56.14325,0.6979888,-0.0175736,-0.4835609,-19.00788,-61.65833,38.32916
38.084994793,47.71707,138.77,-65.34982,0.7070929,0.09434652,-0.486477,-19.00788,-61.65833,38.32916
38.094992638,55.71639,158.4157,-73.6418500000002,0.8193173,0.03500707,-0.4694287,-19.00788,-61.65833,38.32916
38.104990006,61.2543799999997,177.4678,-77.3000899999998,0.8493959,-0.1936115,-0.558916,-19.36939,-62.05185,37.1029
38.114987373,72.5149600000002,193.1962,-76.4464999999997,0.8195319,-0.4507166,-0.7641069,-19.36939,-62.05185,37.1029
38.124985695,98.17432,206.8472,-73.21506,0.7530064,-0.6240581,-0.9764339,-19.36939,-62.05185,37.1029
38.134982586,134.2328,218.0054,-72.3004899999997,0.7152617,-0.7201521,-1.146716,-19.36939,-62.05185,37.1029
38.144979954,166.0455,226.7896,-70.8372000000002,0.7382759,-0.7010922,-1.184569,-19.36939,-62.05185,37.1029
38.154978275,184.5054,234.5648,-68.5812800000002,0.7771735,-0.591485,-1.132979,-20.89981,-60.54168,37.08366
38.164975166,185.7976,241.5683,-66.3253600000002,0.7629629,-0.5361764,-1.165033,-20.89981,-60.54168,37.08366
38.174973488,193.92,243.705,-65.0449799999999,0.7774491,-0.5275274,-1.100931,-20.89981,-60.54168,37.08366
38.184970856,194.5354,250.2338,-60.7770199999998,0.7944431,-0.4450314,-1.044032,-20.89981,-60.54168,37.08366
38.194968224,190.105,256.7625,-57.05781,0.8459466,-0.33162,-0.9757141,-20.89981,-60.54168,37.08366
38.204966068,180.5058,264.0629,-50.65588,0.9571336,-0.2818956,-0.8802056,-25.49143,-56.74081,40.70654
38.214963436,166.0455,270.7104,-41.81512,1.01472,-0.3371569,-0.8305198,-25.49143,-56.74081,40.70654
38.224961281,152.8774,272.9657,-32.42562,0.997452,-0.430734,-0.8764089,-25.49143,-56.74081,40.70654
38.234958649,146.724,271.9568,-23.34098,1.015344,-0.5278013,-0.9017796,-25.49143,-56.74081,40.70654
38.244956017,146.8471,271.0071,-13.70759,1.051258,-0.5981269,-0.9113957,-25.49143,-56.74081,40.70654
38.254953861,150.6622,270.1762,-4.561981,1.072794,-0.6037301,-0.9329677,-33.09438,-51.4759,40.17103
38.264951229,153.185,268.3363,3.059364,1.096135,-0.5493865,-0.9392439,-33.09438,-51.4759,40.17103
38.274948597,152.4466,264.0035,9.217411,1.097746,-0.4793133,-0.9320861,-33.09438,-51.4759,40.17103
38.284946442,147.0932,256.2877,13.42439,1.084543,-0.3211308,-0.9292323,-33.09438,-51.4759,40.17103
38.29494381,132.8175,247.5036,19.39953,1.10181,-0.2524499,-0.8426579,-33.09438,-51.4759,40.17103
38.304941654,115.1575,240.4406,29.33776,1.064863,-0.2026883,-0.7416267,-43.98985,-45.96572,34.06224
38.314939022,96.6975200000002,231.0036,41.10512,0.9873139,-0.1444609,-0.6366984,-43.98985,-45.96572,34.06224
38.32493639,75.83775,220.8544,52.50665,0.9457707,-0.1349741,-0.5193772,-43.98985,-45.96572,34.06224
38.334934235,58.1161800000001,214.1476,64.1520700000001,0.9153517,-0.1479937,-0.4427487,-43.98985,-45.96572,34.06224
38.344931603,46.97867,206.4911,70.0662300000002,0.8675004,-0.0896708,-0.3914726,-43.98985,-45.96572,34.06224
38.354929924,40.51768,198.4785,68.5419599999999,0.8760363,-0.07670538,-0.3737835,-52.61394,-40.78722,24.23082
38.364926815,39.34855,194.0864,66.40799,0.9205923,-0.08562536,-0.2767079,-52.61394,-40.78722,24.23082
38.374924183,43.16361,188.626,62.6887700000002,0.9139373,-0.09372396,-0.2446297,-52.61394,-40.78722,24.23082
38.384922505,52.08593,182.8095,58.5427600000003,0.9027378,-0.09382241,-0.23121,-52.61394,-40.78722,24.23082
38.394919872,63.6541700000001,176.0433,54.33577,0.8684313,-0.08252178,-0.1966956,-52.61394,-40.78722,24.23082
38.404916763,71.3458300000002,169.2772,51.22626,0.8714863,-0.03629164,-0.1431123,-60.53637,-35.997,12.8585
38.414915085,70.9766299999998,164.6477,50.12879,0.9089472,-0.05724688,-0.07138585,-60.53637,-35.997,12.8585
38.424912453,68.9460300000002,159.8995,51.28724,0.9561957,-0.08121828,-0.03174023,-60.53637,-35.997,12.8585
38.434910297,70.9150900000003,153.6081,53.17733,0.9558122,-0.1128822,-0.03938863,-60.53637,-35.997,12.8585
38.444907665,72.2072900000002,150.8779,53.54315,0.9950607,-0.1016179,-0.06147445,-60.53637,-35.997,12.8585
38.454905033,70.8535599999998,146.1891,54.09189,0.977157,-0.004923643,-0.07678257,-64.35264,-30.41459,1.577223
38.464902878,58.73152,136.9301,53.42121,0.9700991,0.08523871,-0.08588643,-64.35264,-30.41459,1.577223
38.474900246,42.91748,124.4661,52.93344,0.9829856,0.1252002,-0.1012336,-64.35264,-30.41459,1.577223
38.48489809,26.79577,112.0021,53.84801,0.9643092,0.1071004,-0.1270395,-64.35264,-30.41459,1.577223
38.494895458,10.48946,101.2593,56.28684,0.9808804,0.08208082,-0.08255438,-64.35264,-30.41459,1.577223
38.504892826,-2.863246,92.8312999999999,58.5427600000003,0.9899698,0.03967739,-0.06293769,-64.41461,-25.60854,-7.349846
38.514890671,-10.98563,84.58132,59.6402300000001,0.9639741,0.04821683,-0.08251619,-64.41461,-25.60854,-7.349846
38.524888039,-13.8777,74.1352999999999,58.84761,0.9360239,0.03166364,-0.07863459,-64.41461,-25.60854,-7.349846
38.534885883,-11.2933,63.9267,56.95752,0.8978738,-0.01213711,-0.05654231,-64.41461,-25.60854,-7.349846
38.544883251,-2.92478,54.72708,53.90898,0.8610216,-0.07277982,-0.01913352,-64.41461,-25.60854,-7.349846
38.554880619,13.31999,46.00229,49.702,0.8107319,-0.1458989,-0.0415201,-62.96687,-21.48148,-15.42357
38.564878464,37.37949,36.03109,44.2756,0.7632063,-0.1579794,-0.03760552,-62.96687,-21.48148,-15.42357
38.574875832,62.85424,26.2973,37.32493,0.7303036,-0.1453696,-0.07535892,-62.96687,-21.48148,-15.42357
38.5848732,87.0368,16.38545,29.21582,0.6921573,-0.06005903,-0.06957147,-62.96687,-21.48148,-15.42357
38.594871044,107.7735,7.423244,20.19215,0.6809759,0.0678595,-0.0858565,-62.96687,-21.48148,-15.42357
38.604868412,119.5264,-2.19184,12.26595,0.6762815,0.1627534,-0.06098681,-62.30182,-16.56555,-19.50789
38.614866733,123.8952,-13.8249,6.53469799999998,0.7083268,0.2206838,-0.06584334,-62.30182,-16.56555,-19.50789
38.624864101,127.1565,-26.64502,1.778978,0.7431574,0.2338836,-0.07930759,-62.30182,-16.56555,-19.50789
38.634860992,125.4335,-38.57484,-2.123151,0.7779701,0.2488348,-0.06070766,-62.30182,-16.56555,-19.50789
38.644859314,121.0647,-48.01187,-5.171688,0.7893803,0.2890732,-0.09567397,-60.4517,-15.41042,-19.50007
38.654856682,115.9574,-57.03343,-7.42760699999997,0.7300623,0.3582214,-0.1640248,-60.4517,-15.41042,-19.50007
38.664854526,101.7432,-66.2924000000001,-7.85440200000002,0.7594886,0.3496279,-0.1047304,-60.4517,-15.41042,-19.50007
38.674851894,83.8370699999999,-72.3463399999997,-4.013244,0.8801118,0.2328291,-0.06566736,-60.4517,-15.41042,-19.50007
38.684849262,71.1612299999997,-75.7887800000001,-0.1111153,0.8987699,0.1221408,-0.04126401,-60.4517,-15.41042,-19.50007
38.694847107,62.2389099999998,-81.9020800000002,2.510627,0.8482869,0.007883959,-0.0449752,-60.05453,-16.9116,-17.42517
38.704844475,58.42385,-89.0837100000001,4.888487,0.813979,-0.08806662,-0.154006,-60.05453,-16.9116,-17.42517
38.714842319,53.93192,-95.6124699999998,7.26634699999998,0.8863023,-0.07226909,-0.1239859,-60.05453,-16.9116,-17.42517
38.724839687,46.73254,-100.7761,11.22945,0.909344,-0.001833878,-0.1235656,-60.05453,-16.9116,-17.42517
38.734837055,28.76484,-107.2455,15.86322,0.9423617,0.007081356,-0.01738157,-60.05453,-16.9116,-17.42517
38.7448349,-63.2888800000001,-5.81233500000002,32.56921,2.364254,0.7880915,4.242616,-60.78049,-18.78849,-13.80857
38.754832268,2.367078,18.34408,34.39833,3.041566,-0.3321298,1.919672,-60.78049,-18.78849,-13.80857
38.764830112,69.49983,-41.89857,15.74128,0.6810373,0.5546976,-0.2003616,-60.78049,-18.78849,-13.80857
38.77482748,32.76449,-83.4452399999998,-1.025677,0.4868135,0.780389,-0.07612998,-60.78049,-18.78849,-13.80857
38.784824848,36.88722,-97.09628,9.217411,0.9683122,-0.6439674,0.1511996,-60.78049,-18.78849,-13.80857
38.794822693,150.416,-83.4452399999998,0.7424754,1.404104,-0.524205,0.08340842,-60.80578,-17.64415,-13.42766
38.804820061,228.994,-81.4865999999999,-11.63459,1.039346,0.5008634,0.04549425,-60.80578,-17.64415,-13.42766
38.814817429,209.9802,-91.2797499999998,-10.04935,1.148657,1.138786,-0.04435429,-60.80578,-17.64415,-13.42766
38.82481575,125.1259,-107.2455,0.3766508,1.463787,1.430824,-0.08948641,-60.80578,-17.64415,-13.42766
38.834812641,11.1048,-120.2437,21.9603,1.676729,0.8570253,-0.2198826,-60.80578,-17.64415,-13.42766
38.844810963,-63.1042800000002,-129.562,47.62899,1.26679,0.1329076,-0.4027547,-60.45586,-17.5934,-7.748848
38.854808331,-71.5958699999998,-126.1789,52.99442,0.9958174,-0.2265999,-0.3385391,-60.45586,-17.5934,-7.748848
38.864805222,-42.24451,-115.7923,44.88531,0.9402589,-0.2239529,-0.2479921,-60.45586,-17.5934,-7.748848
38.874803543,-27.35347,-107.2455,37.62978,1.004668,-0.07228317,-0.2218217,-60.45586,-17.5934,-7.748848
38.884800911,-35.29126,-104.7527,37.62978,1.091382,-0.1005871,-0.3688885,-60.45586,-17.5934,-7.748848
38.894798756,-41.25998,-108.2545,39.8857,1.206255,-0.2781486,-0.4786369,-60.10229,-17.54972,-2.908545
38.904796123,-29.50714,-104.2186,36.83717,1.294108,-0.1263769,-0.3328635,-60.10229,-17.54972,-2.908545
38.914793491,-12.83163,-93.00097,24.33816,1.158332,0.1003113,-0.2259626,-60.10229,-17.54972,-2.908545
38.924791336,-9.75496900000002,-85.1664499999997,18.91176,1.023581,0.06291122,-0.1984393,-60.10229,-17.54972,-2.908545
38.934788704,-8.89350299999999,-75.4326600000002,17.63138,0.9925221,0.1087384,-0.1682466,-60.10229,-17.54972,-2.908545
38.944786549,-1.078783,-68.7258499999997,16.35099,1.01395,0.1618233,-0.148676,-59.80741,-14.83648,2.756067
38.954783916,8.64346799999999,-62.19709,10.37586,1.077635,0.2235673,-0.07079508,-59.80741,-14.83648,2.756067
38.964781284,9.44340000000003,-57.09278,5.98596099999998,1.137471,0.2028119,-0.07855125,-59.80741,-14.83648,2.756067
38.974779129,4.520741,-52.76006,3.54713,1.082415,0.1507924,-0.06839179,-59.80741,-14.83648,2.756067
38.984776497,-10.61643,-50.26726,4.766546,1.024557,0.0155655,-0.01130556,-59.80741,-14.83648,2.756067
38.994774342,-21.69242,-48.24928,8.05896700000001,0.9967401,-0.113278,-0.0648244,-59.09811,-13.29254,4.753026
39.004771709,-29.32254,-47.00288,10.01003,0.9980871,-0.2350156,0.01081961,-59.09811,-13.29254,4.753026
39.014769077,-31.96847,-44.80684,12.02207,1.014533,-0.41242,-0.08152856,-59.09811,-13.29254,4.753026
39.024766922,-22.92308,-43.79785,11.22945,0.9959747,-0.4624975,-0.09727632,-59.09811,-13.29254,4.753026
39.03476429,-15.35449,-42.13598,5.620136,1.055811,-0.4568146,-0.08350339,-59.09811,-13.29254,4.753026
39.044762611,-9.508835,-41.42376,5.376253,1.018824,-0.4339622,-0.1083307,-58.37061,-12.87932,7.981575
39.054759979,-1.386449,-40.59282,5.376253,0.9823501,-0.4125708,-0.1345944,-58.37061,-12.87932,7.981575
39.06475687,2.859344,-39.82124,6.10790299999999,0.9718348,-0.37217,-0.1575581,-58.37061,-12.87932,7.981575
39.074755192,5.99753899999999,-39.04966,5.98596099999998,0.9246811,-0.3273057,-0.1976878,-58.37061,-12.87932,7.981575
39.08475256,7.96660199999998,-37.38779,5.437224,0.9092337,-0.2306804,-0.1727998,-58.37061,-12.87932,7.981575
39.094749928,4.643808,-35.1324,6.10790299999999,0.987707,-0.09706852,0.02659519,-58.00094,-12.8667,9.145361
39.104747772,1.567146,-34.30147,7.57120099999999,1.07064,-0.02385624,0.0417462,-58.00094,-12.8667,9.145361
39.11474514,3.228544,-37.15038,7.26634699999998,1.084584,0.0615273,-0.05688676,-58.00094,-12.8667,9.145361
39.124742985,6.73593800000001,-39.88059,5.86401899999998,1.085867,0.122698,-0.06599769,-58.00094,-12.8667,9.145361
39.134740353,11.1048,-43.08562,2.449656,1.051689,0.1784928,-0.05494523,-58.00094,-12.8667,9.145361
39.144737721,15.22752,-44.68813,3.973926,1.035109,0.1006637,-0.08073939,-57.6428,-12.46664,11.14562
39.154735565,21.93465,-46.2313,5.742078,0.9791912,-0.06274654,-0.1337218,-57.6428,-12.46664,11.14562
39.164732933,35.04122,-46.94352,6.41275599999997,0.933661,-0.2341204,-0.1766701,-57.6428,-12.46664,11.14562
39.174730778,52.88586,-48.48669,5.315282,0.8650802,-0.2672019,-0.1918565,-57.6428,-12.46664,11.14562
39.184728146,61.5005100000001,-48.36798,1.90092,0.8451909,-0.1173346,-0.2334965,-57.6428,-12.46664,11.14562
39.194725514,58.0546500000002,-48.78345,2.083832,0.8589959,0.003232322,-0.2574804,-57.29085,-11.6895,12.75686
39.204723358,48.7016,-46.76547,1.596066,0.8911945,0.1561953,-0.2858119,-57.29085,-11.6895,12.75686
39.214720726,34.67202,-44.56943,0.1937385,0.928528,0.2182098,-0.2806287,-57.29085,-11.6895,12.75686
39.224718571,20.64245,-42.84821,0.803446099999999,0.9923261,0.1965057,-0.1883691,-57.29085,-11.6895,12.75686
39.234715939,12.15086,-40.17735,2.205774,1.058464,0.2293196,-0.1971072,-56.5678,-10.90246,15.20937
39.244713306,5.87447300000001,-38.63419,2.144803,1.120116,0.1888511,-0.2388404,-56.5678,-10.90246,15.20937
39.254711628,2.982411,-38.04067,3.608101,1.121161,0.1856763,-0.2163483,-56.5678,-10.90246,15.20937
39.264708519,2.674744,-36.31945,3.54713,1.075144,0.1192045,-0.2119438,-56.5678,-10.90246,15.20937
39.274706841,5.25914,-35.72593,2.937423,1.029263,0.09821306,-0.1764438,-56.5678,-10.90246,15.20937
39.284704208,4.766874,-35.90398,2.510627,1.046157,0.1075921,-0.1439325,-55.83662,-10.49632,17.59942
39.294701099,-0.6480501,-35.96334,2.69354,1.058165,0.1164271,-0.1602273,-55.83662,-10.49632,17.59942
39.304699421,-8.955036,-37.56585,3.425189,1.037374,0.08131272,-0.1821965,-55.83662,-10.49632,17.59942
39.314696789,-14.98529,-39.10901,4.949458,1.012187,0.02086443,-0.2017586,-55.83662,-10.49632,17.59942
39.324694634,-18.80035,-39.93995,5.80304899999998,0.9975954,-0.007464658,-0.2390548,-55.83662,-10.49632,17.59942
39.334692001,-23.23075,-40.05865,5.498195,1.006437,-0.03679204,-0.2237483,-54.73347,-9.716822,18.82921
39.344689369,-28.03034,-40.47412,6.96149300000002,1.036796,-0.09719373,-0.2520216,-54.73347,-9.716822,18.82921
39.354687214,-27.72267,-39.22772,6.96149300000002,1.016507,-0.1846571,-0.2605781,-54.73347,-9.716822,18.82921
39.364684582,-25.81514,-39.04966,7.32731800000001,0.9754434,-0.2577177,-0.3495029,-54.73347,-9.716822,18.82921
39.374682427,-19.60028,-37.98132,5.92499000000001,0.9234809,-0.2412679,-0.3513308,-54.73347,-9.716822,18.82921
39.384679794,-15.10836,-36.20074,4.888487,0.9593664,-0.2316935,-0.3384742,-54.35793,-10.08074,20.44653
39.394677162,-9.57036899999999,-34.47953,4.095867,0.9784184,-0.1821756,-0.3318202,-54.35793,-10.08074,20.44653
39.404675007,-5.509175,-33.23313,1.90092,0.9847772,-0.1050607,-0.3088795,-54.35793,-10.08074,20.44653
39.414672375,-5.93990799999998,-33.70795,1.778978,0.9801288,-0.03822763,-0.2706025,-54.35793,-10.08074,20.44653
39.42467022,-5.87837500000002,-35.66658,2.510627,0.9711425,-0.001079781,-0.2806465,-54.35793,-10.08074,20.44653
39.434667587,-6.001441,-38.45613,3.059364,0.9851903,0.003689667,-0.2677507,-53.30938,-9.682068,21.67788
39.444664955,-3.970845,-37.68456,2.571598,0.9688123,0.04574389,-0.2567257,-53.30938,-9.682068,21.67788
39.4546628,0.02881546,-37.38779,-1.879267,0.9243183,0.1312221,-0.2719845,-53.30938,-9.682068,21.67788
39.464660168,-2.432514,-37.68456,-2.976741,0.8982068,0.1725805,-0.2628567,-53.30938,-9.682068,21.67788
39.474658489,-4.155444,-39.46513,-2.610917,0.8809918,0.2065711,-0.2815,-53.30938,-9.682068,21.67788
39.484655857,-9.508835,-41.77987,-2.428004,0.873282,0.1756861,-0.2944001,-52.94507,-9.659098,24.06717
39.494652748,-15.23143,-43.8572,-1.208589,0.867531,0.06591978,-0.3288193,-52.94507,-9.659098,24.06717
39.50465107,-18.73882,-46.58741,-0.2330568,0.8385553,-0.02610621,-0.3392738,-52.94507,-9.659098,24.06717
39.514648438,-23.35381,-50.86078,-1.147618,0.7544028,-0.06054621,-0.363047,-52.94507,-9.659098,24.06717
39.524646282,-28.83027,-56.61796,-2.793829,0.6694578,0.02424147,-0.4193927,-52.94507,-9.659098,24.06717
39.53464365,-35.66046,-62.0190300000001,-3.464507,0.642328,0.1721764,-0.3911475,-51.84811,-8.50251,24.90794
39.544641018,-47.22871,-64.6898899999997,-0.3549984,0.7009839,0.1634902,-0.3520043,-51.84811,-8.50251,24.90794
39.554638863,-54.2435,-62.7312600000001,6.473727,0.8205124,-0.0006736384,-0.3885422,-51.84811,-8.50251,24.90794
39.564636231,-42.85985,-59.4075199999999,8.24187900000002,0.9122096,-0.240525,-0.4580338,-51.84811,-8.50251,24.90794
39.574634075,-27.29194,-59.5855799999998,4.644604,0.9255766,-0.3041079,-0.4786195,-51.84811,-8.50251,24.90794
39.584631443,-3.109379,-61.48486,0.3766508,0.8921805,-0.2373261,-0.4369424,-50.32224,-10.36907,27.76721
39.594628811,4.766874,-64.8085899999999,-5.232659,0.8141928,-0.1845292,-0.4463915,-50.32224,-10.36907,27.76721
39.604626656,9.32033300000002,-68.4290799999999,-8.34216799999998,0.7528043,-0.1597337,-0.4716555,-50.32224,-10.36907,27.76721
39.614624023,16.02746,-74.0675599999999,-10.781,0.6949815,-0.1166817,-0.4744371,-50.32224,-10.36907,27.76721
39.624621868,14.05839,-77.3913000000001,-12.54915,0.642391,-0.1179567,-0.4470663,-50.32224,-10.36907,27.76721
39.634619236,9.13573400000002,-81.7240099999999,-10.3542,0.6338074,-0.1790742,-0.4164068,-48.80843,-11.482,29.78393
39.644616604,12.27393,-84.3355200000001,-8.34216799999998,0.7210785,-0.2603022,-0.4538669,-48.80843,-11.482,29.78393
39.654614448,8.64346799999999,-86.5909099999998,-9.50061200000003,0.8917966,-0.3210648,-0.4531917,-48.80843,-11.482,29.78393
39.664611816,17.68885,-87.2437899999998,-5.84236700000003,1.14773,-0.3274218,-0.4794793,-48.80843,-11.482,29.78393
39.674610138,28.5187,-84.0981100000001,-7.00081100000001,1.042005,-0.1732963,-0.5075707,-48.80843,-11.482,29.78393
39.684607506,34.91816,-86.4722100000002,-7.30566500000003,0.9826366,-0.02647044,-0.6898425,-47.33929,-10.68279,33.01601
39.694604397,33.31829,-85.6412699999998,-11.39071,0.8890663,0.08054248,-0.5825059,-47.33929,-10.68279,33.01601
39.704602718,33.31829,-84.8103400000001,-13.76857,0.954073,0.07023879,-0.5744808,-47.33929,-10.68279,33.01601
39.714600086,35.65656,-79.8840900000002,-18.03652,0.948692,0.1222501,-0.6142067,-47.33929,-10.68279,33.01601
39.724597931,29.9955,-78.81575,-19.19496,0.9368787,0.2066802,-0.6022434,-47.33929,-10.68279,33.01601
39.734595299,23.22684,-81.1898399999998,-17.91458,0.9195457,0.1692965,-0.614168,-45.11728,-9.884504,35.47965
39.744592667,13.81226,-81.5459600000003,-15.7806,0.9013283,0.1534128,-0.6112607,-45.11728,-9.884504,35.47965
39.754590511,2.244012,-80.0028,-15.23186,0.8703741,0.08681654,-0.7059476,-45.11728,-9.884504,35.47965
39.764587879,-5.632242,-77.2725900000003,-12.61012,0.8703823,-0.04423055,-0.7418071,-45.11728,-9.884504,35.47965
39.774585724,-5.632242,-71.5747600000002,-12.42721,0.8554178,-0.1318616,-0.8331664,-45.11728,-9.884504,35.47965
39.784583092,-7.47823899999999,-68.1916699999999,-10.47614,0.8236781,-0.1256617,-0.7244759,-43.27339,-9.082489,38.71451
39.79458046,-9.13963599999997,-62.3751400000002,-9.01284600000001,0.7983576,-0.1817936,-0.8560258,-43.27339,-9.082489,38.71451
39.804578304,-4.893843,-54.83739,-11.20779,0.7915581,-0.157202,-0.8622417,-43.27339,-9.082489,38.71451
39.814575672,-1.078783,-48.78345,-14.43924,0.8138419,-0.1241686,-0.8584605,-43.27339,-9.082489,38.71451
39.824573517,0.2749484,-44.27267,-15.71963,0.8905346,-0.0815579,-0.8284549,-40.6477,-9.432806,39.96151
39.834570885,3.228544,-38.99031,-17.18293,0.9367993,-0.001728314,-0.8074987,-40.6477,-9.432806,39.96151
39.844568253,2.367078,-36.31945,-18.82914,0.974009,0.1713284,-0.7750649,-40.6477,-9.432806,39.96151
39.854566097,-8.52430299999999,-35.78528,-18.2804,1.033857,0.2286793,-0.7440766,-40.6477,-9.432806,39.96151
39.864563465,-17.13896,-33.7673,-17.60972,1.064008,0.2059322,-0.7460376,-40.6477,-9.432806,39.96151
39.874561787,-21.32322,-32.16478,-19.19496,1.036654,0.209174,-0.7574766,-38.76701,-10.16257,41.97898
39.884558678,-25.19981,-31.86802,-20.96312,1.071765,0.182362,-0.7364736,-38.76701,-10.16257,41.97898
39.894556046,-28.64567,-30.08745,-21.57282,1.078434,0.1652675,-0.7072876,-38.76701,-10.16257,41.97898
39.904554367,-35.96813,-28.48494,-24.49942,1.147517,0.1452158,-0.7112315,-38.76701,-10.16257,41.97898
39.914551735,-39.41399,-28.01012,-28.76737,1.195069,0.1053065,-0.6615322,-38.76701,-10.16257,41.97898
39.92454958,-42.98291,-26.58566,-31.08426,1.094445,0.09360933,-0.6072747,-36.87756,-10.90921,41.99693
39.934546947,-49.9977,-27.71336,-30.96232,1.123357,0.08415907,-0.6403444,-36.87756,-10.90921,41.99693
39.944544315,-52.27443,-26.64502,-29.98679,1.241768,0.08709601,-0.5223433,-36.87756,-10.90921,41.99693
39.95454216,-60.4583499999998,-24.38963,-31.08426,1.302079,0.09469348,-0.4597569,-36.87756,-10.90921,41.99693
39.964539528,-68.0269399999999,-22.72776,-31.87688,1.30435,0.1306595,-0.4109554,-36.87756,-10.90921,41.99693
39.974537373,-74.7340599999998,-20.47237,-33.46212,1.285422,0.1022028,-0.3467859,-35.027,-12.7974,42.02052
39.98453474,-81.8719200000002,-19.76014,-34.74251,1.281552,0.02449505,-0.2807156,-35.027,-12.7974,42.02052
39.994532108,-83.41025,-19.28532,-36.20581,1.245073,-0.08253284,-0.2681815,-35.027,-12.7974,42.02052
40.004529953,-74.4264000000001,-19.76014,-38.46172,1.24696,-0.1854425,-0.3662664,-35.027,-12.7974,42.02052
40.014527321,-56.15103,-20.76913,-39.5592,1.177955,-0.195544,-0.3651863,-35.027,-12.7974,42.02052
40.024525166,-41.99838,-23.49934,-42.24191,1.173442,-0.1624795,-0.3532225,-32.72601,-15.07301,40.82386
40.034522533,-24.58448,-20.94719,-40.96152,1.118236,-0.05296507,-0.4268552,-32.72601,-15.07301,40.82386
40.044520378,-16.09289,-21.00654,-37.79105,1.112487,0.04788503,-0.3330703,-32.72601,-15.07301,40.82386
40.054517746,-17.01589,-19.9382,-28.52349,1.052912,0.02800536,-0.3588044,-32.72601,-15.07301,40.82386
40.064515114,-23.35381,-15.24936,-22.18253,0.9520235,0.001674606,-0.4160509,-32.72601,-15.07301,40.82386
40.074513435,-6.49370699999998,-14.00296,-24.07262,0.847243,-0.0245883,-0.4574976,-30.41546,-17.73225,39.24223
40.084510326,7.35127000000003,-11.51016,-23.34098,0.7814997,0.02359456,-0.5196103,-30.41546,-17.73225,39.24223
40.094508648,19.90405,-12.40045,-24.07262,0.8043972,0.07390059,-0.594321,-30.41546,-17.73225,39.24223
40.104506016,26.36504,-16.67382,-25.71884,0.8590245,0.09513405,-0.6753011,-30.41546,-17.73225,39.24223
40.114503384,27.0419,-20.47237,-26.81631,0.927658,0.103454,-0.4988283,-30.41546,-17.73225,39.24223
40.124501228,26.91884,-20.11626,-25.90175,0.9051192,0.03275332,-0.4762777,-27.77905,-18.10327,38.03822
40.134498596,27.9649,-25.0425,-23.64583,0.8379489,-0.0003504842,-0.6029748,-27.77905,-18.10327,38.03822
40.144496441,28.5187,-33.47054,-23.82874,0.7267824,0.081872,-0.564516,-27.77905,-18.10327,38.03822
40.154493809,28.58023,-44.86619,-21.51185,0.6707503,0.02515863,-0.7462627,-27.77905,-18.10327,38.03822
40.164491177,22.54998,-62.5532000000002,-19.7437,0.7921776,0.09259108,-0.9675939,-27.77905,-18.10327,38.03822
40.174489021,3.474676,-72.4056899999998,-16.51225,1.156287,0.07470957,-0.4169043,-25.17238,-16.95613,36.43909
40.184486389,-11.4779,-53.29423,-4.013244,1.205755,-0.1046518,0.2133403,-25.17238,-16.95613,36.43909
40.194484234,-9.07810300000001,-38.04067,3.791013,0.9226784,0.03999684,-0.148007,-25.17238,-16.95613,36.43909
40.204481602,-3.786245,-36.14139,-1.330531,0.7726911,0.2373254,-0.3507126,-25.17238,-16.95613,36.43909
40.21447897,-13.5085,-39.70254,-4.196156,0.7936276,0.207949,-0.5259004,-25.17238,-16.95613,36.43909
40.224476814,-35.41433,-43.38238,-2.428004,0.8699719,0.1617718,-0.6389655,-21.8199,-15.79629,35.68403
40.234474182,-52.0283,-38.99031,-0.598881400000002,0.8513589,0.2179565,-0.6719693,-21.8199,-15.79629,35.68403
40.244472027,-60.1506900000001,-32.69896,-0.7817937,0.7899942,0.2427271,-0.6469827,-21.8199,-15.79629,35.68403
40.254469395,-62.3658799999999,-24.27092,-0.720822899999998,0.7679384,0.1734466,-0.5765758,-21.8199,-15.79629,35.68403
40.264466763,-59.7814899999997,-13.11268,-0.2940276,0.7409782,0.07815966,-0.5760257,-21.8199,-15.79629,35.68403
40.274465084,-52.82823,-2.013783,-1.025677,0.7077566,0.03008185,-0.6070628,-17.69488,-15.4057,33.26158
40.284461975,-43.29058,7.72000599999998,-3.098683,0.6854638,-0.003228108,-0.6409943,-17.69488,-15.4057,33.26158
40.294460297,-33.38373,17.5725,-5.29363,0.6736274,-0.04851511,-0.6787695,-17.69488,-15.4057,33.26158
40.304457665,-22.73848,26.89082,-7.61051899999998,0.6576909,-0.1104499,-0.774441,-17.69488,-15.4057,33.26158
40.314454556,-10.67797,34.42857,-7.976343,0.6227451,-0.1451879,-0.8308431,-17.69488,-15.4057,33.26158
40.324452877,1.505613,41.4915,-6.63498599999997,0.6116084,-0.1230722,-0.8327436,-13.99581,-15.40528,30.06391
40.334450245,10.30486,50.63177,-7.12275300000002,0.5827463,-0.03821226,-0.790122,-13.99581,-15.40528,30.06391
40.34444809,18.36572,62.4428899999999,-6.08625000000001,0.6457182,0.03724342,-0.6461997,-13.99581,-15.40528,30.06391
40.354445458,26.36504,85.7090100000003,-5.476542,0.6697921,0.2377324,-0.5084634,-13.99581,-15.40528,30.06391
40.364443302,26.24197,107.0759,-9.13478800000001,0.7093005,0.3947917,-0.3707428,-10.99081,-15.3964,28.47364
40.37444067,14.48913,126.3654,-12.30527,0.7806715,0.2030216,-0.2932885,-10.99081,-15.3964,28.47364
40.384438038,4.582274,147.6729,-8.829934,0.7876617,-0.06798878,-0.3985177,-10.99081,-15.3964,28.47364
40.394435883,9.01266799999998,165.4193,-4.50101,0.7555192,-0.1779381,-0.6080497,-10.99081,-15.3964,28.47364
40.404433251,25.93431,178.5361,-2.793829,0.7689206,-0.2473808,-0.7908712,-10.99081,-15.3964,28.47364
40.414431095,48.64007,191.0001,-2.671887,0.8215631,-0.2770666,-0.9091636,-9.154722,-13.48383,28.0904
40.424428463,70.0536300000003,202.0397,-4.135185,0.8637748,-0.2442282,-1.022668,-9.154722,-13.48383,28.0904
40.434425831,83.4063400000002,209.0432,-5.78139599999999,0.8640759,-0.1584572,-1.102613,-9.154722,-13.48383,28.0904
40.444423676,87.5906000000003,211.4173,-6.57401600000003,0.8590192,-0.09764865,-1.137556,-9.154722,-13.48383,28.0904
40.454421044,86.7906700000002,212.0109,-3.952273,0.8837944,-0.118737,-1.106007,-9.154722,-13.48383,28.0904
40.464419365,86.2983999999997,214.6224,2.205774,0.9267079,-0.1707637,-1.042897,-8.769613,-14.23138,29.32275
40.474416256,89.4981299999998,219.786,8.97352800000002,0.9386976,-0.1314742,-0.917541,-8.769613,-14.23138,29.32275
40.484413624,95.5899200000001,226.9083,9.94906,0.9252219,0.06925704,-0.8314256,-8.769613,-14.23138,29.32275
40.494411945,96.08219,234.3867,9.339353,1.017493,0.1942323,-0.6497597,-8.769613,-14.23138,29.32275
40.504409313,90.6672700000001,242.2806,11.22945,1.130776,0.08163313,-0.5077912,-8.769613,-14.23138,29.32275
40.514407158,85.0677399999999,250.3525,17.93623,1.135545,-0.09632997,-0.58289,-11.80606,-12.71884,30.9049
40.524404526,86.9752700000001,252.4298,24.8869,1.097375,-0.1423137,-0.6928841,-11.80606,-12.71884,30.9049
40.534402371,92.7593899999998,252.7859,30.25232,1.117597,-0.1836105,-0.788624,-11.80606,-12.71884,30.9049
40.544399738,100.2049,252.4892,35.67872,1.152089,-0.1540147,-0.8681354,-11.80606,-12.71884,30.9049
40.554397106,104.3892,248.9874,38.72726,1.158083,-0.08466988,-0.8968783,-11.80606,-12.71884,30.9049
40.564394951,101.7432,243.9424,39.94667,1.149119,-0.02119647,-0.8447142,-18.52461,-10.8743,30.00667
40.574392319,92.4517300000002,239.1349,40.98318,1.118744,0.06742995,-0.759019,-18.52461,-10.8743,30.00667
40.584390164,77.7452899999999,232.8435,41.95871,1.091992,0.1707062,-0.6733338,-18.52461,-10.8743,30.00667
40.594387531,57.13165,224.7716,44.09269,1.073271,0.2358394,-0.5780813,-18.52461,-10.8743,30.00667
40.604384899,31.53383,217.3526,47.50705,1.047195,0.2511473,-0.4952461,-18.52461,-10.8743,30.00667
40.614382744,4.828408,208.2123,51.89694,1.002574,0.2672834,-0.4410934,-26.81473,-7.987227,26.31759
40.624380112,-19.53875,198.8346,56.22587,0.9811606,0.2410494,-0.3941488,-26.81473,-7.987227,26.31759
40.634378433,-38.98325,188.9228,59.6402300000001,0.9612863,0.18392,-0.3811779,-26.81473,-7.987227,26.31759
40.644375324,-53.56663,177.8833,62.3839100000002,0.9508783,0.1414901,-0.3754059,-26.81473,-7.987227,26.31759
40.654372692,-62.9196800000002,167.1405,63.6033299999997,0.9324197,0.08682273,-0.3619595,-26.81473,-7.987227,26.31759
40.664371014,-65.5040699999999,157.7034,63.1155700000001,0.8979005,0.03073024,-0.3633206,-35.09544,-5.057468,20.17716
40.674367905,-62.1197500000001,148.4445,61.71323,0.8499836,0.01392293,-0.3440897,-35.09544,-5.057468,20.17716
40.684366226,-57.4432299999999,139.1262,59.3353799999998,0.7883227,0.002049066,-0.3401506,-35.09544,-5.057468,20.17716
40.694363594,-50.48997,128.5021,55.92101,0.7283466,0.0556176,-0.3572886,-35.09544,-5.057468,20.17716
40.704360962,-45.01351,118.9463,52.07986,0.691988,0.04647252,-0.3222868,-35.09544,-5.057468,20.17716
40.714358807,-43.10598,111.0525,50.86044,0.6341398,-0.01153337,-0.2700062,-39.53733,-3.250535,12.84558
40.724356174,-37.93719,103.3367,50.12879,0.6024053,-0.05954576,-0.2440954,-39.53733,-3.250535,12.84558
40.734354019,-29.50714,99.9535799999998,49.51908,0.6329078,-0.099056,-0.1670876,-39.53733,-3.250535,12.84558
40.744351387,-18.36962,99.9535799999998,48.8484,0.64226,-0.1804778,-0.110611,-39.53733,-3.250535,12.84558
40.754349232,5.25914,101.0813,46.10472,0.655939,-0.1812705,-0.06756282,-39.53733,-3.250535,12.84558
40.7643466,25.62664,101.3187,40.25153,0.6711996,-0.1634225,-0.06185111,-42.58068,-0.2639675,8.808096
40.774343967,40.02541,101.6748,36.04454,0.6669376,-0.09201628,-0.05564058,-42.58068,-0.2639675,8.808096
40.784341812,45.80954,100.1316,32.44727,0.6378716,-0.02375352,-0.07379337,-42.58068,-0.2639675,8.808096
40.79433918,42.97901,95.4427999999998,30.49621,0.5898362,-0.007825247,-0.03494908,-42.58068,-0.2639675,8.808096
40.804337025,34.85662,89.56692,29.76456,0.5351108,-0.05160791,-0.02814234,-42.58068,-0.2639675,8.808096
40.814334393,26.8573,83.5129799999998,30.86203,0.5169979,-0.09912403,-0.03049141,-44.11015,2.339874,3.17125
40.82433176,19.28872,78.7054400000002,31.77659,0.533062,-0.09836018,-0.0348268,-44.11015,2.339874,3.17125
40.834329605,9.25880099999997,69.6245199999999,34.09348,0.5717721,-0.08408553,-0.04542662,-44.11015,2.339874,3.17125
40.844326973,-4.278511,58.8817499999999,35.80066,0.6149783,-0.07546999,-0.04693989,-44.11015,2.339874,3.17125
40.854325294,-20.46175,48.79184,37.56881,0.6411425,-0.09262147,-0.01300219,-44.11015,2.339874,3.17125
40.864322662,-35.96813,35.79368,39.39794,0.6045296,-0.1153131,-0.02393977,-44.12382,3.826974,-0.9003811
40.874320507,-47.53637,24.04191,42.14162,0.5954381,-0.1499068,-0.01434349,-44.12382,3.826974,-0.9003811
40.884317875,-56.08949,13.8333,45.00725,0.6136423,-0.1841796,0.02439826,-44.12382,3.826974,-0.9003811
40.894315243,-59.8430200000002,6.59230999999998,47.08025,0.6194139,-0.2058409,0.03444387,-44.12382,3.826974,-0.9003811
40.904313087,-57.81242,-1.360907,45.7389,0.608271,-0.2087968,0.05408568,-44.12382,3.826974,-0.9003811
40.914310455,-51.2899,-7.889668,43.05618,0.6524624,-0.2254606,0.1023491,-44.14484,5.328239,-3.295005
40.9243083,-38.61406,-13.40944,39.03211,0.7263993,-0.2428541,0.1658753,-44.14484,5.328239,-3.295005
40.934305668,-18.00042,-18.75115,34.39833,0.7880552,-0.3072941,0.2126849,-44.14484,5.328239,-3.295005
40.944303036,11.41246,-24.44898,27.56961,0.8054532,-0.3525245,0.1710301,-44.14484,5.328239,-3.295005
40.95430088,45.748,-30.97774,18.424,0.7928446,-0.3058971,0.08968213,-44.16056,6.08895,-3.299061
40.964298248,75.9608200000001,-39.76189,9.64420700000001,0.8515905,-0.2417824,0.1187563,-44.16056,6.08895,-3.299061
40.974296093,96.2052499999997,-48.8428,3.912955,0.8129532,-0.1604596,-0.04439167,-44.16056,6.08895,-3.299061
40.984293461,109.3118,-62.67191,-3.586449,0.7193245,0.02165438,-0.1730123,-44.16056,6.08895,-3.299061
40.994291306,110.1733,-80.41827,-8.40313799999999,0.6952504,0.159929,-0.2510138,-44.16056,6.08895,-3.299061
41.004288673,99.4049799999998,-97.7491500000003,-9.56158399999997,0.7480631,0.1737498,-0.3415604,-43.85658,9.514966,-3.314532
41.014286041,85.9292100000002,-115.08,-9.31770000000002,0.7968892,0.08750527,-0.4722745,-43.85658,9.514966,-3.314532
41.024284363,81.3757500000003,-130.8084,-9.25672899999999,0.9729289,-0.09711711,-0.3179538,-43.85658,9.514966,-3.314532
41.034281254,-65.9348099999999,10.74698,28.97194,3.185838,-0.2239214,6.362972,-43.85658,9.514966,-3.314532
41.044279575,20.15018,89.1514500000001,82.8091200000002,4.809184,-2.538338,3.405052,-43.85658,9.514966,-3.314532
41.054276943,204.6268,-4.862697,14.21701,0.3491051,-0.4560865,-1.395484,-44.94657,7.614554,-2.151729
41.064274311,215.7643,-65.5208199999999,-27.12116,-0.5912517,1.868997,-1.55716,-44.94657,7.614554,-2.151729
41.074272156,62.66964,-114.1304,-32.42562,1.413625,0.9139856,1.101431,-44.94657,7.614554,-2.151729
41.084269524,35.71809,-105.4056,-12.30527,1.708393,0.9018804,0.5232793,-44.94657,7.614554,-2.151729
41.094267368,108.4504,-104.1592,-18.46332,1.628665,1.089553,0.1228018,-44.94657,7.614554,-2.151729
41.104264736,76.14542,-124.8138,-27.60893,1.116389,1.642485,0.1599242,-43.86952,9.905128,-2.155555
41.114262581,-1.509515,-136.5656,-29.49902,1.377347,1.232454,-0.1266136,-43.86952,9.905128,-2.155555
41.124259949,-68.5192000000001,-140.1861,-16.51225,1.411224,0.5174441,-0.1671675,-43.86952,9.905128,-2.155555
41.134257317,-118.9149,-141.017,1.1083,1.258276,-0.4007464,-0.44711,-43.86952,9.905128,-2.155555
41.144255161,-122.1146,-146.5368,16.59487,1.13689,-0.8723506,-0.7415799,-43.86952,9.905128,-2.155555
41.154252529,-80.7643200000002,-138.999,16.41196,1.133587,-0.712122,-0.3247755,-43.12825,9.56145,1.528553
41.164250374,-52.88977,-127.7221,1.474125,1.058854,-0.4668567,-0.2313861,-43.12825,9.56145,1.528553
41.174247742,-59.2892199999999,-123.9235,-1.391501,1.008086,-0.2568841,-0.3289812,-43.12825,9.56145,1.528553
41.184246063,-83.1641200000002,-124.2797,6.41275599999997,1.032944,-0.3118229,-0.4386043,-43.12825,9.56145,1.528553
41.194242954,-87.4714400000001,-121.6682,7.69314200000002,1.187115,-0.5029738,-0.4192022,-43.12825,9.56145,1.528553
41.204240322,-62.6735499999999,-111.7563,-2.123151,1.186802,-0.5091023,-0.2918989,-43.54693,10.37383,7.971746
41.214238644,-30.79933,-101.429,-16.32934,1.053938,-0.5406669,-0.161965,-43.54693,10.37383,7.971746
41.224236012,-9.13963599999997,-91.9919700000001,-22.73127,0.9486739,-0.6204422,-0.2617834,-43.54693,10.37383,7.971746
41.234233856,18.61185,-84.1574600000002,-23.88971,0.8839951,-0.4978839,-0.2703165,-43.54693,10.37383,7.971746
41.244231224,36.57955,-76.7384200000002,-26.51146,0.9357232,-0.2669623,-0.2120799,-43.54693,10.37383,7.971746
41.254228592,37.74868,-71.63412,-28.46252,1.014611,-0.0548322,-0.1419214,-42.07839,10.80902,13.14087
41.264226437,27.34957,-69.0226099999998,-27.30408,1.044356,0.0477725,-0.1453497,-42.07839,10.80902,13.14087
41.274223805,13.81226,-66.05499,-24.37748,1.040391,0.104559,-0.09127827,-42.07839,10.80902,13.14087
41.28672123,-0.0942510000000003,-62.3751400000002,-18.7072,1.011164,0.02627483,-0.08642141,-42.07839,10.80902,13.14087
41.294219017,-2.186381,-59.6449299999999,-15.7806,0.9983647,-0.01790484,-0.05432312,-42.07839,10.80902,13.14087
41.304216385,-0.2788507,-56.4399,-13.40274,1.006442,-0.05919504,-0.07011958,-41.6916,10.05821,13.98621
41.31671381,7.35127000000003,-51.81042,-12.06138,1.045649,-0.04462107,-0.04913434,-41.6916,10.05821,13.98621
41.324211598,8.27426799999999,-50.0892,-11.26876,1.046684,-0.02167803,-0.0400491,-41.6916,10.05821,13.98621
41.334209442,1.936346,-48.54604,-9.31770000000002,1.039442,-0.02519199,-0.03668554,-41.6916,10.05821,13.98621
41.34420681,-5.447642,-49.19891,-7.244694,1.015647,-0.056737,-0.08688643,-41.6916,10.05821,13.98621
41.354204655,-11.53943,-48.30863,-6.39110400000002,1.006655,-0.09745397,-0.1093533,-40.56039,9.322822,15.99811
41.366701603,-23.47688,-50.02985,-3.952273,1.003357,-0.07764377,-0.114617,-40.56039,9.322822,15.99811
41.376699448,-31.90693,-51.69172,-1.513443,1.008592,-0.1234382,-0.1385432,-40.56039,9.322822,15.99811
41.384197712,-35.35279,-52.52265,-0.3549984,1.036352,-0.1743337,-0.1313998,-40.56039,9.322822,15.99811
41.394194603,-33.3222,-53.88775,-0.720822899999998,1.053985,-0.2314975,-0.1500803,-40.56039,9.322822,15.99811
41.404192925,-25.56901,-55.25286,-3.037712,1.043322,-0.2346458,-0.1524538,-39.83368,10.10278,17.61213
41.414190292,-16.95436,-54.48127,-5.29363,1.054415,-0.2814674,-0.1950543,-39.83368,10.10278,17.61213
41.426687241,-4.709243,-48.90215,-9.07381699999998,0.9716758,-0.2350465,-0.200665,-39.83368,10.10278,17.61213
41.434185505,2.244012,-49.49568,-12.2443,0.9586124,-0.1345865,-0.1336674,-39.83368,10.10278,17.61213
41.444182873,5.013007,-50.38596,-13.64662,0.9853957,-0.08146601,-0.1217634,-39.83368,10.10278,17.61213
41.456679821,4.336142,-53.35358,-14.37827,0.9829984,0.01917207,-0.1643784,-39.06766,8.980954,19.23628
41.466677189,-0.6480501,-55.54962,-14.19536,0.9741744,0.07393107,-0.1619842,-39.06766,8.980954,19.23628
41.476675511,-6.24757399999999,-58.2798300000002,-15.04895,0.9524716,0.1402517,-0.1428204,-39.06766,8.980954,19.23628
41.486672402,-15.78522,-61.6035600000001,-13.15886,0.9495585,0.1397214,-0.1413795,-39.06766,8.980954,19.23628
41.494170666,-22.06161,-64.3931300000002,-10.781,0.9480864,0.1137137,-0.1657776,-39.06766,8.980954,19.23628
41.506668091,-28.09187,-67.7168600000002,-8.15925599999997,0.9317573,0.02136735,-0.2384689,-38.31737,8.619843,20.85638
41.516665459,-29.19947,-69.2600199999998,-7.12275300000002,0.8868194,-0.05184778,-0.2828793,-38.31737,8.619843,20.85638
41.526663303,-28.39954,-70.09095,-6.26916200000001,0.8314145,-0.08700314,-0.3406813,-38.31737,8.619843,20.85638
41.536660671,-27.415,-70.98124,-6.08625000000001,0.780368,-0.09260352,-0.3113978,-38.31737,8.619843,20.85638
41.546658516,-28.95334,-72.8805200000001,-5.598484,0.7788565,-0.1416345,-0.3027681,-36.45438,8.654611,23.32129
41.556655884,-26.43047,-74.36432,-4.927805,0.7831223,-0.187277,-0.3080282,-36.45438,8.654611,23.32129
41.566653729,-21.56935,-75.7294199999998,-5.110718,0.7979124,-0.1712382,-0.3396441,-36.45438,8.654611,23.32129
41.576651096,-14.30843,-77.8067599999998,-5.3546,0.8535845,-0.1516287,-0.3349605,-36.45438,8.654611,23.32129
41.586648464,0.8287475,-76.3822999999997,-9.25672899999999,0.8950348,-0.153993,-0.3642252,-36.45438,8.654611,23.32129
41.596646309,15.28906,-76.2636000000001,-13.15886,0.9243529,-0.05568338,-0.4112021,-36.0606,7.159971,26.1702
41.606643677,23.41144,-74.60173,-17.97555,0.8749042,0.008376874,-0.4197468,-36.0606,7.159971,26.1702
41.616641521,25.38051,-73.7707999999998,-19.31691,0.8340173,0.05748507,-0.434524,-36.0606,7.159971,26.1702
41.626638889,22.73458,-73.5927399999999,-22.12156,0.7997867,0.03702898,-0.471788,-36.0606,7.159971,26.1702
41.636636257,15.65826,-73.9488500000001,-20.84118,0.830615,-0.04646398,-0.4225269,-36.0606,7.159971,26.1702
41.646634579,13.56613,-74.8984900000001,-20.47535,0.8261876,-0.09534204,-0.3909205,-33.51308,7.569898,27.41268
41.65663147,14.24299,-76.7384200000002,-23.03612,0.8885909,-0.07064798,-0.3761998,-33.51308,7.569898,27.41268
41.666629791,18.91952,-77.3913000000001,-25.23107,0.9514832,-0.07307457,-0.405502,-33.51308,7.569898,27.41268
41.676627159,19.10412,-78.7563999999999,-25.84078,0.9885653,-0.0501597,-0.424237,-33.51308,7.569898,27.41268
41.686625004,18.73492,-81.2492000000002,-22.36544,1.10316,-0.1061034,-0.4129366,-33.51308,7.569898,27.41268
41.696622372,29.9955,-80.2995600000001,-24.49942,1.08063,-0.07317548,-0.3770126,-32.41502,8.359204,29.80347
41.706619739,32.14916,-80.2995600000001,-24.43845,1.043496,0.03434961,-0.4415833,-32.41502,8.359204,29.80347
41.716617584,26.98037,-79.8247400000001,-23.34098,0.9737769,0.05898302,-0.572598,-32.41502,8.359204,29.80347
41.726614952,21.62698,-79.1125100000001,-22.91418,0.948257,0.06872746,-0.5677702,-32.41502,8.359204,29.80347
41.736612797,14.73526,-77.92546,-22.12156,0.9021243,0.0350615,-0.5360951,-32.41502,8.359204,29.80347
41.746610165,5.136074,-75.6107299999999,-21.08506,0.8897257,-0.03282679,-0.5997066,-30.92141,8.380807,31.0401
41.756608009,-0.4634504,-71.69347,-20.53632,0.8573969,-0.07649156,-0.6283536,-30.92141,8.380807,31.0401
41.766605377,-7.232106,-68.9039100000002,-20.10953,0.8368412,-0.09786773,-0.6364481,-30.92141,8.380807,31.0401
41.776602745,-11.41637,-65.2240599999999,-19.92661,0.7922394,-0.08498123,-0.6717882,-30.92141,8.380807,31.0401
41.78660059,-15.72369,-64.3931300000002,-20.96312,0.8394952,-0.0574339,-0.6311988,-30.92141,8.380807,31.0401
41.796597958,-19.35415,-62.4345,-22.79224,0.8817995,-0.07838651,-0.6226527,-27.9148,7.656214,32.67891
41.806596279,-18.24655,-60.41651,-24.86525,0.9027116,-0.1015827,-0.6006687,-27.9148,7.656214,32.67891
41.81659317,-14.12383,-57.27084,-27.79184,0.8087087,-0.05418626,-0.6876179,-27.9148,7.656214,32.67891
41.826591492,-12.4009,-56.14314,-30.23067,0.8419496,-0.03346555,-0.6723667,-27.9148,7.656214,32.67891
41.83658886,-9.13963599999997,-53.35358,-31.633,0.8344447,0.003567754,-0.6450844,-27.9148,7.656214,32.67891
41.846585751,-10.06263,-53.11617,-33.40115,0.8286689,0.02587275,-0.6379014,-27.17237,7.67546,34.29698
41.856584072,-10.80103,-52.34459,-35.47416,0.8096753,0.02484048,-0.6565325,-27.17237,7.67546,34.29698
41.86658144,-10.12417,-51.92912,-37.97396,0.8100666,0.003917632,-0.6603564,-27.17237,7.67546,34.29698
41.876579285,-9.878035,-51.03884,-39.07143,0.7825733,0.01438442,-0.6784971,-27.17237,7.67546,34.29698
41.886576653,-11.1087,-50.44531,-39.80308,0.7644514,0.01941561,-0.673681,-27.17237,7.67546,34.29698
41.896574497,-11.2933,-50.14855,-41.08347,0.7662205,0.02926589,-0.6631579,-24.89613,6.177995,35.16028
41.906571865,-10.06263,-47.71511,-41.69318,0.7433024,0.05525038,-0.6947107,-24.89613,6.177995,35.16028
41.916569233,-9.20116899999999,-45.63777,-42.54676,0.7438399,0.07785022,-0.7219962,-24.89613,6.177995,35.16028
41.926567078,-8.093571,-43.61979,-43.58327,0.7560246,0.1039555,-0.7100599,-24.89613,6.177995,35.16028
41.936564445,-7.29363900000002,-40.77088,-44.19298,0.7782457,0.1404244,-0.7024508,-24.13797,5.436529,36.78241
41.94656229,-7.90897099999997,-37.26909,-46.57084,0.7584574,0.1544353,-0.7746848,-24.13797,5.436529,36.78241
41.956559658,-9.26270200000001,-36.61621,-49.13161,0.7974698,0.1270741,-0.7690029,-24.13797,5.436529,36.78241
41.966557026,-9.63190200000001,-31.3932,-48.82676,0.8015362,0.09215786,-0.7699581,-24.13797,5.436529,36.78241
41.976554871,-10.86257,-28.01012,-48.5219,0.798559,0.1198933,-0.8125534,-24.13797,5.436529,36.78241
41.986552238,-12.5855,-25.16121,-48.88773,0.8476615,0.1271333,-0.7647833,-22.98568,3.93008,37.57286
41.99655056,-13.26236,-21.48136,-50.47297,0.8543882,0.1320774,-0.7700605,-22.98568,3.93008,37.57286
42.006547451,-11.97016,-19.40403,-53.39956,0.8483101,0.1175404,-0.8054608,-22.98568,3.93008,37.57286
42.016545773,-8.21663800000001,-15.48677,-55.47257,0.8594433,0.1473809,-0.8078808,-22.98568,3.93008,37.57286
42.02654314,-8.21663800000001,-12.5785,-58.64305,0.8684255,0.1885792,-0.7858925,-22.98568,3.93008,37.57286
42.036540985,-10.61643,-10.20441,-61.2647900000002,0.9171727,0.1875941,-0.7864559,-21.85021,3.551624,36.80923
42.046538353,-10.61643,-8.364487,-62.5451699999999,0.9664167,0.1869259,-0.7535198,-21.85021,3.551624,36.80923
42.056535721,-11.6625,-7.71161000000001,-62.5451699999999,1.031008,0.1742204,-0.6885428,-21.85021,3.551624,36.80923
42.066533566,-15.78522,-5.634277,-66.5082700000001,1.0833,0.2421283,-0.7618736,-21.85021,3.551624,36.80923
42.076530933,-17.50816,-5.218811,-68.76419,1.196609,0.2306002,-0.6735315,-21.85021,3.551624,36.80923
42.086528778,-17.44662,-4.20982,-71.2639899999998,1.183921,0.2070867,-0.6136814,-21.43615,1.652659,36.82215
42.096526146,-19.04649,-5.45622,-73.1540799999998,1.197574,0.2062485,-0.6285409,-21.43615,1.652659,36.82215
42.106523514,-20.03102,-6.46521000000002,-72.97117,1.327136,0.2372526,-0.5474167,-21.43615,1.652659,36.82215
42.116521359,-22.98461,-6.99938200000001,-72.9102,1.42834,0.2215979,-0.4590526,-21.43615,1.652659,36.82215
42.126518726,-27.29194,-5.337515,-77.7268900000003,1.415854,0.188195,-0.3652213,-21.43615,1.652659,36.82215
42.136516571,-30.98393,-5.278163,-79.0682399999999,1.437054,0.07162912,-0.3513495,-21.02379,-0.2430391,37.22207
42.146513939,-27.96881,-2.666659,-80.2876700000002,1.371044,0.03355664,-0.2803954,-21.02379,-0.2430391,37.22207
42.15651226,-23.72301,2.734407,-82.3606700000001,1.350694,-0.05117648,-0.3090526,-21.02379,-0.2430391,37.22207
42.166509628,-16.58516,6.05813900000001,-82.7264899999998,1.303769,-0.09534799,-0.3084809,-21.02379,-0.2430391,37.22207
42.176507473,-9.13963599999997,7.83871000000002,-78.1536900000002,1.278785,-0.1392386,-0.2715757,-21.02379,-0.2430391,37.22207
42.186504841,-0.832649800000001,3.387283,-73.0321399999999,1.156006,-0.1930479,-0.310591,-20.98,-2.518636,38.00824
42.196502209,11.16633,-0.05515479,-72.4224300000002,1.08193,-0.2189357,-0.3243339,-20.98,-2.518636,38.00824
42.206500053,34.36436,1.131893,-70.8372000000002,0.9420588,-0.09108803,-0.4418527,-20.98,-2.518636,38.00824
42.216497421,54.73186,-2.251192,-72.8492300000001,0.8884614,0.1676607,-0.4604904,-20.98,-2.518636,38.00824
42.226495266,53.25506,-5.931039,-72.3614699999999,0.9241133,0.3220518,-0.3404697,-20.98,-2.518636,38.00824
42.236492634,45.62494,-6.88067700000001,-70.8372000000002,1.035916,0.2857713,-0.2985406,-19.84283,-2.90036,36.85761
42.246490002,43.34821,-10.85729,-64.8620599999998,0.9976478,0.2708552,-0.4118926,-19.84283,-2.90036,36.85761
42.256487846,43.59434,-20.65043,-65.2278800000001,0.9766227,0.2492558,-0.3903144,-19.84283,-2.90036,36.85761
42.266485214,53.13199,-29.85004,-70.2274899999999,1.061143,0.134598,-0.3578891,-19.84283,-2.90036,36.85761
42.276483059,73.4994900000002,-37.15038,-74.8612700000003,1.107452,0.0526816,-0.4881214,-19.84283,-2.90036,36.85761
42.286480427,98.6050499999997,-50.02985,-72.5443700000001,1.070142,-0.1973517,-0.7009583,-19.09334,-2.894735,36.86317
42.296478272,132.0176,-63.7402500000003,-63.7645899999999,1.021437,-0.6705214,-0.898882,-19.09334,-2.894735,36.86317
42.306475639,190.105,-71.5747600000002,-52.60694,1.074654,-1.277049,-1.074456,-19.09334,-2.894735,36.86317
42.316473961,270.7135,-76.9758300000002,-51.57044,1.053901,-1.250217,-1.654461,-19.09334,-2.894735,36.86317
42.326471329,319.5709,-86.8876699999999,-69.9226299999999,0.694613,0.166205,-1.367532,-19.09334,-2.894735,36.86317
42.33646822,276.8053,-104.456,-80.8973700000003,0.6660616,1.183196,-0.7321954,-16.87017,-1.733524,37.26077
42.346466541,160.3844,-106.5333,-70.4713700000002,0.7862059,1.56082,-0.6152509,-16.87017,-1.733524,37.26077
42.356463909,-8.33970399999999,-97.7491500000003,-41.87609,0.620781,1.541182,-0.8633385,-16.87017,-1.733524,37.26077
42.366461754,-151.1583,-100.6574,-14.7441,0.03541233,1.152456,-1.135006,-16.87017,-1.733524,37.26077
42.376459122,-219.0295,-108.9074,-4.440039,0.2528265,0.294045,-1.046628,-16.87017,-1.733524,37.26077
42.386456966,-221.737,-92.34809,6.10790299999999,0.5004911,-0.2016578,-0.8961804,-13.32056,4.763449,37.64064
42.396454334,-171.4028,-62.3751400000002,6.16887299999999,0.3854162,-0.1952658,-0.7988304,-13.32056,4.763449,37.64064
42.406451702,-92.5171699999999,-49.73309,-26.51146,0.1370744,-0.2099125,-1.012796,-13.32056,4.763449,37.64064
42.416449547,-13.26236,-53.41293,-61.3867300000001,0.167503,-0.1694071,-1.006638,-13.32056,4.763449,37.64064
42.426446915,44.33274,-58.6359399999998,-87.2383299999997,0.2022251,0.006599475,-0.9651075,-13.32056,4.763449,37.64064
42.436444759,83.5294100000002,-56.2025,-99.7983099999999,0.2176327,0.09595057,-0.8991139,-9.159966,2.52914,39.68291
42.446442127,107.4043,-48.13057,-107.6026,0.1689188,0.2020946,-0.7712765,-9.159966,2.52914,39.68291
42.456439972,111.5886,-38.63419,-109.0049,0.1812435,0.2225521,-0.6865953,-9.159966,2.52914,39.68291
42.46643734,98.7281199999998,-28.7817,-104.3101,0.1861401,0.3260238,-0.6478658,-9.159966,2.52914,39.68291
42.476434708,77.9298899999998,-20.35367,-100.9567,0.1822224,0.4317247,-0.611993,-9.159966,2.52914,39.68291
42.486433029,53.00893,-10.85729,-98.1521000000002,0.2093609,0.3633063,-0.5536364,-6.516848,1.414844,40.54696
42.49642992,32.08763,0.1229023,-95.2255,0.211201,0.2402206,-0.5201076,-6.516848,1.414844,40.54696
42.506428242,22.98071,11.87467,-95.5913200000002,0.2057488,0.1407659,-0.5435227,-6.516848,1.414844,40.54696
42.51642561,21.93465,24.45737,-98.2740400000001,0.2203229,0.03957096,-0.5349078,-6.516848,1.414844,40.54696
42.526423454,27.10344,38.70194,-99.9812199999997,0.2583782,-0.06574747,-0.4966608,-5.065052,3.708227,40.54591
42.536420822,36.94875,55.14255,-101.9933,0.2676621,-0.1190352,-0.4985776,-5.065052,3.708227,40.54591
42.54641819,49.37846,70.8709299999997,-105.2857,0.2492697,-0.1001012,-0.5138649,-5.065052,3.708227,40.54591
42.556416035,57.07012,84.0471499999999,-108.6391,0.2579759,-0.1228738,-0.52536,-5.065052,3.708227,40.54591
42.566413403,58.60845,97.3420799999999,-111.2608,0.2655802,-0.1652812,-0.5559912,-5.065052,3.708227,40.54591
42.576411247,58.42385,108.3816,-112.0534,0.284236,-0.1742385,-0.6191934,-5.465076,4.849751,40.92405
42.586408615,57.74699,117.6999,-113.6996,0.2846915,-0.1744498,-0.6962449,-5.465076,4.849751,40.92405
42.59640646,57.07012,123.2791,-117.4189,0.3154731,-0.1265606,-0.680518,-5.465076,4.849751,40.92405
42.606403828,55.10106,130.0452,-120.3455,0.374174,-0.1648849,-0.6940105,-5.465076,4.849751,40.92405
42.616401195,52.14746,135.4463,-124.4305,0.4417824,-0.2086969,-0.6362094,-5.465076,4.849751,40.92405
42.62639904,48.1478,139.779,-124.1256,0.5361833,-0.4065607,-0.5310363,-9.226532,5.579069,40.50518
42.636396408,48.27087,152.4211,-116.0165,0.6368824,-0.5525421,-0.5048525,-9.226532,5.579069,40.50518
42.64639473,58.5469200000001,165.6567,-109.4317,0.5795687,-0.4877813,-0.6320705,-9.226532,5.579069,40.50518
42.656391621,80.5758099999999,171.7106,-109.1878,0.5330797,-0.298138,-0.7301464,-9.226532,5.579069,40.50518
42.666389942,90.8518600000003,174.2628,-111.3218,0.5490065,-0.1859866,-0.7225458,-9.226532,5.579069,40.50518
42.67638731,86.9137299999999,176.5181,-109.7975,0.6740881,-0.1480476,-0.564365,-13.74167,6.676035,39.24023
42.686385155,73.0687599999999,185.7771,-99.7983099999999,0.9046561,-0.17243,-0.3288226,-13.74167,6.676035,39.24023
42.696382523,63.0388399999999,203.4641,-85.4092100000002,1.02814,-0.1551654,-0.2491201,-13.74167,6.676035,39.24023
42.70637989,60.2698499999997,216.8778,-75.9587400000001,0.9831614,-0.1473291,-0.2514366,-13.74167,6.676035,39.24023
42.716377735,61.9312399999998,228.9263,-70.5323400000002,0.9972612,-0.145562,-0.2481116,-13.74167,6.676035,39.24023
42.726375103,69.1306300000001,242.1619,-64.9230299999998,1.042354,-0.1334374,-0.2419719,-20.03572,6.60145,35.9684
42.736372948,75.4685500000002,255.2194,-55.53354,1.104919,-0.06629311,-0.2617199,-20.03572,6.60145,35.9684
42.746370315,77.25302,268.5737,-45.29045,1.156882,-0.05706249,-0.2680343,-20.03572,6.60145,35.9684
42.75636816,79.9604800000003,283.6492,-35.71804,1.160245,-0.1571956,-0.2254211,-20.03572,6.60145,35.9684
42.766365528,79.4682200000001,296.0538,-25.04816,1.175237,-0.2023191,-0.1971996,-20.03572,6.60145,35.9684
42.776362896,76.6992200000003,308.2804,-9.98837900000002,1.38216,-0.4561766,-0.3468107,-27.51361,6.877613,30.23474
42.786360741,94.6053900000001,323.5933,4.461692,1.490109,-0.5486411,-0.3823897,-27.51361,6.877613,30.23474
42.796358108,112.2654,340.4494,15.4974,1.556511,-0.5322713,-0.4892322,-27.51361,6.877613,30.23474
42.80635643,122.8491,356.89,25.43563,1.75602,-0.3903109,-0.5944247,-27.51361,6.877613,30.23474
42.816353321,124.0798,373.8054,32.02047,1.875119,-0.1944576,-0.637276,-27.51361,6.877613,30.23474
42.826351643,109.681,383.1237,39.03211,1.965476,0.05437014,-0.6173974,-35.73921,7.875083,20.49243
42.83634901,71.1612299999997,384.4888,50.00685,1.976886,0.2779717,-0.5815817,-35.73921,7.875083,20.49243
42.846346378,15.84286,381.2838,65.7373099999998,1.953824,0.4679701,-0.5854191,-35.73921,7.875083,20.49243
42.856344223,-46.49031,376.3576,84.2114500000001,1.959599,0.5225877,-0.6299508,-35.73921,7.875083,20.49243
42.866341591,-101.378,368.523,105.3073,1.925405,0.500171,-0.6691285,-35.73921,7.875083,20.49243
42.876339436,-143.959,356.7713,122.623,1.854096,0.4569229,-0.6742574,-42.3884,9.220498,5.535161
42.886336803,-172.2642,341.3397,127.8055,1.704862,0.4381445,-0.6514993,-42.3884,9.220498,5.535161
42.896334648,-190.6011,320.507,117.0137,1.575761,0.3596695,-0.6110538,-42.3884,9.220498,5.535161
42.906332016,-183.2787,297.597,102.3198,1.570838,0.1551225,-0.5966352,-42.3884,9.220498,5.535161
42.916329861,-145.6819,277.2391,89.8817299999998,1.48249,-0.04586878,-0.6505085,-42.3884,9.220498,5.535161
42.926327229,-101.9317,258.0683,73.2367100000002,1.29986,-0.1291802,-0.6511258,-44.25941,11.69657,-7.392662
42.936324596,-65.6886699999998,236.7608,54.21383,1.076397,-0.008575654,-0.5832882,-44.25941,11.69657,-7.392662
42.946322441,-45.99804,209.5774,39.15405,0.8793391,0.0551744,-0.5193104,-44.25941,11.69657,-7.392662
42.956319809,-33.26067,177.0523,37.93464,0.6826367,0.07277923,-0.5070077,-44.25941,11.69657,-7.392662
42.96631813,-35.04513,141.6783,42.93424,0.5045232,0.1383297,-0.4995354,-44.25941,11.69657,-7.392662
42.976315022,-50.7361,103.6928,45.12919,0.3807569,0.2161657,-0.4883324,-41.69333,16.20861,-15.91158
42.986313343,-71.5958699999998,69.2684100000003,45.25113,0.4009824,0.1765032,-0.5118077,-41.69333,16.20861,-15.91158
42.996310711,-85.3177800000001,42.14438,46.53152,0.4636383,0.1098014,-0.5018497,-41.69333,16.20861,-15.91158
43.006308079,-92.45564,20.89623,45.79987,0.5110137,0.1046482,-0.4770449,-41.69333,16.20861,-15.91158
43.016305923,-91.7172300000001,3.268578,42.50745,0.5192325,0.05852523,-0.3842036,-41.69333,16.20861,-15.91158
43.026303291,-77.0108000000001,-10.85729,38.8492,0.560365,-0.02859466,-0.3287381,-37.98176,18.86218,-20.28399
43.036301136,-47.04411,-21.60007,33.23989,0.6273376,-0.1167847,-0.2867174,-37.98176,18.86218,-20.28399
43.046298504,-4.893843,-29.07846,24.39913,0.6443831,-0.1678393,-0.2738124,-37.98176,18.86218,-20.28399
43.056296349,44.94807,-35.84463,11.77818,0.6436439,-0.1813296,-0.3125723,-37.98176,18.86218,-20.28399
43.066293716,93.0055200000002,-44.15396,-1.26956,0.6139094,-0.1040972,-0.3580051,-36.90809,21.15929,-19.51381
43.076291561,128.0795,-52.10718,-12.854,0.6315436,-0.05709839,-0.3580479,-36.90809,21.15929,-19.51381
43.086288929,155.1541,-62.5532000000002,-21.87768,0.6267143,-0.03718532,-0.507839,-36.90809,21.15929,-19.51381
43.096286297,174.1063,-71.9902300000001,-29.92582,0.596699,0.0007968247,-0.6465834,-36.90809,21.15929,-19.51381
43.106284142,180.1366,-79.4686299999999,-35.29124,0.6203852,0.03586658,-0.6887485,-36.90809,21.15929,-19.51381
43.116281509,169.799,-84.0981100000001,-35.77901,0.7054799,0.07240934,-0.649663,-37.28731,21.5303,-20.29262
43.126279831,149.493,-87.8966600000001,-31.26718,0.7319434,0.1425183,-0.6391986,-37.28731,21.5303,-20.29262
43.136276722,54.42419,-24.03351,-10.59809,2.104926,0.219347,3.084582,-37.28731,21.5303,-20.29262
43.146275044,-3.478579,44.51847,19.58244,3.486464,-0.01844023,4.115959,-37.28731,21.5303,-20.29262
43.156272411,51.22446,18.16602,30.923,1.971628,0.1487267,0.7039161,-37.28731,21.5303,-20.29262
43.166270256,92.7593899999998,-38.04067,8.42479100000002,0.6652182,0.1873563,-0.8520601,-39.45714,17.70987,-20.28902
43.176267624,106.0506,-64.86794,-19.92661,0.1909205,-0.04421727,-1.130183,-39.45714,17.70987,-20.28902
43.186264992,102.8508,-75.3733100000002,-5.537513,0.7184679,-0.8099363,0.0253338,-39.45714,17.70987,-20.28902
43.196262837,185.613,-70.74383,-3.769361,1.317918,-0.5792736,0.09314436,-39.45714,17.70987,-20.28902
43.206260204,284.8046,-71.8121700000002,-17.48778,1.237646,0.2133801,-0.09595735,-39.45714,17.70987,-20.28902
43.216258049,278.2821,-86.94702,-23.40195,1.113877,1.070487,-0.05145471,-39.04389,16.17763,-21.89064
43.226255417,205.4267,-108.67,-13.82954,1.454051,1.869825,-0.1532331,-39.04389,16.17763,-21.89064
43.236253262,81.3142100000001,-124.1609,-3.830332,1.562686,1.741761,-0.1509966,-39.04389,16.17763,-21.89064
43.246250629,-43.47518,-141.9073,28.11835,1.248142,0.9198927,-0.3359242,-39.04389,16.17763,-21.89064
43.256247997,-113.0693,-144.9936,51.83597,1.015876,0.3142599,-0.3281847,-39.04389,16.17763,-21.89064
43.266245842,-129.5602,-135.9127,55.25034,0.8987929,0.03435905,-0.3934734,-40.43917,10.9146,-20.7127
43.27624321,-132.6984,-130.3929,55.61616,0.9694966,-0.4110139,-0.4671827,-40.43917,10.9146,-20.7127
43.286241531,-120.4533,-129.4433,58.5427600000003,1.104802,-0.7692665,-0.612335,-40.43917,10.9146,-20.7127
43.296238422,-72.6419299999997,-124.9919,51.59209,1.281518,-0.8390129,-0.6504325,-40.43917,10.9146,-20.7127
43.306236744,-13.38543,-114.3085,31.89853,1.233631,-0.5153418,-0.437466,-40.43917,10.9146,-20.7127
43.316234112,15.22752,-101.0135,15.43643,1.087,-0.0990702,-0.2999662,-42.36169,12.02942,-14.66932
43.326231957,16.08899,-91.4578,9.76614900000002,1.013173,-0.08440845,-0.2376264,-42.36169,12.02942,-14.66932
43.336229324,14.24299,-81.7833700000003,7.205376,0.9806407,-0.2705483,-0.1700426,-42.36169,12.02942,-14.66932
43.346226692,31.84149,-71.63412,5.0714,0.9759156,-0.3584367,-0.2585483,-42.36169,12.02942,-14.66932
43.356224537,45.07114,-64.63053,4.27878,0.9660267,-0.2452181,-0.1848595,-42.36169,12.02942,-14.66932
43.366221905,45.80954,-59.2888199999997,4.583633,1.073157,-0.1882374,-0.1372033,-42.79771,14.33599,-11.45926
43.37621975,49.2554,-54.59998,4.644604,1.087356,-0.2454437,-0.2061283,-42.79771,14.33599,-11.45926
43.386217117,55.83945,-50.2079,0.7424754,1.048487,-0.199535,-0.2032009,-42.79771,14.33599,-11.45926
43.396214962,63.2849799999999,-46.2313,-1.818297,1.046082,-0.1232282,-0.1965163,-42.79771,14.33599,-11.45926
43.40621233,64.0233800000002,-42.90756,-2.793829,1.028509,0.008894579,-0.1644551,-42.79771,14.33599,-11.45926
43.416210651,56.45479,-41.42376,-3.159653,1.003211,0.1368281,-0.1486509,-43.9248,13.9679,-9.014557
43.426207543,46.05567,-41.3644,-2.245092,1.012904,0.1921459,-0.1252318,-43.9248,13.9679,-9.014557
43.43620491,37.56408,-41.72052,-1.208589,1.03741,0.1850261,-0.1066082,-43.9248,13.9679,-9.014557
43.446203232,31.22616,-42.43274,-0.1111153,1.045913,0.1479608,-0.08651331,-43.9248,13.9679,-9.014557
43.456200123,28.82637,-43.08562,0.1937385,1.016239,0.1198864,-0.06348271,-43.9248,13.9679,-9.014557
43.466198444,28.7033,-43.02627,0.1937385,0.9898169,0.07441746,-0.03662468,-43.92032,13.59408,-8.238525
43.476195812,29.2571,-42.01728,0.1327677,0.9904311,0.069151,0.02367619,-43.92032,13.59408,-8.238525
43.486193657,27.53417,-40.83023,-0.2940276,1.005605,0.06636063,0.05762935,-43.92032,13.59408,-8.238525
43.496191025,28.1495,-40.29606,0.925387699999998,1.011476,0.03776564,0.0001973551,-43.92032,13.59408,-8.238525
43.50618887,26.48811,-42.01728,0.620533899999998,0.9364859,0.1101321,-0.1073702,-43.92032,13.59408,-8.238525
43.516186237,16.70432,-44.45073,1.718008,0.9523763,0.1985857,-0.08732044,-44.65943,12.83809,-7.014524
43.526183605,-5.509175,-45.45972,3.730042,1.031392,0.2221029,-0.02477079,-44.65943,12.83809,-7.014524
43.53618145,-33.07607,-47.53705,9.09546899999999,1.057498,0.1285205,-0.0587711,-44.65943,12.83809,-7.014524
43.546178818,-48.39784,-49.79244,12.08304,1.047792,0.09918008,-0.1109114,-44.65943,12.83809,-7.014524
43.556176663,-61.19675,-50.44531,15.43643,1.070258,0.1473637,-0.1511634,-44.65943,12.83809,-7.014524
43.56617403,-67.6577400000001,-49.79244,17.38749,1.103892,0.1215602,-0.1229794,-44.25205,11.01287,-5.776436
43.576172352,-72.4573400000001,-51.63236,18.72885,1.160979,0.01384155,-0.1225726,-44.25205,11.01287,-5.776436
43.586169243,-65.99635,-53.35358,17.69235,1.086407,-0.09080585,-0.1922877,-44.25205,11.01287,-5.776436
43.596166611,-52.2129,-53.65034,12.26595,1.079513,-0.1648139,-0.1932138,-44.25205,11.01287,-5.776436
43.606164932,-36.52193,-53.23487,6.77858100000002,1.105729,-0.1593181,-0.1803394,-44.25205,11.01287,-5.776436
43.6161623,-25.63054,-52.582,4.095867,1.129354,-0.06718295,-0.1464254,-45.06767,13.63031,-2.957842
43.626160145,-20.70788,-52.40394,1.90092,1.119597,-0.01575719,-0.1875792,-45.06767,13.63031,-2.957842
43.636157513,-20.58482,-53.05682,-0.964705900000002,1.069388,0.03645438,-0.2147839,-45.06767,13.63031,-2.957842
43.646155357,-28.338,-52.7007,-1.940238,1.007624,0.001895247,-0.2998539,-45.06767,13.63031,-2.957842
43.656152725,-30.98393,-49.25827,-1.452472,0.9780905,-0.03490673,-0.3280289,-45.09383,14.41119,-0.575387
43.66615057,-34.36826,-45.57842,-1.086647,0.9876935,-0.02749806,-0.3357048,-45.09383,14.41119,-0.575387
43.676147938,-37.99872,-41.06764,-0.4769399,1.008996,-0.04599821,-0.3323871,-45.09383,14.41119,-0.575387
43.686145782,-41.07539,-38.99031,0.7424754,0.9766957,-0.06466884,-0.3380689,-45.09383,14.41119,-0.575387
43.69614315,-42.18298,-37.15038,0.4376215,0.9377993,-0.06934679,-0.3403928,-45.09383,14.41119,-0.575387
43.706140518,-42.05992,-36.73492,-0.659852100000001,0.9023893,-0.05208847,-0.3427284,-46.21923,14.03983,1.482309
43.716138363,-38.98325,-37.15038,-2.184121,0.8773894,-0.04362051,-0.3192368,-46.21923,14.03983,1.482309
43.726135731,-36.09119,-38.51549,-3.647419,0.8391944,-0.05932528,-0.3067231,-46.21923,14.03983,1.482309
43.736134052,-33.38373,-41.06764,-5.110718,0.8212138,-0.0870853,-0.27462,-46.21923,14.03983,1.482309
43.746130943,-30.79933,-45.99389,-6.02527899999998,0.7651373,-0.1366996,-0.264938,-46.21923,14.03983,1.482309
43.756129265,-27.23041,-52.10718,-7.366636,0.7082222,-0.1936591,-0.2595598,-44.73518,14.44505,3.103911
43.766126633,-26.30741,-59.46687,-7.61051899999998,0.6515298,-0.238064,-0.3164001,-44.73518,14.44505,3.103911
43.776124477,-25.19981,-67.5981499999997,-6.81789900000001,0.6119554,-0.2845858,-0.3230192,-44.73518,14.44505,3.103911
43.786121845,-24.64601,-76.0261900000001,-6.02527899999998,0.5740159,-0.3395372,-0.2985315,-44.73518,14.44505,3.103911
43.796119213,-22.36928,-84.8696900000002,-5.171688,0.5426695,-0.4349808,-0.3056309,-44.73518,14.44505,3.103911
43.806117058,-13.3239,-92.7635599999999,-4.561981,0.521089,-0.4541011,-0.3304743,-45.11447,14.08586,5.941173
43.816114426,5.93600600000003,-97.5711,-6.81789900000001,0.5498502,-0.4808114,-0.3376962,-45.11447,14.08586,5.941173
43.82611227,26.36504,-99.1736099999998,-9.68352500000001,0.6387533,-0.4951588,-0.45127,-45.11447,14.08586,5.941173
43.836109638,51.71673,-100.0045,-10.3542,0.7521509,-0.3600695,-0.5371677,-45.11447,14.08586,5.941173
43.846107483,80.39121,-94.9595899999999,-18.89011,0.8917753,-0.1663271,-0.5365038,-45.11447,14.08586,5.941173
43.856104851,100.3895,-88.4308300000002,-27.6699,0.9305022,0.1049135,-0.6108204,-44.74908,13.74155,9.8805
43.866103172,98.8511800000001,-85.0477399999999,-29.31611,0.7401499,0.3027,-0.6234611,-44.74908,13.74155,9.8805
43.876100063,82.3602800000003,-87.0063799999998,-26.32854,0.6392478,0.3062063,-0.553414,-44.74908,13.74155,9.8805
43.886097431,63.6541700000001,-91.6358599999999,-23.03612,0.5831557,0.2320016,-0.5226682,-44.74908,13.74155,9.8805
43.896095753,44.88654,-94.4847699999998,-20.35341,0.6413934,0.1174825,-0.4184106,-44.74908,13.74155,9.8805
43.906092644,36.39495,-100.5387,-21.14603,0.8109417,0.04576419,-0.2320431,-44.00415,13.39079,12.7261
43.916090965,39.96388,-114.2491,-23.09709,1.233365,-0.05378998,-0.1820248,-44.00415,13.39079,12.7261
43.926088333,48.76313,-115.9703,-22.54836,1.419517,-0.1875137,-0.3282805,-44.00415,13.39079,12.7261
43.936086178,58.8545799999998,-114.902,-19.62176,1.301698,0.140053,-0.4937469,-44.00415,13.39079,12.7261
43.946083546,60.3929100000001,-124.2203,-21.87768,1.288774,0.5161392,-0.5225357,-44.00415,13.39079,12.7261
43.95608139,30.67237,-123.6861,-14.98798,1.108589,0.5863054,-0.5901974,-43.25921,13.04003,15.57171
43.966078758,4.213075,-127.6627,-7.976343,1.013111,0.4514174,-0.7330906,-43.25921,13.04003,15.57171
43.976076126,-13.8777,-125.5261,-5.3546,0.9617035,0.3084191,-0.7425357,-43.25921,13.04003,15.57171
43.986073971,-30.3686,-117.7509,-4.744893,0.8749743,0.09694706,-0.8830314,-43.25921,13.04003,15.57171
43.996071339,-36.09119,-111.697,-1.025677,0.7412801,0.0280246,-0.9038379,-43.25921,13.04003,15.57171
44.006069183,-37.26033,-102.3193,-1.513443,0.7033828,-0.05664383,-0.9406003,-42.50075,11.62849,20.42257
44.016066551,-40.76772,-91.8139199999999,-3.769361,0.6700985,-0.1541144,-1.005604,-42.50075,11.62849,20.42257
44.026064873,-37.38339,-83.08912,-5.110718,0.7208782,-0.2347562,-0.9003846,-42.50075,11.62849,20.42257
44.036061764,-26.30741,-68.7258499999997,-8.70799300000002,0.6576566,-0.2700143,-1.005552,-42.50075,11.62849,20.42257
44.046060085,-12.52396,-60.4758600000001,-16.08545,0.6878677,-0.1913904,-0.9754747,-42.50075,11.62849,20.42257
44.056057453,-1.632582,-52.76006,-22.73127,0.7754657,-0.1316651,-0.9043349,-40.26339,11.60594,23.2776
44.066054344,-0.03271778,-45.75648,-25.65787,0.8145982,-0.03552897,-0.8915064,-40.26339,11.60594,23.2776
44.076052666,-2.494047,-41.3644,-27.48699,0.8340135,0.02092652,-0.870976,-40.26339,11.60594,23.2776
44.086050034,-8.03203799999998,-38.21873,-27.97475,0.8502246,0.06600167,-0.8657515,-40.26339,11.60594,23.2776
44.096047878,-14.49303,-34.30147,-28.34058,0.8799525,0.1175558,-0.8720381,-40.26339,11.60594,23.2776
44.106045246,-20.27715,-31.2745,-28.76737,0.8867095,0.1219059,-0.8361578,-39.11974,10.17705,25.74473
44.116043091,-24.58448,-30.62162,-30.1697,0.9179522,0.1192443,-0.8228114,-39.11974,10.17705,25.74473
44.126040459,-25.32288,-27.06048,-30.90135,0.9541033,0.08834607,-0.825738,-39.11974,10.17705,25.74473
44.136038303,-22.92308,-23.38064,-31.75494,0.9383838,0.0947027,-0.8405481,-39.11974,10.17705,25.74473
44.146035671,-21.87701,-19.9382,-34.19377,0.9133632,0.1553537,-0.849613,-39.11974,10.17705,25.74473
44.156033516,-22.73848,-16.31771,-35.10833,0.9473329,0.1620525,-0.8812599,-38.35961,9.431767,26.91535
44.166030884,-25.19981,-12.04433,-36.14484,0.9613289,0.1962406,-0.839657,-38.35961,9.431767,26.91535
44.176028252,-30.67627,-7.71161000000001,-38.0959,1.058151,0.2303266,-0.8288274,-38.35961,9.431767,26.91535
44.186026573,-36.95266,-3.378887,-40.5957,1.151704,0.2058473,-0.7854337,-38.35961,9.431767,26.91535
44.196023464,-41.38305,1.191245,-44.25395,1.086982,0.1249979,-0.718778,-38.338,8.294515,27.37294
44.206021786,-45.38271,4.218216,-44.5588,1.052411,0.07190341,-0.7110469,-38.338,8.294515,27.37294
44.216019154,-46.79797,6.05813900000001,-42.72968,1.219864,0.0319912,-0.6022131,-38.338,8.294515,27.37294
44.226016998,-50.24384,10.2128,-40.53473,1.365295,-0.004596713,-0.5603426,-38.338,8.294515,27.37294
44.236014366,-52.9513,13.8333,-39.5592,1.385248,0.0767674,-0.4742545,-38.338,8.294515,27.37294
44.246012211,-59.3507499999997,14.48618,-39.98599,1.368476,0.143512,-0.3134409,-39.04986,6.39038,27.76452
44.256009579,-73.8110699999999,14.66423,-45.16851,1.312846,0.04521237,-0.2616324,-39.04986,6.39038,27.76452
44.266006947,-82.6718499999998,11.75597,-45.5953,1.266588,-0.08648124,-0.268218,-39.04986,6.39038,27.76452
44.276004791,-74.1187300000002,10.45021,-45.77822,1.263266,-0.2220202,-0.3098134,-39.04986,6.39038,27.76452
44.286002159,-55.1665,7.423244,-43.76618,1.174562,-0.3007587,-0.3852535,-39.04986,6.39038,27.76452
44.296000004,-33.5068,-3.260183,-41.51026,1.080501,-0.1977248,-0.4458952,-39.35804,3.337639,26.93946
44.305997372,-22.43081,-15.78353,-40.96152,1.088524,-0.02012609,-0.1200446,-39.35804,3.337639,26.93946
44.315995216,-18.49269,-20.59108,-37.79105,1.216734,-0.09833201,-0.02213992,-39.35804,3.337639,26.93946
44.325992584,-11.6625,-27.4166,-29.98679,1.137522,0.01719547,-0.1301898,-39.35804,3.337639,26.93946
44.335990906,-10.30877,-35.48852,-29.80388,1.0236,0.03324973,-0.3065899,-39.35804,3.337639,26.93946
44.345988274,-7.47823899999999,-43.56044,-31.14523,1.050579,0.02116393,-0.4109634,-40.79608,0.2873573,27.39606
44.355986118,1.382547,-49.9705,-31.81591,1.150963,0.01899117,-0.4934529,-40.79608,0.2873573,27.39606
44.365983486,5.99753899999999,-52.46329,-31.2062,1.199771,0.1714386,-0.4548126,-40.79608,0.2873573,27.39606
44.375980854,2.244012,-53.05682,-32.48659,1.14796,0.2331331,-0.3982662,-40.79608,0.2873573,27.39606
44.385978699,-6.43217400000002,-56.91472,-30.84038,1.007113,0.1013941,-0.5238522,-40.79608,0.2873573,27.39606
44.395976067,-6.43217400000002,-60.4758600000001,-25.29204,0.9268401,-0.1689379,-0.6849229,-40.39944,-0.8476291,27.79193
44.405973911,15.04292,-59.94169,-18.76817,0.805573,-0.5132465,-0.8229312,-40.39944,-0.8476291,27.79193
44.415971279,55.71639,-74.7204399999999,-17.30487,0.675808,-0.5832041,-1.866461,-40.39944,-0.8476291,27.79193
44.425969124,92.4517300000002,-96.7401699999998,-24.92622,0.6098352,-0.2556826,-1.618528,-40.39944,-0.8476291,27.79193
44.435966492,101.3125,-97.3930400000001,-30.47455,0.803273,0.1902713,-0.4077043,-40.39944,-0.8476291,27.79193
44.445964336,83.46787,-71.4560499999998,-27.30408,0.6486027,0.4610637,-0.3787899,-41.13857,-1.603614,29.01593
44.455961704,40.27155,-71.5747600000002,-31.26718,0.3055012,0.839557,-0.9171659,-41.13857,-1.603614,29.01593
44.465960026,-30.30707,-84.8103400000001,-23.28,0.2638085,0.6943576,-1.081686,-41.13857,-1.603614,29.01593
44.475957394,-80.0874600000001,-85.3445100000002,-5.720425,0.4138726,0.3091316,-0.9674687,-41.13857,-1.603614,29.01593
44.485954285,-84.6409099999998,-70.74383,4.095867,0.4440483,0.1076491,-0.8004464,-41.13857,-1.603614,29.01593
44.495952606,-63.59655,-55.72768,-0.1111153,0.2649941,0.1470464,-0.728358,-40.41972,-0.4433017,30.62791
44.505949974,-45.01351,-51.09819,-15.41478,0.1384294,0.2676583,-0.8157478,-40.41972,-0.4433017,30.62791
44.515947819,-31.2916,-55.31221,-31.69397,0.1220365,0.3077051,-0.9176663,-40.41972,-0.4433017,30.62791
44.525945187,-18.36962,-57.6269500000002,-44.43686,0.2165608,0.2839503,-0.8503457,-40.41972,-0.4433017,30.62791
44.535943031,-5.01691,-50.56402,-52.60694,0.3182173,0.2190235,-0.7308621,-40.41972,-0.4433017,30.62791
44.545940399,8.45886800000002,-41.12699,-59.0698400000002,0.3385602,0.2258347,-0.7208493,-38.52778,-1.559955,31.87341
44.555938244,18.05805,-35.36981,-65.7156499999999,0.3516368,0.2299061,-0.729009,-38.52778,-1.559955,31.87341
44.565935612,24.51904,-29.49393,-72.6053499999997,0.3841989,0.2351729,-0.7017882,-38.52778,-1.559955,31.87341
44.57593298,28.45717,-21.1846,-79.4340699999999,0.3971677,0.2202562,-0.6606494,-38.52778,-1.559955,31.87341
44.585930824,29.87243,-10.79793,-84.73853,0.3845456,0.2182561,-0.6395696,-38.52778,-1.559955,31.87341
44.595928192,28.45717,0.06354995,-89.3113300000002,0.3907025,0.2026706,-0.6036831,-38.49017,-3.458465,32.27055
44.605926037,27.34957,12.40884,-91.9330699999998,0.4253308,0.09829145,-0.5616019,-38.49017,-3.458465,32.27055
44.615923405,30.1801,26.71276,-93.94511,0.4387506,0.00686277,-0.5453302,-38.49017,-3.458465,32.27055
44.625921726,38.24095,40.60122,-97.7862700000003,0.4298253,-0.0371799,-0.5596606,-38.49017,-3.458465,32.27055
44.635919094,47.594,53.89615,-102.542,0.4210475,-0.06253456,-0.5500672,-38.49017,-3.458465,32.27055
44.645916939,55.71639,67.48784,-107.2977,0.4278132,-0.08587083,-0.565866,-38.09602,-4.223446,31.43888
44.655914307,61.3159100000002,80.8421200000001,-110.4682,0.4625233,-0.1184747,-0.5927183,-38.09602,-4.223446,31.43888
44.665912151,64.8848400000001,94.4338199999999,-112.4802,0.4674982,-0.09874234,-0.6243181,-38.09602,-4.223446,31.43888
44.675909519,65.0078999999999,106.5417,-114.98,0.4722591,-0.09360997,-0.6578281,-38.09602,-4.223446,31.43888
44.685907364,62.4850400000001,117.3438,-116.2604,0.5119743,-0.1591371,-0.6822878,-38.09602,-4.223446,31.43888
44.695904732,60.2698499999997,128.3834,-116.8092,0.5410191,-0.2016463,-0.7172636,-38.80193,-5.773921,28.66792
44.7059021,57.5623900000001,138.9481,-116.0165,0.5506431,-0.247954,-0.7536402,-38.80193,-5.773921,28.66792
44.715899944,53.25506,148.3258,-114.4313,0.5685002,-0.2917395,-0.797689,-38.80193,-5.773921,28.66792
44.725897312,48.02473,157.5847,-110.773,0.5812917,-0.3511532,-0.8393322,-38.80193,-5.773921,28.66792
44.735895157,43.16361,165.3599,-104.7979,0.589764,-0.4404395,-0.8967531,-38.80193,-5.773921,28.66792
44.745892525,40.70228,171.0577,-97.2985100000001,0.590689,-0.4909338,-0.9469922,-41.73573,-7.746143,22.97978
44.755890846,43.71741,177.2897,-90.2868699999999,0.6212441,-0.4572685,-0.9451398,-41.73573,-7.746143,22.97978
44.765887737,53.80886,186.1332,-86.62862,0.6272343,-0.2815971,-0.8781948,-41.73573,-7.746143,22.97978
44.775886059,59.9621799999998,195.4516,-87.1773599999998,0.6749552,-0.2252244,-0.7686986,-41.73573,-7.746143,22.97978
44.785883427,62.3004499999999,202.6332,-82.2997000000001,0.7523599,-0.3230665,-0.6888862,-43.51767,-10.79795,16.08023
44.795881271,63.4080400000003,207.322,-72.1175799999999,0.8488893,-0.5842853,-0.6612297,-43.51767,-10.79795,16.08023
44.805878639,69.9305600000002,218.0648,-59.8624599999997,0.9158064,-0.7503781,-0.7417045,-43.51767,-10.79795,16.08023
44.815876007,91.28259,228.3921,-49.13161,0.9123019,-0.7744227,-0.8656433,-43.51767,-10.79795,16.08023
44.825873852,120.2647,234.4461,-44.5588,0.9299132,-0.7273726,-0.9130652,-43.51767,-10.79795,16.08023
44.83587122,145.678,239.1349,-43.76618,0.9910625,-0.6890848,-0.9500321,-46.04548,-13.55804,6.851422
44.845869064,161.5535,244.1798,-42.30288,1.039207,-0.633153,-0.995595,-46.04548,-13.55804,6.851422
44.855866432,169.8605,249.1655,-38.46172,1.049057,-0.5619065,-1.037267,-46.04548,-13.55804,6.851422
44.865864277,174.1063,252.0737,-34.1328,1.032621,-0.5178009,-1.0674,-46.04548,-13.55804,6.851422
44.875861645,175.0909,253.3201,-29.55999,1.023162,-0.4817615,-1.091321,-46.04548,-13.55804,6.851422
44.885859966,174.4755,253.5575,-26.32854,1.032895,-0.429806,-1.116716,-46.70885,-15.92098,-2.043015
44.895856857,171.0297,252.6672,-22.36544,1.048115,-0.3829636,-1.075597,-46.70885,-15.92098,-2.043015
44.905855179,159.5229,252.4892,-16.51225,1.058243,-0.2981868,-1.020122,-46.70885,-15.92098,-2.043015
44.915852547,159.3999,249.2841,-11.63459,1.089235,-0.3352952,-0.8411789,-46.70885,-15.92098,-2.043015
44.925849438,153.4927,253.973,-4.988776,1.144244,-0.3298769,-0.739818,-46.70885,-15.92098,-2.043015
44.935847759,149.8622,260.383,2.998394,1.14768,-0.2513171,-0.6589649,-44.7746,-17.11936,-10.47257
44.945845127,145.1242,264.1223,7.99799599999998,1.126752,-0.09497131,-0.5747393,-44.7746,-17.11936,-10.47257
44.955842972,131.4638,264.3003,11.9611,1.105416,0.004799793,-0.5120344,-44.7746,-17.11936,-10.47257
44.96584034,109.3118,261.8669,18.78982,1.112831,0.02550498,-0.495781,-44.7746,-17.11936,-10.47257
44.975838184,83.46787,259.196,30.923,1.075344,-0.003329094,-0.53878,-44.7746,-17.11936,-10.47257
44.985835552,64.4541099999999,249.1061,41.349,0.97428,0.05563772,-0.6735775,-41.66446,-20.96525,-18.10558
44.995833397,48.76313,237.7104,50.06782,0.9839934,0.05724359,-0.6783806,-41.66446,-20.96525,-18.10558
45.005830765,33.50289,229.5198,60.8596500000002,0.9863672,0.01024284,-0.6156791,-41.66446,-20.96525,-18.10558
45.015828609,22.98071,220.3202,72.2002100000003,0.9868288,-0.08849221,-0.467296,-41.66446,-20.96525,-18.10558
45.025825977,21.19625,212.6044,78.6021400000002,0.9177945,-0.1469463,-0.3867598,-41.66446,-20.96525,-18.10558
45.035824299,31.04156,205.6602,77.4436999999999,0.8716398,-0.2038623,-0.2938209,-37.82394,-24.03827,-24.96308
45.045821667,48.39393,203.2861,73.5415599999999,0.8323187,-0.209681,-0.2076072,-37.82394,-24.03827,-24.96308
45.055818558,63.2234399999998,201.3868,70.0052600000002,0.8102532,-0.1487294,-0.1372337,-37.82394,-24.03827,-24.96308
45.065816879,70.2382300000002,199.3094,68.4810000000002,0.8155812,-0.01595238,-0.08319812,-37.82394,-24.03827,-24.96308
45.075814247,61.0697799999999,198.1818,67.3225500000001,0.8391123,0.1081663,-0.005741785,-37.82394,-24.03827,-24.96308
45.085812092,42.97901,192.6026,65.1276000000001,0.8640397,0.2084874,0.01716058,-34.47852,-24.81173,-29.38498
45.09580946,20.64245,187.7357,62.8716899999998,0.9332039,0.210467,0.0309182,-34.47852,-24.81173,-29.38498
45.105807304,2.736278,183.5217,61.2864399999998,1.023221,0.1656083,0.03220856,-34.47852,-24.81173,-29.38498
45.115804672,-9.324236,177.7645,59.3353799999998,1.063395,0.1535701,0.0106057,-34.47852,-24.81173,-29.38498
45.125802517,-17.75429,170.9984,58.1159599999998,1.027755,0.1301047,-0.0338337,-34.47852,-24.81173,-29.38498
45.135799885,-24.33834,162.9858,57.6281899999999,0.9720314,0.08708563,-0.04760419,-31.81227,-25.9707,-33.80996
45.14579773,-30.61473,153.1927,59.76217,0.9373553,0.03919401,-0.05518863,-31.81227,-25.9707,-33.80996
45.155795097,-37.38339,143.9337,62.6277999999997,0.9544439,-0.01513947,-0.08200467,-31.81227,-25.9707,-33.80996
45.165792465,-41.44458,135.1496,65.9202200000002,0.9592602,-0.03854058,-0.1006715,-31.81227,-25.9707,-33.80996
45.17579031,-42.49065,124.11,67.9322599999998,0.9218085,-0.01652899,-0.1101834,-31.81227,-25.9707,-33.80996
45.185787678,-45.69038,110.8744,67.6273999999998,0.8496113,0.0392936,-0.120122,-28.81059,-25.22508,-38.24229
45.195785999,-51.4745,96.03632,65.6763399999999,0.7834832,0.08296035,-0.1439468,-28.81059,-25.22508,-38.24229
45.205783367,-56.70483,79.41766,63.1155700000001,0.7571997,0.05511868,-0.1558582,-28.81059,-25.22508,-38.24229
45.215781212,-55.72029,61.5525999999999,59.6402300000001,0.7420009,-0.02056585,-0.2687562,-28.81059,-25.22508,-38.24229
45.22577858,-41.62918,37.69295,52.99442,0.6981735,-0.07542046,-0.3270519,-28.81059,-25.22508,-38.24229
45.235776424,-18.86189,14.30812,43.90977,0.7066173,-0.1376393,-0.4002728,-27.33514,-23.34256,-41.85332
45.245773792,12.82773,-10.91664,33.8496,0.6193944,-0.08980379,-0.5599775,-27.33514,-23.34256,-41.85332
45.255771637,46.05567,-37.80326,20.07021,0.5579551,0.0398347,-0.6513118,-27.33514,-23.34256,-41.85332
45.265769005,73.00723,-63.3841299999998,5.80304899999998,0.5736319,0.1129304,-0.6628438,-27.33514,-23.34256,-41.85332
45.27576685,93.0055200000002,-87.0657299999999,-7.85440200000002,0.6090762,0.2241894,-0.6356553,-27.33514,-23.34256,-41.85332
45.285764217,101.0664,-110.688,-18.58526,0.6009474,0.2902939,-0.7754024,-27.37079,-21.44786,-42.70197
45.295761585,104.3276,-137.9307,-25.84078,0.5227928,0.3735323,-0.9624108,-27.37079,-21.44786,-42.70197
45.30575943,100.0203,-169.7436,-32.60853,0.5436047,0.3790159,-1.045242,-27.37079,-21.44786,-42.70197
45.315756798,11.8432,-105.4056,-18.46332,3.234552,0.1222611,5.64254,-27.37079,-21.44786,-42.70197
45.325755119,-93.7478300000002,72.7108500000001,9.27838200000003,6.746424,-1.418183,8.351298,-31.88716,-21.44402,-38.28482
45.33575201,108.3273,46.3584,12.08304,1.308841,-0.4501127,-0.5874083,-31.82426,-24.48687,-38.26859
45.345750332,164.9379,-24.38963,-36.44969,-0.6820924,-0.05891135,-1.274145,-31.82426,-24.48687,-38.26859
45.3557477,85.2523399999999,-100.7761,-40.53473,-1.046659,0.9521183,-1.465679,-31.82426,-24.48687,-38.26859
45.365745545,-51.78217,-133.5386,-20.90215,2.077561,1.049777,2.926485,-31.82426,-24.48687,-38.26859
45.375742912,-34.2452,-116.5045,-13.95148,2.060864,-0.1968614,0.5023689,-35.1394,-27.54467,-37.05189
45.385740757,89.2520000000001,-119.7095,-3.891303,1.717189,-0.5095907,0.1541667,-35.1394,-27.54467,-37.05189
45.395738125,142.2321,-144.9343,-33.52309,1.220079,-0.03589398,0.2616338,-35.1394,-27.54467,-37.05189
45.40573597,159.2153,-149.9199,-38.0959,1.170696,-0.372153,-0.05453233,-35.1394,-27.54467,-37.05189
45.415733337,191.6433,-151.9379,-44.9856,0.8523813,-0.4511109,-0.3478028,-35.1394,-27.54467,-37.05189
45.425730705,211.3955,-150.6915,-43.64424,0.8975621,-0.1044102,-0.2618271,-38.03194,-30.8753,-30.99273
45.43572855,203.7038,-148.9702,-35.53513,0.9909307,0.1403141,-0.2189811,-38.03194,-30.8753,-30.99273
45.445725918,164.0149,-149.2077,-26.87728,1.045878,0.5353974,-0.2301859,-38.03194,-30.8753,-30.99273
45.455724239,100.328,-148.7328,-15.7806,1.049766,0.7690674,-0.2460458,-38.03194,-30.8753,-30.99273
45.46572113,23.59604,-146.7742,2.266744,1.000763,0.5497492,-0.2636112,-38.03194,-30.8753,-30.99273
45.475719452,-35.96813,-143.3911,24.03331,0.9325976,0.18417,-0.2389909,-42.0743,-36.90313,-20.47731
45.48571682,-63.2888800000001,-142.2634,37.56881,0.9345337,-0.1541747,-0.310215,-42.0743,-36.90313,-20.47731
45.495714665,-57.7508900000001,-143.3911,41.71482,1.081473,-0.4036868,-0.3865004,-42.0743,-36.90313,-20.47731
45.505712032,-26.36894,-137.5746,32.3863,1.269498,-0.5545707,-0.3413247,-42.0743,-36.90313,-20.47731
45.515709877,21.93465,-134.3102,17.50943,1.138005,-0.5104464,-0.4923368,-42.0743,-36.90313,-20.47731
45.525707245,60.2698499999997,-122.4991,0.620533899999998,1.075784,-0.07172378,-0.2611891,-45.04819,-39.16308,-15.19837
45.53570509,58.1161800000001,-116.3858,0.5595631,1.023915,-0.03439863,-0.2654155,-45.04819,-39.16308,-15.19837
45.545702458,52.63972,-110.3319,1.413154,0.9711209,0.1039051,-0.2782806,-45.04819,-39.16308,-15.19837
45.555699825,38.24095,-103.625,3.364218,0.9709411,0.2193646,-0.1931235,-45.04819,-39.16308,-15.19837
45.56569767,19.47332,-97.51175,8.54673300000003,1.030404,0.2170272,-0.2583129,-45.04819,-39.16308,-15.19837
45.575695038,6.92053700000001,-92.7042000000002,10.13197,1.031141,0.2024757,-0.3099966,-47.72739,-37.61395,-9.614416
45.58569336,1.197947,-87.1250799999999,10.80265,1.040571,0.1173346,-0.2353333,-47.72739,-37.61395,-9.614416
45.595690251,-4.586177,-81.1304899999998,13.42439,1.063827,0.1005687,-0.1530544,-47.72739,-37.61395,-9.614416
45.605688572,-4.709243,-77.0351800000003,14.33895,1.050168,0.04686092,-0.2573464,-47.72739,-37.61395,-9.614416
45.61568594,-2.55558,-72.7024499999999,13.42439,1.030727,0.09679198,-0.2286108,-47.72739,-37.61395,-9.614416
45.625683784,-5.447642,-68.5477899999998,14.52187,1.050674,0.0723197,-0.2377322,-49.58295,-39.48893,-4.780656
45.635681152,-11.72403,-64.86794,15.43643,1.032198,0.06916528,-0.2769424,-49.58295,-39.48893,-4.780656
45.645678997,-21.81548,-61.1880999999999,17.69235,1.10006,0.06529417,-0.1564585,-49.58295,-39.48893,-4.780656
45.655676365,-31.4762,-56.73666,18.36302,1.132086,-0.03200175,-0.1842467,-49.58295,-39.48893,-4.780656
45.66567421,-31.78387,-53.59099,17.93623,1.111364,-0.07113391,-0.2205723,-49.58295,-39.48893,-4.780656
45.675671577,-32.64533,-53.94711,15.4974,1.105774,-0.163311,-0.2449462,-49.60153,-39.08787,-2.331671
45.685669422,-27.72267,-53.35358,11.47333,1.043249,-0.2066741,-0.2285544,-49.60153,-39.08787,-2.331671
45.69566679,-24.95368,-52.582,8.11993799999998,1.046839,-0.2156211,-0.2051082,-49.60153,-39.08787,-2.331671
45.705664158,-20.27715,-50.26726,4.949458,1.118034,-0.1915498,-0.1712596,-49.60153,-39.08787,-2.331671
45.715662002,-15.66216,-46.94352,2.75451,1.080305,-0.1309675,-0.2664461,-49.60153,-39.08787,-2.331671
45.72565937,-18.80035,-46.82482,1.839949,1.055459,-0.05309904,-0.2530227,-50.77043,-37.18418,-1.124647
45.735657692,-25.69208,-43.56044,3.425189,1.021361,-0.05531483,-0.3151775,-50.77043,-37.18418,-1.124647
45.74565506,-31.90693,-43.50109,5.254312,1.033428,-0.04852232,-0.2893572,-50.77043,-37.18418,-1.124647
45.755652904,-41.69072,-43.50109,7.205376,1.114157,-0.01149119,-0.1875708,-50.77043,-37.18418,-1.124647
45.765650272,-40.70618,-45.40036,1.291212,1.105222,-0.3153558,-0.2377274,-50.77043,-37.18418,-1.124647
45.775648117,-31.90693,-46.11259,6.77858100000002,1.22308,-0.1793257,-0.1245454,-50.76007,-37.93454,0.1049147
45.785645485,-30.98393,-45.22231,6.29081499999999,1.144915,-0.01563422,-0.2287809,-50.76007,-37.93454,0.1049147
45.79564333,-32.03,-47.06223,2.69354,1.101241,0.05249784,-0.2296794,-50.76007,-37.93454,0.1049147
45.805640697,-32.70687,-47.4777,1.90092,1.069139,0.1015525,-0.216236,-50.76007,-37.93454,0.1049147
45.815638542,-35.29126,-47.29964,1.352183,1.012674,0.07061804,-0.2883946,-50.76007,-37.93454,0.1049147
45.82563591,-35.96813,-47.12158,0.01082622,0.9979345,0.02435444,-0.3204215,-51.17921,-36.02577,1.252999
45.835634232,-36.76806,-46.29065,0.925387699999998,0.9779217,0.02652035,-0.3060299,-51.17921,-36.02577,1.252999
45.845631123,-40.58312,-46.2313,0.620533899999998,0.9490764,0.006250551,-0.2815671,-51.17921,-36.02577,1.252999
45.85562849,-42.12145,-45.22231,-0.05014454,0.9216588,-0.06632987,-0.3475441,-51.17921,-36.02577,1.252999
45.865626812,-38.36792,-44.80684,-0.2330568,0.865185,-0.04392838,-0.3795159,-51.17921,-36.02577,1.252999
45.875623703,-34.18366,-44.56943,-0.964705900000002,0.8547841,-0.008432044,-0.354621,-51.19242,-35.63506,2.476478
45.885622025,-33.1376,-43.8572,-0.659852100000001,0.8276621,0.0340879,-0.375642,-51.19242,-35.63506,2.476478
45.895619392,-32.64533,-45.22231,-1.391501,0.8165177,0.03108805,-0.360786,-51.19242,-35.63506,2.476478
45.905617237,-32.953,-46.40936,-1.818297,0.8081515,0.009554495,-0.3593301,-51.19242,-35.63506,2.476478
45.915614605,-32.70687,-47.53705,-2.367033,0.7826295,-0.00795865,-0.4124031,-50.7899,-37.14659,3.325874
45.92561245,-31.41467,-48.78345,-3.647419,0.7889577,-0.03361046,-0.4148003,-50.7899,-37.14659,3.325874
45.935609817,-29.6302,-49.02086,-4.805864,0.8100268,-0.04012897,-0.4291927,-50.7899,-37.14659,3.325874
45.945607662,-27.23041,-50.14855,-6.45207400000002,0.835155,-0.05383791,-0.388554,-50.7899,-37.14659,3.325874
45.95560503,-24.95368,-50.74208,-7.67149000000001,0.8358157,-0.08946528,-0.4067319,-50.7899,-37.14659,3.325874
45.965602875,-22.18468,-52.64135,-8.58605100000002,0.8029681,-0.0797569,-0.4430489,-51.5526,-36.76151,4.54379
45.975600243,-18.92342,-54.54063,-9.56158399999997,0.7832497,-0.06818217,-0.4631177,-51.5526,-36.76151,4.54379
45.985598564,-19.35415,-57.3301900000001,-10.90294,0.7407786,-0.0642101,-0.468309,-51.5526,-36.76151,4.54379
45.995595932,-20.76942,-59.46687,-11.75653,0.7115605,-0.09171154,-0.489787,-51.5526,-36.76151,4.54379
46.005592823,-20.52328,-60.83198,-12.73206,0.6604875,-0.09814147,-0.550954,-51.5526,-36.76151,4.54379
46.015591145,-17.93889,-63.1467199999998,-14.56119,0.6149552,-0.06134816,-0.5738558,-50.79615,-37.4997,6.552917
46.025588512,-18.86189,-66.5298100000001,-16.32934,0.5534031,-0.02701594,-0.5656215,-50.79615,-37.4997,6.552917
46.035586357,-22.36928,-71.69347,-18.40234,0.553196,-0.06704175,-0.5316319,-50.79615,-37.4997,6.552917
46.045583725,-18.30809,-75.1952599999999,-19.13399,0.5850427,-0.07606559,-0.5245064,-50.79615,-37.4997,6.552917
46.05558157,-10.98563,-78.81575,-19.01205,0.6029937,0.03310145,-0.4757511,-50.79615,-37.4997,6.552917
46.065578938,-9.878035,-83.2671700000002,-18.40234,0.6442012,0.1216605,-0.4988174,-50.07899,-36.33612,8.551904
46.075576782,-10.1857,-85.6412699999998,-18.40234,0.6766024,0.1598795,-0.5342984,-50.07899,-36.33612,8.551904
46.08557415,-10.5549,-84.5729300000001,-17.00002,0.6668029,0.1858459,-0.6491462,-50.07899,-36.33612,8.551904
46.095571995,-10.30877,-83.38588,-15.17089,0.6545626,0.187503,-0.707033,-50.07899,-36.33612,8.551904
46.105569363,-8.89350299999999,-81.3678999999998,-12.36624,0.6584097,0.1378199,-0.7280843,-50.07899,-36.33612,8.551904
46.115567684,-4.709243,-76.0855400000002,-12.12236,0.7162806,0.0652352,-0.7664526,-49.31188,-37.82523,11.72609
46.125564575,7.16667,-70.26901,-13.95148,0.7345468,0.07956214,-0.7272449,-49.31188,-37.82523,11.72609
46.135562897,8.76653499999999,-66.1143400000001,-14.7441,0.7446858,0.08542363,-0.6928065,-49.31188,-37.82523,11.72609
46.145560265,7.78200200000001,-62.4938500000001,-14.3173,0.7844614,0.04280716,-0.7096151,-49.31188,-37.82523,11.72609
46.155557632,6.92053700000001,-61.3661500000001,-14.68313,0.8846093,-0.04695972,-0.646116,-49.31188,-37.82523,11.72609
46.165555477,8.27426799999999,-58.0424200000002,-16.45128,1.003459,-0.1488794,-0.6764472,-48.1487,-40.44822,15.42515
46.175552845,13.13539,-53.65034,-17.06099,1.038671,-0.1040859,-0.6899202,-48.1487,-40.44822,15.42515
46.18555069,13.81226,-50.38596,-17.00002,1.061446,-0.02039612,-0.7273104,-48.1487,-40.44822,15.42515
46.195548058,6.12060500000003,-48.90215,-16.02448,1.108613,0.09056567,-0.6518062,-48.1487,-40.44822,15.42515
46.205545902,-7.41670600000002,-47.12158,-14.3173,1.109442,0.124791,-0.6307591,-48.1487,-40.44822,15.42515
46.21554327,-18.67729,-45.99389,-15.53672,1.104782,0.1391894,-0.6403263,-47.03072,-40.7929,18.66053
46.225541115,-23.66148,-44.74749,-18.95108,1.148051,0.1187506,-0.6308249,-47.03072,-40.7929,18.66053
46.235538483,-24.46141,-42.25469,-21.14603,1.176047,0.08081341,-0.6418711,-47.03072,-40.7929,18.66053
46.245536804,-20.89248,-40.05865,-24.98719,1.196632,0.1000271,-0.657705,-47.03072,-40.7929,18.66053
46.255533695,-20.33868,-38.93095,-28.7064,1.259808,0.1617996,-0.6286379,-47.03072,-40.7929,18.66053
46.265532017,-23.53841,-36.55686,-31.08426,1.265833,0.1785371,-0.618124,-45.90988,-40.77792,19.44288
46.275529385,-27.7842,-34.95435,-33.82795,1.239078,0.1768227,-0.5884053,-45.90988,-40.77792,19.44288
46.285527229,-34.92206,-33.23313,-37.85202,1.230666,0.1584758,-0.5572784,-45.90988,-40.77792,19.44288
46.295524597,-39.41399,-29.85004,-40.77861,1.210034,0.08959427,-0.552439,-45.90988,-40.77792,19.44288
46.305522442,-41.87532,-25.81408,-44.92463,1.149953,0.0978463,-0.5298433,-45.90988,-40.77792,19.44288
46.31551981,-46.30571,-22.90582,-48.39996,1.141665,0.07336012,-0.479572,-44.39098,-41.90066,20.29859
46.325517178,-53.01283,-18.5731,-53.15568,1.195634,0.003615835,-0.4116903,-44.39098,-41.90066,20.29859
46.335515022,-53.75123,-13.40944,-63.39876,1.335305,-0.244816,-0.3544407,-44.39098,-41.90066,20.29859
46.34551239,-40.52159,-9.78894299999998,-66.9960399999999,1.213916,-0.2698055,-0.4331877,-44.39098,-41.90066,20.29859
46.355510235,-29.19947,-10.79793,-65.1669199999998,0.9919422,-0.1801123,-0.5070032,-44.39098,-41.90066,20.29859
46.365507603,-35.16819,-12.99397,-63.1548800000002,0.9295603,-0.1769475,-0.3982584,-43.21591,-44.18144,19.48059
46.375505447,-42.12145,-11.86628,-59.55761,1.05099,-0.2586723,-0.3515486,-43.21591,-44.18144,19.48059
46.385502815,-30.5532,-11.62887,-57.24072,1.064486,-0.2007901,-0.4276806,-43.21591,-44.18144,19.48059
46.395501137,-13.93923,-10.14506,-59.4356700000001,1.041492,0.008491814,-0.5545171,-43.21591,-44.18144,19.48059
46.405498505,-10.1857,-11.68822,-54.31412,0.9590874,0.2186553,-0.5630419,-43.21591,-44.18144,19.48059
46.415496349,-19.84642,-15.0713,-46.87569,0.9355696,0.2790922,-0.4926658,-40.16572,-46.45088,18.354
46.425493717,-33.07607,-14.77454,-38.58367,0.9655174,0.2443963,-0.366365,-40.16572,-46.45088,18.354
46.435491562,-31.4762,-13.94361,-38.64464,0.987421,0.03608282,-0.4496218,-40.16572,-46.45088,18.354
46.44548893,-12.9547,-18.8105,-33.21824,1.09166,-0.04118121,-0.5153486,-40.16572,-46.45088,18.354
46.455486775,9.13573400000002,-24.80509,-36.32775,1.032733,0.08398871,-0.6224791,-40.16572,-46.45088,18.354
46.465484142,22.67304,-39.28707,-41.63221,0.9130147,0.1270958,-0.6447746,-39.02379,-47.20697,17.9149
46.475481987,33.62596,-53.65034,-46.87569,0.9132059,0.1471532,-0.4715355,-39.02379,-47.20697,17.9149
46.485479355,33.74902,-63.3841299999998,-47.4854,1.012785,0.1658848,-0.3922703,-39.02379,-47.20697,17.9149
46.495477677,25.68817,-68.9632599999997,-40.29085,1.121182,0.1296467,-0.3383708,-39.02379,-47.20697,17.9149
46.505474568,17.50425,-68.1323199999998,-32.73047,1.104228,0.1750946,-0.3799891,-37.88801,-48.2555,20.38
46.515471935,5.62834,-70.5657700000001,-22.97515,1.048394,0.05400307,-0.6406846,-37.88801,-48.2555,20.38
46.525470257,6.48980500000002,-73.2366299999997,-2.123151,1.239771,-0.5865998,-0.5906027,-37.88801,-48.2555,20.38
46.535467148,37.19489,-59.1701099999999,19.52147,1.471722,-1.128599,-0.4736163,-37.88801,-48.2555,20.38
46.545465469,95.8975900000001,-37.20974,26.22825,1.136785,-0.911503,-0.4534668,-37.88801,-48.2555,20.38
46.555462837,140.8784,-38.39678,14.76575,0.7781301,0.06912908,-0.6871178,-35.71442,-48.21513,23.23423
46.565460682,117.4342,-52.93811,3.181306,0.7602485,0.6793909,-0.8695812,-35.71442,-48.21513,23.23423
46.57545805,38.24095,-69.37872,12.44886,0.7733457,0.7571835,-0.9993181,-35.71442,-48.21513,23.23423
46.585455895,-45.44424,-69.9128999999998,40.25153,0.7365148,0.6428332,-0.989653,-35.71442,-48.21513,23.23423
46.595453262,-92.5786999999997,-60.1197499999999,66.7128399999998,0.5928404,0.380402,-0.9472203,-35.71442,-48.21513,23.23423
46.605451107,-109.6234,-55.72768,81.1629099999999,0.5210808,0.1556933,-0.8675938,-36.48,-45.57324,28.8913
46.615448475,-108.3312,-49.37697,87.6867799999998,0.4869829,0.07653297,-0.8947927,-36.48,-45.57324,28.8913
46.625446319,-92.7017699999998,-48.36798,81.2238799999999,0.3868035,0.1412136,-0.991307,-36.48,-45.57324,28.8913
46.635443687,-70.7344099999999,-52.582,65.24954,0.3637514,0.2530457,-0.9874669,-36.48,-45.57324,28.8913
46.645442009,-53.93583,-54.59998,51.10432,0.4206924,0.3380046,-0.8540655,-36.48,-45.57324,28.8913
46.655439377,-44.45971,-50.62337,42.50745,0.4699372,0.3653167,-0.7373858,-38.39303,-43.68552,28.86726
46.665437221,-34.9836,-44.15396,35.98357,0.4651426,0.33657,-0.6823338,-38.39303,-43.68552,28.86726
46.675434589,-22.18468,-36.85362,32.14242,0.468528,0.2876717,-0.6167622,-38.39303,-43.68552,28.86726
46.685432434,-6.55523999999999,-28.24753,27.50864,0.485947,0.2959323,-0.5483583,-38.39303,-43.68552,28.86726
46.695429802,9.87413200000002,-17.62346,22.14321,0.4787319,0.3701836,-0.4904571,-38.39303,-43.68552,28.86726
46.70542717,20.95011,-7.29614399999999,17.20458,0.5112147,0.3806811,-0.4225587,-40.29988,-42.1749,29.23225
46.715425014,25.99584,4.871092,14.33895,0.5360663,0.3814572,-0.3914947,-40.29988,-42.1749,29.23225
46.725422382,30.3647,17.09768,12.50983,0.5517659,0.4016603,-0.3948774,-40.29988,-42.1749,29.23225
46.735420227,32.70296,29.50232,10.80265,0.5531864,0.4299124,-0.3905799,-40.29988,-42.1749,29.23225
46.745417595,30.3647,41.43215,10.19294,0.5520182,0.4407906,-0.367609,-40.29988,-42.1749,29.23225
46.75541544,23.10378,53.8368,10.80265,0.5510656,0.4399052,-0.3561213,-41.84942,-39.89747,29.98296
46.765412807,13.50459,66.2414399999999,12.44886,0.5471021,0.4174999,-0.3532372,-41.84942,-39.89747,29.98296
46.775411129,2.674744,77.4590400000001,13.42439,0.5431408,0.3687485,-0.3618321,-41.84942,-39.89747,29.98296
46.78540802,-5.816842,88.0237599999998,15.19255,0.543169,0.2631989,-0.3728122,-41.84942,-39.89747,29.98296
46.795406342,-10.06263,98.0543099999999,16.65584,0.5455411,0.1609997,-0.4474479,-41.84942,-39.89747,29.98296
46.805403709,-8.40123700000001,107.9662,16.83875,0.5674323,0.05718971,-0.5278601,-43.76522,-37.63921,28.79589
46.815401554,-3.601645,117.4032,15.68031,0.6128331,-0.05293702,-0.6059188,-43.76522,-37.63921,28.79589
46.825398922,3.843876,127.2557,14.21701,0.6455467,-0.1368289,-0.7102839,-43.76522,-37.63921,28.79589
46.835396767,12.33546,135.2682,12.69274,0.6703656,-0.2411942,-0.8045797,-43.76522,-37.63921,28.79589
46.845394134,23.04224,142.4499,13.36342,0.6872281,-0.3369214,-0.8935996,-43.76522,-37.63921,28.79589
46.855391979,34.97969,147.9103,14.15604,0.6983337,-0.3848813,-0.9543858,-47.50105,-37.32457,24.31553
46.865389347,47.65553,151.1747,13.72925,0.7524559,-0.3611307,-0.9717149,-47.50105,-37.32457,24.31553
46.875387192,63.10038,161.502,11.83915,0.8434831,-0.1460942,-0.8757352,-47.50105,-37.32457,24.31553
46.88538456,66.3616299999997,173.3131,8.54673300000003,0.8868676,-0.06653451,-0.7719803,-47.50105,-37.32457,24.31553
46.895382881,57.6854499999998,182.216,9.88808900000002,0.927216,-0.2144379,-0.6662473,-47.50105,-37.32457,24.31553
46.905380249,46.4864,194.0271,17.63138,0.9652269,-0.3444754,-0.6739373,-52.022,-35.12086,18.98097
46.91537714,46.91714,205.9569,25.13078,0.9669144,-0.3325489,-0.7548226,-52.022,-35.12086,18.98097
46.925375462,58.1777200000003,216.6997,28.54514,0.9856796,-0.2160337,-0.7544068,-52.022,-35.12086,18.98097
46.935372829,65.0694400000001,227.6205,29.52067,1.11456,-0.2005581,-0.6694489,-52.022,-35.12086,18.98097
46.945370674,72.0842299999999,241.9838,35.06901,1.171314,-0.3663146,-0.5852758,-52.022,-35.12086,18.98097
46.955368042,82.5448800000002,253.2608,44.70239,1.139731,-0.5291398,-0.6799369,-55.73497,-34.85035,9.276087
46.965365887,100.9433,260.1456,52.01888,1.085377,-0.5190617,-0.8416034,-55.73497,-34.85035,9.276087
46.975363255,123.7106,265.9028,55.86004,1.095073,-0.4403065,-0.9119913,-55.73497,-34.85035,9.276087
46.985361099,140.263,271.7787,60.1889600000002,1.125284,-0.3096431,-0.8771415,-55.73497,-34.85035,9.276087
46.995358467,143.4628,276.0521,63.4813899999998,1.121836,-0.1772807,-0.8494122,-55.73497,-34.85035,9.276087
47.005356312,137.2479,277.7139,67.6273999999998,1.107506,-0.06284208,-0.8451095,-59.45536,-30.7927,-2.44812
47.01535368,127.0949,276.4082,71.83439,1.079081,0.07559315,-0.8431813,-59.45536,-30.7927,-2.44812
47.025352001,111.7732,272.669,75.67554,1.049745,0.1865232,-0.7651508,-59.45536,-30.7927,-2.44812
47.035348892,89.8057999999998,266.5557,80.8580600000002,1.03326,0.211136,-0.6421343,-59.45536,-30.7927,-2.44812
47.045347214,66.5462300000002,263.1726,87.9916399999998,1.028964,0.2091882,-0.5272681,-60.61002,-26.78632,-14.99149
47.055344582,48.1478,259.9676,94.2716200000002,0.9995093,0.2238303,-0.4037479,-60.61002,-26.78632,-14.99149
47.065342426,36.27189,252.964,94.0277399999998,0.9164094,0.2649391,-0.3519274,-60.61002,-26.78632,-14.99149
47.075339794,25.74971,240.0252,84.6992199999999,0.8023465,0.2686801,-0.2809003,-60.61002,-26.78632,-14.99149
47.085337639,11.96626,222.6943,71.1027399999998,0.7618596,0.2466225,-0.2143019,-60.61002,-26.78632,-14.99149
47.095335007,1.321013,204.3544,61.9571200000001,0.765434,0.160257,-0.2075858,-58.39922,-22.31468,-27.96371
47.105332851,4.090009,187.9138,55.7381,0.8351272,0.07968332,-0.2947874,-58.39922,-22.31468,-27.96371
47.115330219,14.61219,177.5865,49.58006,0.84184,0.08495953,-0.316815,-58.39922,-22.31468,-27.96371
47.125328064,22.85765,162.2736,40.67832,0.7416509,0.1531969,-0.2903362,-58.39922,-22.31468,-27.96371
47.135325432,31.22616,142.8654,31.71562,0.6605576,0.1658898,-0.2150617,-58.39922,-22.31468,-27.96371
47.145323753,29.50323,126.128,23.85039,0.5930784,0.15243,-0.2125477,-53.65242,-17.04568,-38.85696
47.155321121,26.61117,111.1118,20.67991,0.6042669,0.1032088,-0.1460325,-53.65242,-17.04568,-38.85696
47.165318012,27.2265,99.47877,19.4605,0.6341069,0.04489412,-0.1575553,-53.65242,-17.04568,-38.85696
47.175316334,30.42623,87.3708799999998,19.70438,0.6178653,0.05169034,-0.2293152,-53.65242,-17.04568,-38.85696
47.185313702,30.9185,74.3133599999998,19.15564,0.6350232,0.1238917,-0.2355851,-53.65242,-17.04568,-38.85696
47.195311546,22.67304,61.5525999999999,18.18011,0.6767763,0.1583781,-0.2213095,-48.42838,-14.77211,-44.50623
47.205308914,6.92053700000001,51.64076,17.9972,0.7342948,0.1312597,-0.22906,-48.42838,-14.77211,-44.50623
47.215306759,-6.80137299999998,42.08503,17.08264,0.7383574,0.09699606,-0.2118295,-48.42838,-14.77211,-44.50623
47.225304127,-13.26236,33.06347,15.86322,0.7268411,0.03704692,-0.1534078,-48.42838,-14.77211,-44.50623
47.235301971,-14.67763,23.44838,15.55837,0.7772021,-0.07636491,-0.176438,-48.42838,-14.77211,-44.50623
47.245299339,-7.66283799999999,13.952,13.72925,0.8351877,-0.1297466,-0.2406545,-45.06518,-13.63297,-47.71231
47.255297184,3.659276,-0.3519166,11.1075,0.8433999,-0.1542859,-0.3378135,-45.06518,-13.63297,-47.71231
47.265294552,16.08899,-16.199,7.81508400000003,0.8475408,-0.2209983,-0.4148542,-45.06518,-13.63297,-47.71231
47.275292873,32.27223,-32.6396,2.327715,0.8398258,-0.2800042,-0.5268124,-45.06518,-13.63297,-47.71231
47.285290241,55.71639,-50.44531,-5.3546,0.7610043,-0.3151899,-0.6434385,-45.06518,-13.63297,-47.71231
47.295288086,81.0680799999997,-70.9218800000002,-12.12236,0.7069898,-0.3238078,-0.830944,-43.99091,-10.97185,-48.87917
47.305285454,96.5744599999998,-89.6772299999997,-17.2439,0.7045544,-0.1420304,-0.8218935,-43.99091,-10.97185,-48.87917
47.315283299,93.6208600000001,-107.3642,-18.21943,0.6959984,0.0277353,-0.8377154,-43.99091,-10.97185,-48.87917
47.325280666,74.7301600000002,-122.2617,-15.23186,0.8539568,0.1089405,-0.5365087,-43.99091,-10.97185,-48.87917
47.335278511,-64.0888100000002,7.89806300000001,24.70398,2.416591,-0.05862346,4.00154,-43.99091,-10.97185,-48.87917
47.345275879,-49.69004,46.4771,65.6763399999999,3.812604,-2.034371,2.643809,-45.11941,-11.33722,-46.11197
47.355273724,132.2637,-21.1846,12.50983,0.4912319,-0.4599537,-0.8515901,-45.11941,-11.33722,-46.11197
47.365271092,168.9991,-64.9272999999997,-30.71844,0.2582034,1.101843,0.1787882,-45.11941,-11.33722,-46.11197
47.375268936,90.11346,-79.6466800000002,-29.31611,1.613388,0.5209231,0.8896537,-45.11941,-11.33722,-46.11197
47.385266304,107.6504,-97.51175,-30.29164,1.852672,0.4494059,0.1522478,-45.11941,-11.33722,-46.11197
47.395264626,158.3538,-111.7563,-25.1701,1.379091,1.249978,0.1380314,-47.36197,-11.73063,-45.67512
47.405261994,92.4517300000002,-142.0854,-18.15846,1.210209,1.388821,-0.09573361,-47.36197,-11.73063,-45.67512
47.415258885,14.24299,-164.758,1.474125,1.64986,0.8050783,-0.3686595,-47.36197,-11.73063,-45.67512
47.425257206,-47.29024,-169.2688,15.80225,1.393833,0.3484881,-0.3781457,-47.36197,-11.73063,-45.67512
47.435254574,-79.1029199999998,-169.0313,17.5704,1.098882,-0.1431495,-0.6282789,-47.36197,-11.73063,-45.67512
47.445252419,-83.2871799999999,-163.749,19.94827,0.9730901,-0.7150438,-0.8274785,-49.87436,-18.17224,-40.43559
47.455249786,-56.95096,-152.7094,22.9968,1.036882,-0.939781,-0.5662293,-49.87436,-18.17224,-40.43559
47.465247631,-6.30910700000001,-130.3336,10.37586,1.01316,-0.4212583,-0.2475898,-49.87436,-18.17224,-40.43559
47.475244999,-6.80137299999998,-118.4631,2.998394,0.9425268,-0.08782005,-0.3514035,-49.87436,-18.17224,-40.43559
47.485242844,-58.9815600000002,-114.9613,8.668674,0.9921384,0.09962667,-0.3132522,-49.87436,-18.17224,-40.43559
47.495240212,-95.5323000000001,-105.0495,5.80304899999998,1.059051,0.09420001,-0.2013806,-54.44246,-16.24265,-33.19055
47.505238056,-91.6557000000002,-95.4344099999999,5.13237,1.165362,-0.2230607,-0.2651349,-54.44246,-16.24265,-33.19055
47.515235424,-63.5350200000001,-89.3804700000002,-1.147618,1.186138,-0.4456218,-0.2038561,-54.44246,-16.24265,-33.19055
47.525233746,-3.786245,-79.8840900000002,-17.42681,1.182709,-0.573737,-0.1774954,-54.44246,-16.24265,-33.19055
47.535231114,49.19387,-70.6844799999999,-31.81591,1.119876,-0.3930475,-0.1568536,-54.44246,-16.24265,-33.19055
47.545228958,73.7456300000002,-63.6215399999998,-37.60814,1.079514,-0.1111839,-0.1209626,-57.7859,-15.473,-29.22015
47.555226326,74.7916900000001,-59.3481699999998,-38.03493,1.109417,0.03454546,-0.138281,-57.7859,-15.473,-29.22015
47.565224171,63.6541700000001,-56.38055,-34.80348,1.122908,0.1979349,-0.1550968,-57.7859,-15.473,-29.22015
47.575221539,40.57921,-54.65933,-32.30368,1.107801,0.1981793,-0.148849,-57.7859,-15.473,-29.22015
47.585219383,17.99652,-52.7007,-26.57243,1.101864,0.1259945,-0.1119697,-57.7859,-15.473,-29.22015
47.595216751,-0.4019172,-51.4543,-19.98759,1.039662,0.01291128,-0.1214037,-59.30881,-15.07284,-25.55679
47.605214596,-10.0011,-48.96151,-18.46332,1.064376,-0.08316245,-0.1061076,-59.30881,-15.07284,-25.55679
47.615211964,-11.35483,-46.35,-17.97555,1.067691,-0.1311754,-0.1558729,-59.30881,-15.07284,-25.55679
47.625210285,-6.06297400000002,-45.40036,-21.08506,1.080412,-0.004018757,-0.1477921,-59.30881,-15.07284,-25.55679
47.635207176,-4.032378,-44.03526,-24.07262,1.070768,0.06807756,-0.1607154,-60.02354,-17.33663,-22.71217
47.645205498,-1.447982,-41.83922,-26.99922,1.050964,0.08467232,-0.163078,-60.02354,-17.33663,-22.71217
47.655202866,0.0903486900000002,-39.04966,-27.2431,0.9969762,0.02637767,-0.2036478,-60.02354,-17.33663,-22.71217
47.66520071,5.074541,-36.20074,-28.03572,0.9747974,-0.01262097,-0.2222636,-60.02354,-17.33663,-22.71217
47.675198078,9.01266799999998,-32.81766,-29.19417,0.9714789,0.008099297,-0.2342275,-60.02354,-17.33663,-22.71217
47.685195923,7.10513699999998,-29.61263,-28.88931,1.011536,0.02962046,-0.1993669,-60.3913,-18.08326,-20.71138
47.695193291,2.428612,-27.5353,-27.79184,1.022638,0.009509211,-0.1907667,-60.3913,-18.08326,-20.71138
47.705190659,-1.571049,-27.23854,-27.30408,0.9859796,-0.01152466,-0.2328121,-60.3913,-18.08326,-20.71138
47.715188503,-4.770776,-26.34826,-26.57243,0.9249374,-0.1093155,-0.2728808,-60.3913,-18.08326,-20.71138
47.725185871,-1.386449,-25.10185,-25.53592,0.8790925,-0.1858449,-0.305803,-60.3913,-18.08326,-20.71138
47.735183716,-1.447982,-23.02452,-24.07262,0.8572111,-0.2402167,-0.3057508,-60.73378,-19.97423,-19.09152
47.745181084,1.321013,-22.07488,-19.80467,0.8596477,-0.2665498,-0.3210627,-60.73378,-19.97423,-19.09152
47.755178928,1.505613,-21.36266,-17.00002,0.8655666,-0.2438866,-0.3000215,-60.73378,-19.97423,-19.09152
47.765176296,-1.940248,-21.12525,-14.80507,0.8826346,-0.2180742,-0.2775649,-60.73378,-19.97423,-19.09152
47.775174618,-8.77043599999998,-21.89683,-12.61012,0.8844311,-0.1576197,-0.2598762,-60.73378,-19.97423,-19.09152
47.785171986,-15.47756,-23.32128,-10.3542,0.8826683,-0.09034111,-0.285255,-60.34251,-21.09887,-17.47014
47.79516983,-21.01555,-23.7961,-8.829934,0.899186,-0.03547527,-0.272855,-60.34251,-21.09887,-17.47014
47.805167198,-24.83061,-24.50833,-7.00081100000001,0.9040034,0.04526865,-0.2747985,-60.34251,-21.09887,-17.47014
47.815165043,-28.21494,-25.39862,-6.08625000000001,0.9028606,0.1066896,-0.2513621,-60.34251,-21.09887,-17.47014
47.825162411,-33.19913,-25.93279,-4.013244,0.9266503,0.06035231,-0.2154984,-60.34251,-21.09887,-17.47014
47.835160255,-33.99906,-27.00113,-0.903735200000002,0.9402081,-0.06473958,-0.2140541,-60.32848,-21.85631,-17.07909
47.845157623,-25.81514,-27.65401,-0.5379106,0.9447644,-0.1523866,-0.2432326,-60.32848,-21.85631,-17.07909
47.855155468,-16.89282,-28.18818,-2.610917,0.9764085,-0.2028379,-0.2490177,-60.32848,-21.85631,-17.07909
47.865152836,-8.64737,-29.67199,-3.159653,0.9911606,-0.1841289,-0.2543126,-60.32848,-21.85631,-17.07909
47.875151157,-7.66283799999999,-32.40219,-2.245092,0.9948747,-0.1471581,-0.2050352,-60.32848,-21.85631,-17.07909
47.885148048,-13.07776,-35.31046,0.2547093,0.9887708,-0.1601852,-0.2346929,-60.7226,-21.09133,-16.24742
47.89514637,-14.49303,-37.5065,3.181306,0.9880353,-0.173557,-0.2605313,-60.7226,-21.09133,-16.24742
47.905143738,-15.90829,-38.04067,4.644604,0.995196,-0.08870912,-0.2969374,-60.7226,-21.09133,-16.24742
47.915141582,-21.20015,-38.7529,6.96149300000002,1.042868,-0.006702753,-0.3066131,-60.7226,-21.09133,-16.24742
47.92513895,-30.98393,-38.63419,10.19294,1.07321,0.01241514,-0.3009281,-60.7226,-21.09133,-16.24742
47.935136795,-40.02932,-37.38779,11.77818,1.06391,-0.0109622,-0.2865486,-61.85389,-21.08615,-14.64325
47.945134163,-45.32118,-36.97233,12.02207,1.018883,-0.05285074,-0.3060809,-61.85389,-21.08615,-14.64325
47.955132008,-43.65978,-36.85362,11.5343,0.98885,-0.1149052,-0.3313771,-61.85389,-21.08615,-14.64325
47.965129375,-35.22973,-36.61621,10.25391,0.9716041,-0.1829146,-0.3447297,-61.85389,-21.08615,-14.64325
47.97512722,-23.66148,-35.07305,6.83955100000002,0.9575306,-0.134117,-0.3451963,-61.85389,-21.08615,-14.64325
47.985124588,-15.84676,-33.11442,3.242276,0.9592748,0.03344545,-0.3055206,-62.2531,-20.31136,-12.65058
47.99512291,-17.26202,-32.10543,0.803446099999999,0.9613219,0.1586229,-0.2782776,-62.2531,-20.31136,-12.65058
48.005119801,-23.72301,-30.97774,1.535095,0.9569473,0.1580549,-0.2777912,-62.2531,-20.31136,-12.65058
48.015118122,-26.55354,-30.38422,0.986358399999998,0.9350397,0.1828779,-0.2791952,-62.2531,-20.31136,-12.65058
48.02511549,-27.415,-30.50292,-0.3549984,0.9513045,0.1208934,-0.2906934,-62.2531,-20.31136,-12.65058
48.035113335,-25.32288,-29.73134,-1.696355,0.9595427,0.04510457,-0.3064812,-62.27249,-19.54356,-11.81613
48.045110703,-19.04649,-29.55328,-2.610917,0.9350628,-0.02771953,-0.3523631,-62.27249,-19.54356,-11.81613
48.055108547,-11.53943,-30.68097,-3.525478,0.8878098,-0.08082432,-0.3714101,-62.27249,-19.54356,-11.81613
48.065105915,-4.401577,-32.46155,-4.50101,0.8268469,-0.1302422,-0.3827769,-62.27249,-19.54356,-11.81613
48.075103283,2.797811,-35.96334,-4.866835,0.7546124,-0.150972,-0.4209318,-62.27249,-19.54356,-11.81613
48.085101128,5.505273,-40.29606,-4.988776,0.6910241,-0.1381273,-0.4198671,-62.29527,-18.76923,-10.20768
48.095098496,3.905409,-45.16295,-5.110718,0.6450855,-0.1314002,-0.4351031,-62.29527,-18.76923,-10.20768
48.10509634,-1.632582,-50.14855,-3.586449,0.6131961,-0.1198597,-0.4326577,-62.29527,-18.76923,-10.20768
48.115093708,-7.84743800000001,-54.89674,-1.330531,0.6130202,-0.1107093,-0.441274,-62.29527,-18.76923,-10.20768
48.12509203,-12.0317,-58.3985299999998,0.4985923,0.6133446,-0.07549576,-0.4173549,-62.29527,-18.76923,-10.20768
48.135088921,-15.10836,-60.41651,1.596066,0.6958838,-0.08478727,-0.389739,-63.04565,-19.13832,-8.211702
48.145087242,-20.58482,-60.2978099999999,3.120335,0.7760844,0.003000967,-0.421966,-63.04565,-19.13832,-8.211702
48.15508461,-26.67661,-60.4758600000001,6.473727,0.8781704,0.09399343,-0.416903,-63.04565,-19.13832,-8.211702
48.165082455,-24.15374,-58.4578900000001,3.973926,0.9228917,0.09892149,-0.4528755,-63.04565,-19.13832,-8.211702
48.175079823,-13.5085,-56.79602,-1.818297,0.9101872,0.2046321,-0.4500091,-62.30688,-19.112,-5.75513
48.185077667,-9.57036899999999,-56.14314,-7.244694,0.8483836,0.2270476,-0.4159282,-62.30688,-19.112,-5.75513
48.195075035,-1.571049,-56.91472,-12.854,0.7814171,0.2641447,-0.412471,-62.30688,-19.112,-5.75513
48.20507288,6.612871,-58.9920499999999,-20.96312,0.7045405,0.2583839,-0.3979782,-62.30688,-19.112,-5.75513
48.215070248,13.87379,-63.0280200000002,-25.96272,0.6608382,0.1989628,-0.3715651,-62.30688,-19.112,-5.75513
48.225068092,23.59604,-68.2510300000003,-30.1697,0.675958,0.1221689,-0.2997852,-63.07664,-18.71329,-2.924706
48.23506546,32.14916,-72.3463399999997,-25.41398,0.8392593,-0.06192382,-0.2722651,-63.07664,-18.71329,-2.924706
48.245063782,36.39495,-74.8391400000001,-23.34098,0.9502224,-0.006092179,-0.41126,-63.07664,-18.71329,-2.924706
48.255060673,37.81022,-79.5873300000001,-22.48738,1.018673,-0.04630896,-0.4932055,-63.07664,-18.71329,-2.924706
48.265058994,30.61083,-78.2815799999998,-22.36544,1.01473,-0.0455256,-0.5582852,-63.07664,-18.71329,-2.924706
48.275056362,29.8109,-77.8067599999998,-21.14603,1.018681,0.002160643,-0.612862,-63.45315,-19.44304,1.075589
48.285054207,20.70398,-71.7528200000001,-19.13399,0.9474219,0.1104649,-0.677852,-63.45315,-19.44304,1.075589
48.295051575,9.56646600000001,-70.32836,-19.62176,0.997205,0.2109184,-0.6411142,-63.45315,-19.44304,1.075589
48.305049419,5.81293900000002,-67.6574999999998,-22.97515,1.053437,0.201786,-0.5923952,-63.45315,-19.44304,1.075589
48.315046787,4.028476,-67.2420299999998,-26.99922,1.058775,0.1250996,-0.5938205,-63.45315,-19.44304,1.075589
48.325044632,11.35093,-67.1826900000001,-28.95029,1.013874,-0.001344705,-0.6138099,-63.4333,-21.30722,5.53625
48.335042,19.78098,-64.86794,-30.41358,0.9801825,-0.05120105,-0.6788247,-63.4333,-21.30722,5.53625
48.345039845,22.73458,-63.0873700000003,-30.1697,1.027497,0.02408281,-0.6789265,-63.4333,-21.30722,5.53625
48.355037212,20.51938,-59.8229899999999,-29.19417,0.9783534,0.1227465,-0.7300739,-63.4333,-21.30722,5.53625
48.365035534,12.0278,-57.8643600000002,-28.40155,0.9541013,0.1418883,-0.7630582,-63.4333,-21.30722,5.53625
48.375032902,1.197947,-52.87876,-26.2066,0.9284869,0.1548429,-0.8319319,-63.04908,-22.41824,8.77013
48.385030747,-9.20116899999999,-48.13057,-24.92622,0.8955642,0.1699092,-0.8136925,-63.04908,-22.41824,8.77013
48.395028114,-18.00042,-41.95792,-24.92622,0.9112303,0.1136785,-0.8323698,-63.04908,-22.41824,8.77013
48.405025959,-20.21562,-34.36082,-26.69437,0.9154297,0.1234145,-0.8395582,-63.04908,-22.41824,8.77013
48.415023327,-20.15409,-31.2745,-31.32815,0.9629274,0.06077883,-0.77741,-63.04908,-22.41824,8.77013
48.425021172,-13.5085,-25.69538,-34.49863,0.9833861,0.06118741,-0.7769672,-61.53696,-23.5279,11.17385
48.43501854,-6.001441,-23.91481,-39.62017,0.9767648,0.1287604,-0.7597443,-61.53696,-23.5279,11.17385
48.445016384,-3.970845,-21.48136,-44.01006,1.029046,0.2001681,-0.7163035,-61.53696,-23.5279,11.17385
48.455013752,-7.78590499999999,-19.28532,-47.97316,1.022314,0.1950572,-0.729212,-61.53696,-23.5279,11.17385
48.465012074,-9.57036899999999,-17.74216,-51.75335,1.054677,0.2102924,-0.727358,-61.53696,-23.5279,11.17385
48.475008965,-13.6931,-17.20799,-56.69198,1.18054,0.1791721,-0.6299399,-61.13782,-25.03289,12.79725
48.485007286,-17.01589,-14.59649,-62.9109999999999,1.301754,0.05638257,-0.6095409,-61.13782,-25.03289,12.79725
48.495004654,-9.20116899999999,-11.62887,-67.9105999999999,1.197573,0.07722931,-0.6021859,-61.13782,-25.03289,12.79725
48.505002499,-6.06297400000002,-12.4598,-70.04458,1.095704,0.1322088,-0.5340647,-61.13782,-25.03289,12.79725
48.514999867,-11.35483,-13.05332,-71.99564,1.120478,0.1110853,-0.506345,-61.13782,-25.03289,12.79725
48.524997711,-14.92376,-11.74757,-73.9467,1.236732,0.04440471,-0.5036591,-59.58551,-27.68086,13.20957
48.534995079,-11.53943,-9.31412399999998,-75.10515,1.264722,0.008609544,-0.440048,-59.58551,-27.68086,13.20957
48.544992924,-10.24723,-8.067724,-78.6414499999997,1.187234,-0.04076108,-0.3575851,-59.58551,-27.68086,13.20957
48.554990292,-12.7701,-10.26376,-80.8363999999998,1.118594,-0.07029304,-0.3565007,-59.58551,-27.68086,13.20957
48.564988136,-12.4009,-13.88426,-80.7144500000002,1.111614,-0.03438698,-0.2942829,-59.58551,-27.68086,13.20957
48.574985504,-10.12417,-14.35908,-79.9218399999997,1.103708,-0.05366502,-0.2598067,-57.64064,-31.02987,12.85438
48.584983826,-6.06297400000002,-16.43641,-80.6534899999999,1.084727,-0.05585754,-0.2990162,-57.64064,-31.02987,12.85438
48.594980717,0.890280700000001,-19.58208,-79.6169799999997,1.050383,-0.06982756,-0.3176173,-57.64064,-31.02987,12.85438
48.604978085,7.90506900000002,-26.82307,-77.7878600000002,0.9909157,-0.09558027,-0.3481359,-57.64064,-31.02987,12.85438
48.614976406,21.62698,-31.63061,-79.7998999999998,0.975192,-0.09089743,-0.4395177,-57.64064,-31.02987,12.85438
48.624974251,34.67202,-36.97233,-79.0072800000003,1.046591,-0.05021134,-0.3429802,-54.63101,-34.43758,12.12041
48.634971619,46.1172,-39.82124,-78.9463,1.092083,0.04609522,-0.2722551,-54.63101,-34.43758,12.12041
48.644968986,47.9632,-45.63777,-79.8608699999998,1.054218,0.1676026,-0.2942349,-54.63101,-34.43758,12.12041
48.654966831,38.85628,-55.43091,-81.6290199999999,1.064711,0.1544624,-0.2660138,-54.63101,-34.43758,12.12041
48.664964199,32.21069,-65.2834099999999,-83.2142600000002,1.102465,0.01000634,-0.3617576,-54.63101,-34.43758,12.12041
48.674962044,39.71775,-71.8715199999997,-82.6045499999999,1.164126,-0.1342693,-0.3833639,-51.20785,-37.43114,14.99968
48.684959412,59.1622500000003,-74.0675599999999,-85.71406,1.222291,-0.14311,-0.3600128,-51.20785,-37.43114,14.99968
48.694957256,80.9450100000003,-72.1089299999997,-91.7501700000003,1.205736,-0.1191234,-0.4111977,-51.20785,-37.43114,14.99968
48.704954624,99.0973099999999,-74.77979,-94.0060799999999,1.115785,-0.1070909,-0.5479168,-51.20785,-37.43114,14.99968
48.714952946,112.5116,-76.6790599999998,-93.3963799999999,1.065996,-0.2349335,-0.6569124,-47.05849,-39.27856,17.81392
48.724949837,129.064,-74.8984900000001,-88.0309499999999,0.9817105,-0.4701841,-0.6930767,-47.05849,-39.27856,17.81392
48.734948158,153.2466,-74.3049699999999,-83.4581500000003,0.8702341,-0.6425307,-1.124035,-47.05849,-39.27856,17.81392
48.744945526,176.5677,-83.56394,-82.5435799999999,0.7586921,-0.5822777,-1.732126,-47.05849,-39.27856,17.81392
48.754943371,193.1816,-103.3876,-86.6895899999999,0.645507,0.02292275,-1.678006,-47.05849,-39.27856,17.81392
48.764940739,174.7217,-109.4416,-86.1408500000002,0.8409714,0.5592776,-0.8409765,-42.57238,-39.95431,23.91437
48.774938583,119.6494,-93.29773,-72.97117,0.8447995,0.6752059,-0.5012239,-42.57238,-39.95431,23.91437
48.784935951,49.87073,-78.6970400000001,-63.4597299999999,0.5963811,0.7435803,-0.6702244,-42.57238,-39.95431,23.91437
48.794933796,-19.41569,-75.49202,-52.72888,0.4103535,0.707265,-0.837871,-42.57238,-39.95431,23.91437
48.804931164,-78.4260599999998,-77.6880600000002,-40.65667,0.4669243,0.3655166,-0.9211539,-42.57238,-39.95431,23.91437
48.814929008,-110.1772,-73.7114499999998,-28.21864,0.5958311,0.06483931,-0.9739445,-37.73708,-39.48236,30.46302
48.824926376,-104.4546,-61.8409700000001,-18.03652,0.649321,-0.1646911,-1.054379,-37.73708,-39.48236,30.46302
48.834924698,-67.2885400000003,-48.66474,-25.35301,0.567634,-0.1763582,-1.143728,-37.73708,-39.48236,30.46302
48.844921589,-18.36962,-39.40577,-45.71725,0.4434722,-0.1554378,-1.138252,-37.73708,-39.48236,30.46302
48.85491991,21.38085,-38.93095,-59.19178,0.3299712,-0.02652773,-1.090708,-37.73708,-39.48236,30.46302
48.864917278,40.57921,-38.45613,-69.8616599999999,0.2979175,0.09787072,-1.074892,-33.24393,-42.11866,29.67162
48.874915123,49.68613,-33.29248,-74.80029,0.317536,0.1180732,-1.033774,-33.24393,-42.11866,29.67162
48.884912491,53.31659,-26.40761,-75.10515,0.2904103,0.137147,-0.9619448,-33.24393,-42.11866,29.67162
48.894910336,53.00893,-18.21698,-75.3490299999998,0.2411017,0.1683809,-0.9470311,-33.24393,-42.11866,29.67162
48.904907703,47.10173,-12.34109,-77.6659199999997,0.1736613,0.2299796,-0.9732511,-33.24393,-42.11866,29.67162
48.914905548,34.11823,-8.30513400000001,-80.8363999999998,0.1789681,0.2331054,-0.9617753,-30.20756,-44.3614,31.70554
48.924902916,20.27325,-2.132488,-83.0313499999998,0.1934832,0.1875216,-0.9297243,-30.20756,-44.3614,31.70554
48.934900761,11.35093,5.167854,-86.5676500000001,0.1735196,0.1617276,-0.8909182,-30.20756,-44.3614,31.70554
48.944898128,3.659276,13.47719,-91.7501700000003,0.1470632,0.1182544,-0.8583177,-30.20756,-44.3614,31.70554
48.95489645,-2.063314,23.86385,-96.3229800000001,0.1341503,0.02771939,-0.846786,-30.20756,-44.3614,31.70554
48.964893818,-4.216978,36.26849,-98.3350100000001,0.1215943,-0.05531326,-0.8127638,-27.59339,-44.32428,33.78902
48.974891663,-2.001781,49.38537,-99.7373399999999,0.1031609,-0.08432073,-0.7567309,-27.59339,-44.32428,33.78902
48.98488903,3.228544,63.0364100000001,-102.8468,0.1020865,-0.1030909,-0.6815877,-27.59339,-44.32428,33.78902
48.994886875,10.1818,77.2809800000002,-106.3222,0.1079991,-0.1567855,-0.6145835,-27.59339,-44.32428,33.78902
49.004884243,19.10412,92.1784199999999,-108.4562,0.1122748,-0.2285326,-0.605001,-27.59339,-44.32428,33.78902
49.014882088,29.93397,106.8978,-109.0049,0.1176806,-0.2828513,-0.6049964,-25.27498,-47.36388,32.20942
49.024879456,43.04054,120.6082,-109.4317,0.128123,-0.2944918,-0.6251118,-25.27498,-47.36388,32.20942
49.0348773,54.85492,134.4373,-110.1024,0.127025,-0.2627133,-0.6547899,-25.27498,-47.36388,32.20942
49.044874668,59.2237800000002,145.8923,-109.9195,0.1317938,-0.232461,-0.7045778,-25.27498,-47.36388,32.20942
49.05487299,58.0546500000002,154.9732,-109.0659,0.141295,-0.194883,-0.7605975,-25.27498,-47.36388,32.20942
49.064869881,52.88586,161.502,-107.8464,0.1598891,-0.1739579,-0.7974856,-24.48213,-49.20698,30.99927
49.074868202,44.33274,165.5973,-104.676,0.1911172,-0.2027211,-0.82194,-24.48213,-49.20698,30.99927
49.08486557,35.34889,168.921,-98.8227799999999,0.2307215,-0.262463,-0.8511868,-24.48213,-49.20698,30.99927
49.094863415,29.9955,171.2951,-92.1159899999999,0.2718414,-0.2730466,-0.8751845,-24.48213,-49.20698,30.99927
49.104860783,30.85696,172.3635,-86.0189100000003,0.2984982,-0.2138569,-0.8900822,-24.48213,-49.20698,30.99927
49.114858627,32.33376,172.3635,-81.3851400000001,0.3572493,-0.1752207,-0.8308511,-24.4321,-51.12946,28.5584
49.124855995,31.41076,171.7106,-75.3490299999998,0.432286,-0.2251067,-0.7625327,-24.4321,-51.12946,28.5584
49.13485384,31.41076,172.3041,-66.3253600000002,0.4770983,-0.3019764,-0.7630696,-24.4321,-51.12946,28.5584
49.144851208,39.04088,172.0667,-58.4601299999999,0.4773089,-0.3403099,-0.8104391,-24.4321,-51.12946,28.5584
49.154849052,50.9168,170.2268,-50.41199,0.4928961,-0.3664271,-0.8305598,-24.4321,-51.12946,28.5584
49.16484642,62.0543099999999,167.5559,-42.059,0.5140415,-0.4023715,-0.8214944,-26.26026,-52.69219,25.32759
49.174844742,72.7610899999999,164.4696,-33.46212,0.5386848,-0.4432073,-0.8234411,-26.26026,-52.69219,25.32759
49.184841633,83.8370699999999,162.3329,-25.90175,0.5628835,-0.4345164,-0.82875,-26.26026,-52.69219,25.32759
49.194839954,94.0515899999998,160.0182,-19.43885,0.5806308,-0.3932326,-0.8163485,-26.26026,-52.69219,25.32759
49.204837322,101.6202,158.5937,-14.3173,0.5965903,-0.3600741,-0.7852774,-26.26026,-52.69219,25.32759
49.214835167,106.2967,157.7628,-9.31770000000002,0.6242337,-0.3261243,-0.7460911,-27.70499,-54.9992,23.71613
49.224832535,108.2042,158.2376,-4.622952,0.6783933,-0.2763319,-0.6791977,-27.70499,-54.9992,23.71613
49.23483038,108.4504,161.3833,0.681504599999997,0.7239636,-0.2357755,-0.5941011,-27.70499,-54.9992,23.71613
49.244827747,105.3122,166.0721,6.29081499999999,0.7500529,-0.1962741,-0.5290704,-27.70499,-54.9992,23.71613
49.254825592,99.4049799999998,171.5919,11.90012,0.7774158,-0.14642,-0.4506444,-27.70499,-54.9992,23.71613
49.26482296,92.0825299999998,178.002,17.44846,0.824511,-0.1092438,-0.3665067,-30.34053,-54.26471,22.91861
49.274820805,82.6679500000002,185.0649,23.78942,0.8768479,-0.09199289,-0.2938588,-30.34053,-54.26471,22.91861
49.284818173,69.0691000000003,192.2465,30.74009,0.9211031,-0.06077523,-0.2704938,-30.34053,-54.26471,22.91861
49.294816494,60.6390500000001,198.7753,37.99561,0.9307908,-0.0825292,-0.2259975,-30.34053,-54.26471,22.91861
49.304813862,54.60879,204.8292,44.2756,0.9657472,-0.0761915,-0.2461603,-35.22086,-53.55418,21.2659
49.314811707,48.517,211.8328,51.16529,1.053707,-0.08958803,-0.2539673,-35.22086,-53.55418,21.2659
49.324809074,44.33274,219.8454,59.1524599999997,1.107323,-0.0905427,-0.2617178,-35.22086,-53.55418,21.2659
49.334806919,41.62528,227.2051,65.9811900000002,1.145518,-0.07409321,-0.2459956,-35.22086,-53.55418,21.2659
49.344804287,37.31795,235.6331,73.1757400000003,1.18858,-0.1089082,-0.2139971,-35.22086,-53.55418,21.2659
49.354802132,32.45683,242.3993,80.9800000000001,1.225583,-0.1592536,-0.2197916,-41.52779,-52.5084,15.53698
49.3647995,30.30317,251.2428,87.6867799999998,1.327448,-0.1871994,-0.2544194,-41.52779,-52.5084,15.53698
49.374797344,32.51836,258.9586,91.8327899999998,1.357002,-0.1528408,-0.2808015,-41.52779,-52.5084,15.53698
49.384794712,35.10276,263.6474,93.479,1.39273,-0.1094378,-0.2880536,-41.52779,-52.5084,15.53698
49.394793034,35.34889,266.9712,93.7228900000001,1.438412,-0.07772894,-0.320206,-41.52779,-52.5084,15.53698
49.404789925,34.30282,266.1996,92.2595900000003,1.444499,-0.06521983,-0.3470201,-48.62746,-51.50576,5.416013
49.414788246,31.77996,264.597,90.7353199999999,1.451992,-0.07468536,-0.3355449,-48.62746,-51.50576,5.416013
49.424785614,27.7803,260.0269,87.74776,1.446955,-0.06532389,-0.3106526,-48.62746,-51.50576,5.416013
49.434783459,23.34991,254.0323,84.27242,1.457852,-0.04693482,-0.236497,-48.62746,-51.50576,5.416013
49.444780827,20.27325,245.9011,80.7361100000001,1.414017,0.00441421,-0.212505,-48.62746,-51.50576,5.416013
49.454778671,14.85832,235.5144,77.1998099999998,1.358925,0.0584784,-0.1861012,-53.47752,-50.12333,-6.754305
49.464776039,5.99753899999999,222.3975,72.80992,1.267299,0.1110454,-0.1912193,-53.47752,-50.12333,-6.754305
49.474773884,-4.586177,204.8292,67.5664299999999,1.18012,0.134627,-0.1872448,-53.47752,-50.12333,-6.754305
49.484771252,-14.67763,187.0235,62.8107100000001,1.136892,0.1004482,-0.2177895,-53.47752,-50.12333,-6.754305
49.494769096,-16.89282,169.6333,60.4328500000003,1.075193,-0.01364959,-0.232967,-53.47752,-50.12333,-6.754305
49.504766464,-8.15510499999999,152.065,57.14043,1.009803,-0.1135009,-0.2763777,-55.77554,-45.35813,-18.53607
49.514764786,7.90506900000002,133.4283,51.89694,0.8924752,-0.1191679,-0.2704288,-55.77554,-45.35813,-18.53607
49.524761677,24.27291,112.7737,45.92181,0.816006,-0.04199468,-0.2215006,-55.77554,-45.35813,-18.53607
49.534759998,34.30282,92.2377800000003,40.19056,0.7817926,0.04143674,-0.2171553,-55.77554,-45.35813,-18.53607
49.544757366,40.27155,70.0993399999999,34.39833,0.7529657,0.1491883,-0.2219186,-55.77554,-45.35813,-18.53607
49.554755211,39.90235,48.43573,28.78902,0.6883369,0.1653395,-0.2289887,-55.40823,-43.5151,-25.83196
49.564752579,35.65656,26.65341,23.72845,0.6377957,0.1315899,-0.2499492,-55.40823,-43.5151,-25.83196
49.574750424,36.27189,7.89806300000001,17.81429,0.6712009,0.1179261,-0.2222465,-55.40823,-43.5151,-25.83196
49.584747791,44.51734,-8.89865800000003,10.55877,0.7144629,0.07160059,-0.2270958,-55.40823,-43.5151,-25.83196
49.594745636,58.1777200000003,-25.27991,3.791013,0.6953748,0.07454953,-0.288321,-55.40823,-43.5151,-25.83196
49.604743004,70.9766299999998,-41.95792,-5.049747,0.694323,0.1039168,-0.3160841,-54.68314,-42.00167,-27.44702
49.614740848,79.2836200000002,-58.7546500000002,-12.54915,0.6829277,0.113892,-0.3165454,-54.68314,-42.00167,-27.44702
49.624738216,88.6366699999999,-73.8301499999999,-18.15846,0.6698099,0.08442717,-0.3749013,-54.68314,-42.00167,-27.44702
49.634736538,91.28259,-81.1898399999998,-22.6703,1.020587,0.02555623,0.2389941,-54.68314,-42.00167,-27.44702
49.644733906,48.94773,-52.04783,-17.97555,1.552034,-0.2550999,1.078041,-54.68314,-42.00167,-27.44702
49.65473175,29.01097,-9.90764799999999,-7.67149000000001,1.871871,-0.3280886,1.649879,-56.55104,-43.12247,-23.39132
49.664729118,49.87073,-29.07846,0.864416900000002,1.334782,-0.01071609,0.6404596,-56.55104,-43.12247,-23.39132
49.674726963,38.48708,-75.1952599999999,-2.976741,0.6670147,0.438889,-0.4520384,-56.55104,-43.12247,-23.39132
49.684724331,-9.26270200000001,-104.7527,-10.17129,0.9302953,0.4952459,0.03898574,-56.55104,-43.12247,-23.39132
49.694722176,-28.64567,-109.6196,-6.75692799999998,1.537663,-0.1309697,0.3371982,-56.55104,-43.12247,-23.39132
49.704719543,34.61049,-112.4092,-14.37827,1.497428,-0.3811267,0.1171878,-57.95279,-45.39142,-20.5518
49.714717388,98.7896500000002,-114.902,-30.1697,1.114252,0.03967776,-0.01290386,-57.95279,-45.39142,-20.5518
49.724714756,118.6649,-119.4128,-40.10794,1.120565,0.1681813,-0.1091417,-57.95279,-45.39142,-20.5518
49.734713077,121.4339,-123.0333,-39.25434,1.222518,0.16016,-0.1968968,-57.95279,-45.39142,-20.5518
49.744709969,110.1118,-126.5944,-36.26678,1.211986,0.1502988,-0.1896973,-57.95279,-45.39142,-20.5518
49.75470829,83.1602099999998,-129.3246,-27.85281,1.215945,-0.01079074,-0.2777207,-59.07745,-46.85972,-13.2635
49.764705658,60.6390500000001,-138.4649,-10.781,1.13124,-0.200373,-0.4201399,-59.07745,-46.85972,-13.2635
49.774703503,49.9938,-134.9037,-1.635384,1.038952,0.04700682,-0.2702484,-59.07745,-46.85972,-13.2635
49.78470087,30.1801,-129.8588,1.474125,0.9508876,0.2754034,-0.1859243,-59.07745,-46.85972,-13.2635
49.794698715,-6.55523999999999,-126.0009,6.473727,0.9176463,0.3339096,-0.1461596,-59.07745,-46.85972,-13.2635
49.804696083,-54.79729,-126.357,20.00924,0.9613037,0.02905942,-0.3112659,-58.68343,-49.75463,-3.569783
49.814693928,-71.7804600000001,-126.0602,30.49621,1.067313,-0.2745019,-0.4702598,-58.68343,-49.75463,-3.569783
49.824691296,-56.88943,-122.2023,30.923,1.186473,-0.3641729,-0.3843008,-58.68343,-49.75463,-3.569783
49.83468914,-26.49201,-113.2401,21.5335,1.19531,-0.3400722,-0.3187575,-58.68343,-49.75463,-3.569783
49.844686508,2.428612,-108.7887,12.44886,0.9885378,-0.3890169,-0.5471438,-58.68343,-49.75463,-3.569783
49.85468483,26.11891,-100.3013,1.047329,1.007083,-0.07288466,-0.2926551,-60.20553,-49.72121,1.708119
49.864681721,41.13301,-91.1610399999999,-3.891303,1.075323,-0.07398807,-0.2951666,-60.20553,-49.72121,1.708119
49.874680042,39.65622,-85.5225700000002,-3.098683,1.033959,0.0290214,-0.207063,-60.20553,-49.72121,1.708119
49.88467741,30.3647,-80.3589100000002,-0.659852100000001,1.025245,0.1043807,-0.1840956,-60.20553,-49.72121,1.708119
49.894675255,21.75005,-73.5927399999999,4.644604,1.015412,0.2123979,-0.2008564,-60.98443,-49.36574,6.925393
49.904672623,2.305545,-69.5567799999999,9.52226500000001,1.039336,0.2884722,-0.1702888,-60.98443,-49.36574,6.925393
49.914670467,-14.61609,-66.7672200000001,13.48536,1.091614,0.2541094,-0.2148787,-60.98443,-49.36574,6.925393
49.924667835,-27.59961,-63.5028400000002,17.69235,1.108977,0.1875645,-0.1431054,-60.98443,-49.36574,6.925393
49.93466568,-37.50646,-60.7132799999998,19.39953,1.130805,0.03742844,-0.134969,-60.98443,-49.36574,6.925393
49.944664001,-38.49099,-57.09278,20.61894,1.147294,-0.06248574,-0.1498079,-60.64289,-48.56845,10.92314
49.954660892,-42.73678,-54.95609,19.39953,1.096691,-0.0958271,-0.2851481,-60.64289,-48.56845,10.92314
49.96465826,-39.66012,-51.57301,16.04613,1.094678,-0.09097144,-0.2281953,-60.64289,-48.56845,10.92314
49.974656582,-42.05992,-48.72409,13.72925,1.103923,-0.2193089,-0.200421,-60.64289,-48.56845,10.92314
49.984654427,-40.76772,-47.18093,13.24148,1.106442,-0.2492208,-0.1822318,-60.64289,-48.56845,10.92314
49.994651794,-37.87566,-44.39137,10.4978,1.056496,-0.2103867,-0.1850262,-60.27351,-48.55528,12.15142
50.004649162,-37.81413,-41.54246,7.57120099999999,1.060579,-0.1686028,-0.1946156,-60.27351,-48.55528,12.15142
50.014647007,-39.78319,-41.12699,5.437224,1.057642,-0.1426919,-0.2242888,-60.27351,-48.55528,12.15142
50.024644852,-42.98291,-39.93995,4.400721,1.049682,-0.1598089,-0.2190062,-60.27351,-48.55528,12.15142
50.03464222,-43.65978,-38.99031,3.973926,1.037476,-0.1842857,-0.2122785,-60.27351,-48.55528,12.15142
50.044640064,-45.07505,-38.93095,4.034896,1.05797,-0.2122672,-0.2343216,-60.29263,-47.78803,12.92137
50.054637432,-46.36724,-37.44715,4.705575,1.090007,-0.2051064,-0.2114076,-60.29263,-47.78803,12.92137
50.064635754,-45.87498,-35.90398,3.303247,1.123542,-0.09574556,-0.1751225,-60.29263,-47.78803,12.92137
50.074633122,-48.02864,-36.67556,0.7424754,1.085192,-0.1054836,-0.2535396,-60.29263,-47.78803,12.92137
50.084630966,-48.15171,-36.14139,-0.1720861,1.033616,-0.1093481,-0.2457915,-60.29263,-47.78803,12.92137
50.094628334,-46.79797,-35.0137,-1.879267,0.9971352,-0.1130634,-0.2543413,-59.91172,-48.1623,13.31318
50.104626179,-44.27511,-34.53888,-2.245092,1.016848,-0.1248006,-0.2519797,-59.91172,-48.1623,13.31318
50.114623547,-40.70618,-32.81766,-3.525478,1.009733,-0.1095138,-0.2653714,-59.91172,-48.1623,13.31318
50.124621391,-37.56799,-31.74932,-5.171688,0.9891299,-0.07645233,-0.2720441,-59.91172,-48.1623,13.31318
50.134618759,-35.66046,-30.91838,-6.513045,0.9738736,-0.0428782,-0.2873405,-59.91172,-48.1623,13.31318
50.144616604,-35.59893,-30.32486,-7.85440200000002,0.9717514,-0.03370041,-0.2887749,-59.15268,-48.5403,12.93377
50.154613972,-35.22973,-29.37523,-7.79343099999999,0.9545016,-0.02335927,-0.2897047,-59.15268,-48.5403,12.93377
50.164612293,-34.67593,-28.90041,-7.61051899999998,0.9444171,-0.004956751,-0.274856,-59.15268,-48.5403,12.93377
50.174609184,-35.96813,-28.72235,-7.06178199999999,0.9350051,0.003061281,-0.2810631,-59.15268,-48.5403,12.93377
50.184607506,-36.21426,-28.06947,-6.57401600000003,0.91917,-0.01058693,-0.3044822,-59.15268,-48.5403,12.93377
50.194604874,-34.73746,-28.18818,-7.73246000000002,0.8851518,0.01069607,-0.2948569,-59.13827,-49.23762,12.93749
50.204602718,-36.15273,-29.9094,-7.79343099999999,0.8355626,-0.04783093,-0.3172484,-59.13827,-49.23762,12.93749
50.214600086,-34.49133,-31.15579,-8.15925599999997,0.8082095,-0.09660676,-0.3310669,-59.13827,-49.23762,12.93749
50.224597931,-31.78387,-32.93637,-8.76896300000003,0.8075469,-0.1395143,-0.345412,-59.13827,-49.23762,12.93749
50.234595299,-28.21494,-34.36082,-7.42760699999997,0.7985774,-0.1297982,-0.3793777,-59.13827,-49.23762,12.93749
50.244593144,-25.56901,-36.08204,-7.30566500000003,0.775805,-0.08518273,-0.3932282,-57.64099,-49.2231,13.33561
50.254590511,-25.50747,-37.92197,-7.48857699999998,0.7400587,-0.05145387,-0.4534752,-57.64099,-49.2231,13.33561
50.264588356,-27.16887,-40.35541,-8.28119799999998,0.67096,-0.05755222,-0.4925964,-57.64099,-49.2231,13.33561
50.274585724,-28.83027,-44.09461,-8.829934,0.6220825,-0.101136,-0.4767069,-57.64099,-49.2231,13.33561
50.284584045,-29.87634,-47.65575,-8.52507999999999,0.61527,-0.1538795,-0.4905602,-57.64099,-49.2231,13.33561
50.294580937,-29.38407,-51.63236,-8.03731400000003,0.6269715,-0.1789514,-0.4412808,-57.31298,-49.98147,13.34198
50.304579258,-30.86087,-56.08379,-7.85440200000002,0.6334215,-0.1844009,-0.4135333,-57.31298,-49.98147,13.34198
50.314576626,-28.95334,-61.8409700000001,-8.76896300000003,0.6511413,-0.1929547,-0.3776687,-57.31298,-49.98147,13.34198
50.324574471,-22.06161,-65.99564,-11.87847,0.7088001,-0.1744215,-0.3356593,-57.31298,-49.98147,13.34198
50.334571838,-11.2933,-70.0316,-13.52468,0.717079,-0.09738805,-0.3787654,-57.31298,-49.98147,13.34198
50.344569683,0.890280700000001,-72.3463399999997,-15.23186,0.7139266,0.0428674,-0.4448396,-56.18035,-50.71958,15.03139
50.354567051,5.013007,-74.3049699999999,-15.47575,0.6813675,0.1923265,-0.5036862,-56.18035,-50.71958,15.03139
50.364564896,2.674744,-75.0765500000001,-15.29283,0.6655918,0.2528399,-0.5477032,-56.18035,-50.71958,15.03139
50.374562264,3.105477,-74.6610899999998,-14.3173,0.6702147,0.2403494,-0.5419651,-56.18035,-50.71958,15.03139
50.384560108,14.55066,-69.6754800000001,-18.2804,0.7037763,0.1128107,-0.5855413,-56.18035,-50.71958,15.03139
50.394557476,35.22582,-66.7672200000001,-21.38991,0.6940767,0.08521863,-0.5529741,-54.68146,-51.43853,18.65858
50.404555798,49.50153,-63.9182999999999,-25.29204,0.7449087,-0.05201601,-0.5252699,-54.68146,-51.43853,18.65858
50.414553166,58.7930499999999,-62.67191,-23.21903,0.7858068,-0.02461279,-0.5397055,-54.68146,-51.43853,18.65858
50.42455101,58.1777200000003,-62.9093200000001,-22.60933,0.8106809,0.0001932704,-0.537841,-54.68146,-51.43853,18.65858
50.434548378,49.19387,-63.7402500000003,-20.23147,0.7723709,0.01656277,-0.5248569,-54.68146,-51.43853,18.65858
50.444546223,42.24061,-66.23305,-16.26837,0.7743806,0.01466404,-0.4712594,-54.29642,-52.91628,23.507
50.454543591,33.07216,-65.2240599999999,-14.68313,0.8567944,-0.09264196,-0.4804683,-54.29642,-52.91628,23.507
50.464541435,24.02678,-63.9182999999999,-10.90294,1.014087,-0.1142174,-0.5228517,-54.29642,-52.91628,23.507
50.474538803,23.59604,-58.9326999999999,-8.64702100000002,1.124082,-0.1087313,-0.5857384,-54.29642,-52.91628,23.507
50.484536648,17.01199,-57.6862999999997,-6.45207400000002,1.210056,-0.01691516,-0.615105,-52.44388,-52.86135,28.35843
50.494534016,6.85900399999999,-55.60897,-6.57401600000003,1.149793,0.08031416,-0.5336671,-52.44388,-52.86135,28.35843
50.504532337,-6.30910700000001,-56.79602,-6.02527899999998,1.16532,0.05769833,-0.5427812,-52.44388,-52.86135,28.35843
50.514529228,-12.83163,-57.15213,-6.695957,1.209662,-0.02094112,-0.5763386,-52.44388,-52.86135,28.35843
50.52452755,-11.4779,-54.83739,-10.17129,1.212302,-0.03301213,-0.6265906,-52.44388,-52.86135,28.35843
50.534524918,-5.324575,-53.47229,-12.79303,1.177298,0.01352817,-0.6691348,-50.95732,-52.82613,31.20757
50.544522762,-4.83231,-52.81941,-14.92701,1.155393,0.09049609,-0.6542806,-50.95732,-52.82613,31.20757
50.55452013,-10.12417,-52.7007,-17.42681,1.168276,0.07904414,-0.6590859,-50.95732,-52.82613,31.20757
50.564517975,-14.98529,-51.69172,-17.97555,1.119243,0.04294725,-0.6743056,-50.95732,-52.82613,31.20757
50.57451582,-20.70788,-51.15754,-18.2804,1.075535,0.03462789,-0.6924131,-50.95732,-52.82613,31.20757
50.584513188,-24.76908,-49.91114,-21.26797,1.100878,0.008379892,-0.6948434,-49.83425,-53.18062,33.28194
50.594511032,-26.43047,-47.83381,-21.93865,1.052074,-0.01421579,-0.7220314,-49.83425,-53.18062,33.28194
50.6045084,-25.26134,-45.28166,-23.21903,1.017276,0.02258877,-0.7138444,-49.83425,-53.18062,33.28194
50.614506721,-25.50747,-42.25469,-25.77981,1.002243,0.04464947,-0.7133453,-49.83425,-53.18062,33.28194
50.624504089,-25.63054,-38.99031,-28.58446,1.000924,0.0367343,-0.7257839,-49.83425,-53.18062,33.28194
50.634501934,-24.15374,-35.60722,-30.5965,1.012773,0.05522458,-0.695659,-46.79253,-55.43372,34.09036
50.644499302,-25.93821,-32.16478,-31.75494,1.016347,0.0729426,-0.6789197,-46.79253,-55.43372,34.09036
50.654497147,-31.107,-29.67199,-32.73047,1.026308,0.1135296,-0.6727259,-46.79253,-55.43372,34.09036
50.664494514,-35.59893,-26.88243,-33.88892,1.067336,0.1613853,-0.629738,-46.79253,-55.43372,34.09036
50.674492359,-41.75225,-24.44898,-37.60814,1.135588,0.1357896,-0.5475353,-46.79253,-55.43372,34.09036
50.684489727,-45.13658,-21.65942,-41.93706,1.200369,0.05924425,-0.5557643,-44.56149,-54.65286,34.48999
50.694487572,-40.46005,-19.04791,-43.21745,1.145967,0.05142861,-0.4958454,-44.56149,-54.65286,34.48999
50.70448494,-39.72165,-18.27633,-44.49783,1.054967,0.04624324,-0.4411278,-44.56149,-54.65286,34.48999
50.714483261,-45.25964,-19.28532,-44.92463,1.048886,0.06034794,-0.3736416,-44.56149,-54.65286,34.48999
50.724480152,-46.79797,-18.86986,-47.18054,1.116412,0.02088584,-0.3182343,-44.56149,-54.65286,34.48999
50.734478474,-47.59791,-19.40403,-48.82676,1.1372,0.004617576,-0.2823732,-41.86495,-57.69618,32.13917
50.744475841,-48.33631,-20.11626,-50.22908,1.095303,-0.04767173,-0.2770223,-41.86495,-57.69618,32.13917
50.754473686,-48.5209,-22.01553,-50.47297,1.088652,-0.05565182,-0.2320225,-41.86495,-57.69618,32.13917
50.764471054,-53.07436,-26.58566,-50.16811,1.11427,-0.122867,-0.2511929,-41.86495,-57.69618,32.13917
50.774468899,-56.21256,-27.17919,-48.0951,1.094172,-0.1692672,-0.2865605,-41.86495,-57.69618,32.13917
50.784466267,-51.8437,-28.36624,-42.85162,1.111416,-0.1300487,-0.392366,-38.07705,-59.20691,30.11108
50.794464111,-44.21358,-32.6396,-45.53433,1.051115,0.07089846,-0.3937484,-38.07705,-59.20691,30.11108
50.804461479,-41.62918,-38.21873,-46.99763,1.090398,0.1601564,-0.3364107,-38.07705,-59.20691,30.11108
50.814459324,-39.96778,-40.41476,-47.42443,1.169667,0.1459252,-0.2044583,-38.07705,-59.20691,30.11108
50.824456692,-37.19879,-44.62878,-42.059,1.117467,0.01958674,-0.1971561,-38.07705,-59.20691,30.11108
50.834455013,-27.7842,-50.26726,-42.11997,1.083006,-0.04009482,-0.2190951,-35.4368,-62.62778,28.14882
50.844452381,-10.61643,-53.05682,-46.08307,1.085964,-0.02022089,-0.389957,-35.4368,-62.62778,28.14882
50.854450226,6.428272,-55.13415,-49.61937,1.14407,0.07632862,-0.4259764,-35.4368,-62.62778,28.14882
50.864447594,17.38119,-52.04783,-57.9113999999998,1.205255,0.1934206,-0.3481053,-35.4368,-62.62778,28.14882
50.874445438,23.41144,-44.86619,-59.3746899999999,1.165509,0.1810639,-0.3911047,-35.4368,-62.62778,28.14882
50.884442806,24.70364,-41.66116,-58.0943100000002,1.031027,0.1786814,-0.4669633,-31.26996,-64.50898,26.96404
50.894440651,25.99584,-40.29606,-55.28965,0.929812,0.09064179,-0.5758795,-31.26996,-64.50898,26.96404
50.904438019,36.39495,-42.43274,-53.03374,0.8788881,-0.05476543,-0.690133,-31.26996,-64.50898,26.96404
50.914435863,55.47026,-47.24029,-49.43646,0.8529904,-0.3663045,-0.8517663,-31.26996,-64.50898,26.96404
50.924433231,83.5294100000002,-51.51366,-38.76658,1.139684,-0.7349879,-0.7119484,-31.26996,-64.50898,26.96404
50.934431076,124.5105,-28.24753,-32.36465,1.172457,-0.8590609,-0.2166473,-26.77225,-64.84196,28.61194
50.944428444,166.2301,-14.35908,-35.35221,0.9090415,-0.1994825,-0.3738095,-26.77225,-64.84196,28.61194
50.954426765,158.0462,-22.25294,-55.71645,0.7916383,0.5959207,-0.6599981,-26.77225,-64.84196,28.61194
50.96442461,93.0670599999998,-41.89857,-63.2768200000001,0.9074092,0.8098958,-0.8392425,-26.77225,-64.84196,28.61194
50.974421978,2.367078,-49.19891,-48.5219,1.058195,0.617115,-0.8313199,-26.77225,-64.84196,28.61194
50.984419823,-57.07402,-41.3644,-24.98719,1.003179,0.2509105,-0.8502727,-22.68474,-64.37891,34.76803
50.994417191,-74.48793,-33.11442,-12.06138,0.9291478,0.01587226,-0.8323759,-22.68474,-64.37891,34.76803
51.004415035,-73.38033,-22.01553,-9.01284600000001,0.9266995,-0.08715186,-0.8275593,-22.68474,-64.37891,34.76803
51.014412403,-62.9812199999998,-11.39146,-13.03692,0.8653213,-0.168459,-0.9241037,-22.68474,-64.37891,34.76803
51.024410248,-41.32152,-6.16844799999999,-25.84078,0.7616953,-0.1803894,-1.047871,-19.73818,-61.701,33.93758
51.034407616,-12.83163,-2.547954,-42.24191,0.7122948,-0.1715071,-1.085595,-19.73818,-61.701,33.93758
51.044405937,11.6586,5.998787,-54.25315,0.6962856,-0.09516122,-0.9922643,-19.73818,-61.701,33.93758
51.054403305,28.1495,19.59048,-61.9964399999998,0.6234604,-0.107574,-0.9169977,-19.73818,-61.701,33.93758
51.06440115,44.39427,34.30987,-67.9715699999999,0.5232966,-0.117791,-0.8613057,-19.73818,-61.701,33.93758
51.074398518,59.1622500000003,49.44472,-72.3004899999997,0.4443204,-0.1408503,-0.8209616,-17.85741,-61.70056,32.33897
51.084396362,71.0381599999997,64.5795699999997,-74.6783500000002,0.3798915,-0.1346411,-0.7997936,-17.85741,-61.70056,32.33897
51.09439373,77.8068199999997,78.52737,-76.4464999999997,0.3369084,-0.1034971,-0.808341,-17.85741,-61.70056,32.33897
51.104391575,80.0220100000002,91.5255399999999,-79.7998999999998,0.2954585,-0.1026618,-0.839855,-17.85741,-61.70056,32.33897
51.114388943,78.8528800000002,102.1496,-83.6410499999998,0.2657652,-0.10493,-0.8642101,-17.85741,-61.70056,32.33897
51.124386787,74.7916900000001,110.0435,-86.3237700000003,0.2380985,-0.1629405,-0.877547,-14.95006,-60.89384,35.19471
51.134384155,73.1918299999999,117.7593,-89.2503699999999,0.2245837,-0.1172877,-0.8512135,-14.95006,-60.89384,35.19471
51.144382477,72.0227,128.0273,-93.4573400000002,0.2197843,-0.04284051,-0.830167,-14.95006,-60.89384,35.19471
51.154379368,69.2537000000002,136.2772,-95.8352100000003,0.2324137,-0.1167724,-0.7588621,-14.95006,-60.89384,35.19471
51.164377689,62.5465799999997,142.9841,-94.3719099999999,0.2656319,-0.3011361,-0.6923504,-14.95006,-60.89384,35.19471
51.174375057,59.9006499999999,152.0056,-88.3358000000002,0.2887881,-0.4189686,-0.7148536,-14.27392,-57.82522,37.57056
51.184372902,67.2846400000001,160.6117,-84.73853,0.2865334,-0.4039104,-0.7636683,-14.27392,-57.82522,37.57056
51.19437027,79.7143499999999,168.3869,-83.2752300000001,0.3119003,-0.3796814,-0.7728117,-14.27392,-57.82522,37.57056
51.204368115,91.1595300000002,174.975,-83.5800900000002,0.3689121,-0.4051107,-0.7542401,-14.27392,-57.82522,37.57056
51.214365482,101.4971,182.6314,-82.1777600000003,0.4449861,-0.4599463,-0.7510085,-14.27392,-57.82522,37.57056
51.224363327,109.9887,189.2789,-79.3730999999999,0.4902458,-0.5349599,-0.7620754,-13.93599,-56.29063,38.79073
51.234360695,116.8804,194.4426,-74.3125299999999,0.5260871,-0.6021618,-0.8018423,-13.93599,-56.29063,38.79073
51.24435854,126.7873,198.3005,-68.8861299999999,0.5480797,-0.6328064,-0.8526018,-13.93599,-56.29063,38.79073
51.254355907,138.6017,200.0217,-64.31332,0.5748379,-0.6317621,-0.9024207,-13.93599,-56.29063,38.79073
51.264354229,149.9238,200.6746,-60.4112000000001,0.6010438,-0.6273621,-0.9560681,-13.93599,-56.29063,38.79073
51.274352074,159.5229,201.4461,-56.93586,0.6344011,-0.5881523,-0.9915508,-17.31197,-53.63228,41.20299
51.284349442,164.3225,202.4551,-52.72888,0.6847484,-0.5194021,-1.021807,-17.31197,-53.63228,41.20299
51.294347286,177.0599,204.2357,-49.5584,0.7222867,-0.5176911,-0.9161072,-17.31197,-53.63228,41.20299
51.304344654,184.3824,208.6278,-45.90016,0.7874551,-0.4319277,-0.8717354,-17.31197,-53.63228,41.20299
51.314342499,188.1359,214.0882,-42.91259,0.8650407,-0.3833532,-0.7761679,-17.31197,-53.63228,41.20299
51.324339867,187.1514,220.7357,-39.5592,0.9282176,-0.3456355,-0.667651,-24.1641,-49.09466,43.96661
51.334337711,181.1211,227.2644,-34.49863,0.9875178,-0.3360967,-0.6031491,-24.1641,-49.09466,43.96661
51.344335079,173.5525,234.6241,-28.03572,1.029965,-0.338493,-0.5850365,-24.1641,-49.09466,43.96661
51.354333401,168.1376,239.7878,-21.63379,1.063542,-0.3365823,-0.6080672,-24.1641,-49.09466,43.96661
51.364330292,163.338,244.7734,-14.56119,1.118742,-0.3188084,-0.6435826,-24.1641,-49.09466,43.96661
51.374328613,158.0462,248.5719,-6.63498599999997,1.166901,-0.2888627,-0.6613816,-32.1562,-43.13524,43.42461
51.384325981,149.7392,249.8777,3.48616,1.21812,-0.2396811,-0.6547835,-32.1562,-43.13524,43.42461
51.394323826,138.1094,250.8867,14.82672,1.256891,-0.201716,-0.6256678,-32.1562,-43.13524,43.42461
51.404321194,124.3259,250.8867,26.53311,1.240268,-0.1721476,-0.5978889,-32.1562,-43.13524,43.42461
51.414319038,110.9117,246.4946,36.7762,1.185158,-0.1178434,-0.5982854,-32.1562,-43.13524,43.42461
51.424316406,98.2973900000001,240.3219,47.32413,1.185034,-0.0845387,-0.5695792,-42.65098,-38.707,36.48585
51.434314251,87.5906000000003,235.5737,57.87208,1.192277,-0.05378471,-0.5169564,-42.65098,-38.707,36.48585
51.444311619,77.0684200000001,229.4605,66.3470200000001,1.173328,-0.0285602,-0.4279147,-42.65098,-38.707,36.48585
51.454309464,66.4231699999999,221.8634,72.6270100000002,1.135456,-0.03319408,-0.3216036,-42.65098,-38.707,36.48585
51.464306831,58.4853799999999,212.8418,76.2852499999997,1.092252,-0.06660478,-0.2683977,-42.65098,-38.707,36.48585
51.474305153,57.5623900000001,203.5828,76.2242799999998,1.064483,-0.06651835,-0.2520778,-53.20169,-33.92666,26.25508
51.484302521,59.0391800000002,194.3239,73.2976800000002,1.020948,-0.03121701,-0.2299965,-53.20169,-33.92666,26.25508
51.494300366,59.9006499999999,182.6908,67.3225500000001,0.9674524,0.01553257,-0.2098151,-53.20169,-33.92666,26.25508
51.504297733,58.60845,170.4048,60.3109099999998,0.9599086,0.05443431,-0.1906689,-53.20169,-33.92666,26.25508
51.514295578,57.13165,160.7898,54.82354,0.9436545,0.1159813,-0.1739062,-53.20169,-33.92666,26.25508
51.524293423,52.82433,152.3617,50.79947,0.9703053,0.1252382,-0.1227474,-61.4376,-28.83218,13.65325
51.534290791,44.76347,142.806,49.2752,0.9533281,0.1481587,-0.07725903,-61.4376,-28.83218,13.65325
51.544288635,34.17976,133.2503,48.90937,0.919587,0.129329,-0.04417361,-61.4376,-28.83218,13.65325
51.554286003,23.59604,124.4661,49.76297,0.9074528,0.07530763,-0.02690981,-61.4376,-28.83218,13.65325
51.564284325,18.67338,115.7413,50.92141,0.8861597,0.04126925,-0.03643544,-61.4376,-28.83218,13.65325
51.574281693,17.07352,107.9068,51.775,0.8805544,0.02861175,-0.02685089,-64.88055,-23.24422,2.697254
51.584279537,15.59672,101.2,51.83597,0.8618395,0.01393133,0.002378653,-64.88055,-23.24422,2.697254
51.594276905,15.41212,92.8312999999999,51.47015,0.8147292,0.005781624,0.01012009,-64.88055,-23.24422,2.697254
51.60427475,16.33512,85.7090100000003,49.702,0.8173727,-0.004628769,0.03500412,-64.88055,-23.24422,2.697254
51.614272118,19.96558,79.9518399999998,47.8119,0.7958851,-0.02778289,0.04701195,-65.29248,-19.88867,-4.999316
51.624269962,23.59604,73.3637199999998,45.25113,0.7642323,-0.05453505,0.05951699,-65.29248,-19.88867,-4.999316
51.63426733,30.05703,65.1731000000002,42.50745,0.7454141,-0.03831904,0.06672426,-65.29248,-19.88867,-4.999316
51.644265175,37.25642,55.79543,38.60532,0.7006443,-0.01603627,0.04956783,-65.29248,-19.88867,-4.999316
51.654262543,43.77894,44.81524,34.76416,0.6861551,0.002401094,0.02470239,-65.29248,-19.88867,-4.999316
51.664260864,54.73186,31.52031,29.33776,0.6914476,0.05636526,-0.03705705,-64.9586,-16.5204,-11.85182
51.674257755,62.85424,15.85128,25.4966,0.7092499,0.06755589,-0.07394131,-64.9586,-16.5204,-11.85182
51.684256077,68.2691700000002,-1.123497,19.76535,0.6957382,0.05738398,-0.2002592,-64.9586,-16.5204,-11.85182
51.694253445,74.7916900000001,-21.83747,13.36342,0.6388472,0.0719423,-0.3978157,-64.9586,-16.5204,-11.85182
51.704251289,80.1450800000002,-47.35899,7.08343500000003,0.5679229,0.08294992,-0.5283462,-64.9586,-16.5204,-11.85182
51.714249134,82.4218100000001,-73.4740399999997,1.90092,0.5287968,0.08805016,-0.6297374,-63.85957,-14.63743,-15.07863
51.724246502,81.9295400000003,-96.0279399999998,-3.769361,0.5512727,0.1885982,-0.6298025,-63.85957,-14.63743,-15.07863
51.73424387,70.60743,-119.116,-6.33013299999999,0.6071641,0.2478488,-0.6481011,-63.85957,-14.63743,-15.07863
51.744241714,-28.5226,-29.43458,13.66828,2.202913,0.518152,3.716054,-63.85957,-14.63743,-15.07863
51.754239082,-38.73712,19.82789,16.16808,3.363135,-0.1775732,3.879798,-63.85957,-14.63743,-15.07863
51.764236927,83.5294100000002,-27.4166,7.69314200000002,0.9805802,0.08579598,-0.5778811,-63.87617,-14.24018,-13.08115
51.774235249,119.1572,-88.3714800000001,-16.75613,0.1894901,0.5650391,-0.5565252,-63.87617,-14.24018,-13.08115
51.784232616,70.0536300000003,-117.2167,-19.43885,0.8886697,7.68858e-05,0.553655,-63.87617,-14.24018,-13.08115
51.794230461,100.7587,-117.6916,-17.54875,1.772277,-0.4217076,0.6106095,-63.87617,-14.24018,-13.08115
51.804227829,214.7183,-115.5549,-26.6334,1.579625,0.03616559,-0.1276153,-63.87617,-14.24018,-13.08115
51.814225674,231.0861,-127.0099,-36.75454,1.023169,0.9184516,-0.06082896,-63.87707,-14.60365,-11.07961
51.824223041,173.6141,-146.0026,-27.73087,1.328768,1.146314,-0.1418211,-63.87707,-14.60365,-11.07961
51.834220886,81.6834099999999,-167.4288,-2.245092,1.642454,0.9128802,-0.4141391,-63.87707,-14.60365,-11.07961
51.844218254,-3.970845,-175.9162,24.64301,1.547358,0.4506096,-0.3832254,-63.87707,-14.60365,-11.07961
51.854216099,-51.53603,-176.0943,39.33697,1.073793,0.2105476,-0.4756604,-63.87707,-14.60365,-11.07961
51.864213467,-69.4422099999999,-170.3371,42.69036,0.9010029,-0.1390461,-0.5489699,-63.50444,-16.05743,-3.393185
51.874211788,-80.88738,-167.2508,47.75093,0.9261657,-0.3886335,-0.5298064,-63.50444,-16.05743,-3.393185
51.884208679,-81.1950499999999,-160.3659,49.94588,1.110452,-0.4972187,-0.5272283,-63.50444,-16.05743,-3.393185
51.894207001,-58.7969600000003,-149.5638,41.95871,1.141497,-0.3819071,-0.3665105,-63.50444,-16.05743,-3.393185
51.904204369,-37.62952,-140.9577,28.24029,1.050725,-0.2966643,-0.3606313,-63.50444,-16.05743,-3.393185
51.914202213,-25.07674,-130.2742,17.75332,0.9903901,-0.2732162,-0.2700813,-62.04522,-15.60426,3.904445
51.924199581,-5.570708,-120.2437,9.217411,1.008007,-0.4598733,-0.3140929,-62.04522,-15.60426,3.904445
51.934197426,32.08763,-110.2725,-0.1111153,0.9662827,-0.4429362,-0.2848314,-62.04522,-15.60426,3.904445
51.946694851,68.3307,-98.7581500000001,-10.84197,0.9942999,-0.2735021,-0.2566879,-62.04522,-15.60426,3.904445
51.954192638,78.4221499999999,-94.4254199999998,-12.854,1.003816,-0.2098224,-0.2749068,-62.04522,-15.60426,3.904445
51.966690063,87.8982700000002,-87.5999,-13.89051,1.026192,-0.02544441,-0.2477144,-61.37897,-12.88166,10.34584
51.976687431,84.20628,-82.91106,-13.64662,1.053732,0.1450715,-0.1535268,-61.37897,-12.88166,10.34584
51.984186172,73.6840900000001,-81.1304899999998,-13.09789,1.082025,0.2463861,-0.1885383,-61.37897,-12.88166,10.34584
51.99418354,57.74699,-77.3913000000001,-10.47614,1.04321,0.2614263,-0.2664824,-61.37897,-12.88166,10.34584
52.004181385,41.13301,-73.4740399999997,-6.63498599999997,1.01109,0.2593777,-0.2616401,-61.37897,-12.88166,10.34584
52.014178753,27.10344,-69.7348399999998,-1.940238,1.000597,0.2468771,-0.2774116,-60.27422,-12.83563,14.8047
52.024176598,15.22752,-66.23305,2.144803,1.024679,0.262711,-0.2453931,-60.27422,-12.83563,14.8047
52.036673069,7.16667,-61.8409700000001,5.437224,1.023337,0.2315238,-0.1989609,-60.27422,-12.83563,14.8047
52.04417181,2.182479,-58.9326999999999,7.81508400000003,1.045915,0.1985592,-0.1329482,-60.27422,-12.83563,14.8047
52.054169178,1.321013,-57.9237099999997,10.4978,1.040077,0.09222694,-0.2166615,-60.27422,-12.83563,14.8047
52.066666603,3.474676,-54.65933,10.61974,0.9726761,0.07351451,-0.2572182,-59.54053,-12.7995,18.42228
52.076663971,5.689873,-53.11617,11.47333,0.9961055,0.0459858,-0.2361945,-59.54053,-12.7995,18.42228
52.086661816,2.982411,-49.19891,14.09507,1.001673,0.08773419,-0.1998432,-59.54053,-12.7995,18.42228
52.09416008,-2.74018,-48.72409,14.15604,1.02193,0.1003321,-0.1414955,-59.54053,-12.7995,18.42228
52.106657028,-11.35483,-47.24029,15.00963,1.04931,-0.03495463,-0.1687872,-58.5069,-12.00685,21.26412
52.116654396,-15.35449,-47.77446,15.86322,1.021012,-0.05871169,-0.1548531,-58.5069,-12.00685,21.26412
52.126652241,-18.98495,-47.18093,18.11914,1.033472,-0.09997232,-0.1768787,-58.5069,-12.00685,21.26412
52.136650562,-17.69275,-46.11259,17.5704,1.036194,-0.09078312,-0.2405364,-58.5069,-12.00685,21.26412
52.14664793,-19.04649,-45.45972,17.5704,1.017472,-0.05438813,-0.258699,-58.5069,-12.00685,21.26412
52.156645775,-21.93855,-45.51907,20.37506,1.065754,0.04789165,-0.2315307,-56.6498,-11.59554,23.2755
52.166643143,-40.27545,-41.60181,25.55757,1.042835,0.2036006,-0.2655097,-56.6498,-11.59554,23.2755
52.176640987,-49.50544,-46.40936,16.77778,1.017039,-0.2655541,-0.2868799,-56.6498,-11.59554,23.2755
52.186638355,-30.3686,-41.30505,22.87486,1.147414,-0.1728447,-0.1555226,-56.6498,-11.59554,23.2755
52.1966362,-26.18434,-40.118,22.57001,1.079249,-0.07609992,-0.3219731,-56.6498,-11.59554,23.2755
52.206633568,-23.29228,-44.03526,14.94866,1.027035,-0.01951407,-0.2917464,-57.0493,-10.82021,25.33268
52.216631413,-25.87667,-45.69712,15.0706,1.014287,0.01254403,-0.2127674,-57.0493,-10.82021,25.33268
52.22662878,-33.44526,-46.94352,19.4605,0.9273878,0.0450605,-0.2949394,-57.0493,-10.82021,25.33268
52.236627102,-37.44492,-49.31762,19.58244,0.9501061,-0.0238058,-0.3289401,-57.0493,-10.82021,25.33268
52.24662447,-39.84472,-49.73309,21.16768,0.9768042,-0.06975764,-0.3103104,-57.0493,-10.82021,25.33268
52.256622315,-41.13692,-48.96151,19.88729,0.9682164,-0.02843022,-0.3423706,-55.19639,-10.03563,26.50353
52.266619682,-40.21392,-50.38596,17.93623,0.9610578,-0.03705637,-0.3667633,-55.19639,-10.03563,26.50353
52.276617527,-37.13726,-51.81042,14.88769,0.9330596,-0.07690062,-0.3590471,-55.19639,-10.03563,26.50353
52.286614895,-33.1376,-52.99747,11.5343,0.9255437,-0.1171454,-0.3331805,-55.19639,-10.03563,26.50353
52.29661274,-26.24587,-53.17552,8.85158600000001,0.8732918,-0.1379049,-0.36467,-55.19639,-10.03563,26.50353
52.306610107,-21.13862,-55.96508,6.41275599999997,0.8358287,-0.08751497,-0.3000099,-54.10477,-8.868687,28.5698
52.316607952,-18.49269,-58.2798300000002,4.644604,0.8476687,-0.09495084,-0.2885428,-54.10477,-8.868687,28.5698
52.326606274,-14.80069,-60.59457,3.48616,0.8621773,-0.09022149,-0.3340341,-54.10477,-8.868687,28.5698
52.336603642,-11.90863,-61.54421,2.388686,0.8968433,-0.0690622,-0.3800433,-54.10477,-8.868687,28.5698
52.346601486,-8.64737,-60.9506899999998,1.291212,0.8908815,-0.01228191,-0.4283837,-54.10477,-8.868687,28.5698
52.356598854,-9.75496900000002,-62.0783800000001,0.2547093,0.8712632,0.04676889,-0.4116145,-52.59097,-9.981615,30.58651
52.366596699,-14.36996,-63.0873700000003,0.1327677,0.8700698,0.03275828,-0.400123,-52.59097,-9.981615,30.58651
52.376594067,-16.33902,-65.3427700000003,-0.720822899999998,0.8746265,-0.002047369,-0.3900719,-52.59097,-9.981615,30.58651
52.386591911,-15.04683,-68.0136200000003,-2.367033,0.890649,-0.05001792,-0.3565871,-52.59097,-9.981615,30.58651
52.396589279,-12.0317,-70.6251200000001,-5.171688,0.8468197,-0.07851768,-0.4024467,-52.59097,-9.981615,30.58651
52.406587124,-8.40123700000001,-74.54238,-8.34216799999998,0.8027736,-0.09528894,-0.4406517,-50.73753,-9.563225,33.4364
52.416584492,-7.10903899999999,-77.9848199999998,-11.08585,0.7745555,-0.09709372,-0.4176303,-50.73753,-9.563225,33.4364
52.426582813,-6.80137299999998,-83.2671700000002,-13.46371,0.6935122,-0.1154187,-0.4394989,-50.73753,-9.563225,33.4364
52.436579704,-6.80137299999998,-86.7689699999998,-14.37827,0.6304957,-0.1604564,-0.4987209,-50.73753,-9.563225,33.4364
52.446578026,-6.43217400000002,-90.1520499999998,-13.95148,0.6009784,-0.1462254,-0.525952,-50.73753,-9.563225,33.4364
52.456575394,-5.93990799999998,-90.9829900000002,-15.35381,0.6524293,-0.2139635,-0.5518673,-48.89812,-8.387392,35.89523
52.466573238,1.567146,-88.1934200000001,-13.89051,0.6966152,-0.2067041,-0.5974109,-48.89812,-8.387392,35.89523
52.476570606,9.812599,-84.8103400000001,-14.07342,0.7062516,-0.1500489,-0.6400356,-48.89812,-8.387392,35.89523
52.486568451,12.2124,-82.2581899999997,-12.00041,0.6633835,0.03007083,-0.6715932,-48.89812,-8.387392,35.89523
52.496565819,7.96660199999998,-79.9434400000003,-12.00041,0.6431096,0.09694859,-0.7007682,-48.89812,-8.387392,35.89523
52.506563664,1.936346,-78.16287,-12.2443,0.6234803,0.07795462,-0.7160436,-46.22783,-11.38004,39.54294
52.516561508,1.567146,-75.3139600000001,-12.48818,0.5903376,-0.02510664,-0.7020805,-46.22783,-11.38004,39.54294
52.526558876,7.53587,-75.3733100000002,-13.58565,0.6294143,-0.1327863,-0.6585706,-46.22783,-11.38004,39.54294
52.536557198,15.59672,-72.8805200000001,-13.82954,0.6339927,-0.1692292,-0.6681406,-46.22783,-11.38004,39.54294
52.546554566,18.79645,-72.4056899999998,-12.97595,0.701528,-0.1322238,-0.646732,-46.22783,-11.38004,39.54294
52.55655241,21.87311,-69.6754800000001,-13.15886,0.8628747,-0.1370402,-0.7250199,-43.27794,-9.438873,41.55455
52.566549778,20.15018,-68.6665000000002,-10.04935,0.9287005,-0.03495238,-0.703625,-43.27794,-9.438873,41.55455
52.576547623,14.98139,-65.6988799999999,-9.01284600000001,0.9662358,0.01563941,-0.725718,-43.27794,-9.438873,41.55455
52.586544991,4.951474,-66.2924000000001,-4.927805,0.9982642,0.1009971,-0.7071313,-43.27794,-9.438873,41.55455
52.596542835,-6.370641,-64.5118299999998,-3.830332,1.000895,0.1158325,-0.7377686,-43.27794,-9.438873,41.55455
52.606540203,-14.43149,-63.5028400000002,-3.952273,0.9847469,0.1450287,-0.7516267,-41.03404,-9.778382,44.41128
52.616538048,-18.67729,-60.35716,-2.91577,0.9928399,0.07626292,-0.7961307,-41.03404,-9.778382,44.41128
52.626535416,-18.86189,-56.26184,-2.367033,0.9927692,0.05303627,-0.8382393,-41.03404,-9.778382,44.41128
52.636533737,-17.56969,-50.86078,-2.8548,1.019651,0.09998528,-0.8636627,-41.03404,-9.778382,44.41128
52.646530628,-20.76942,-45.93454,-2.91577,0.9970091,0.1378835,-0.8684188,-38.85509,-9.748356,46.04001
52.65652895,-25.69208,-41.00829,-3.70839,0.9861346,0.1458375,-0.8784519,-38.85509,-9.748356,46.04001
52.666526318,-30.06093,-35.66658,-6.20819099999998,0.9843063,0.1395324,-0.8731828,-38.85509,-9.748356,46.04001
52.676524162,-32.89146,-30.50292,-8.58605100000002,0.9664132,0.1068007,-0.8535215,-38.85509,-9.748356,46.04001
52.686522007,-32.7684,-24.74574,-12.18333,0.9736182,0.08660363,-0.8458717,-38.85509,-9.748356,46.04001
52.696519375,-31.72233,-19.34468,-18.21943,1.005505,0.07574647,-0.8267815,-36.96316,-10.86501,47.2855
52.706517219,-31.90693,-15.01195,-22.60933,1.001968,0.08326838,-0.7937555,-36.96316,-10.86501,47.2855
52.716514587,-33.01453,-11.45081,-26.26757,1.025432,0.08015586,-0.7598167,-36.96316,-10.86501,47.2855
52.726512909,-34.6144,-9.01736299999997,-30.5965,1.0798,0.04103819,-0.6914651,-36.96316,-10.86501,47.2855
52.7365098,-35.78353,-5.515573,-33.82795,1.101461,-0.02197728,-0.6680363,-36.96316,-10.86501,47.2855
52.746508121,-35.16819,-3.675649,-36.26678,1.107303,-0.07248656,-0.624483,-35.82151,-11.62055,46.9109
52.756505489,-35.78353,-1.95443,-38.27881,1.08699,-0.1055371,-0.5813673,-35.82151,-11.62055,46.9109
52.766503334,-37.13726,-1.242202,-40.04696,1.085606,-0.08289973,-0.5473918,-35.82151,-11.62055,46.9109
52.776500702,-41.62918,0.3603118,-46.32695,1.18563,-0.1400978,-0.4824651,-35.82151,-11.62055,46.9109
52.786498547,-43.35212,3.090521,-48.82676,1.219035,-0.2050609,-0.4317775,-35.82151,-11.62055,46.9109
52.796495914,-40.27545,4.633682,-50.29005,1.120058,-0.1773837,-0.4856912,-34.2717,-13.89852,46.09568
52.806493759,-41.01385,7.48259600000002,-49.19258,0.9346356,-0.03433661,-0.4901906,-34.2717,-13.89852,46.09568
52.816491127,-46.79797,3.684045,-46.69278,0.9964526,0.0229093,-0.4218767,-34.2717,-13.89852,46.09568
52.826488972,-56.33562,3.921454,-47.18054,1.084844,-0.01091706,-0.3267854,-34.2717,-13.89852,46.09568
52.83648634,-61.19675,3.031168,-44.19298,1.0801,-0.1234923,-0.4047561,-34.2717,-13.89852,46.09568
52.846484661,-52.52057,0.3009594,-40.10794,1.055545,-0.1660755,-0.4382027,-33.09155,-16.18911,44.11668
52.856482506,-31.41467,-3.319535,-42.60773,1.006656,-0.1059268,-0.4505759,-33.09155,-16.18911,44.11668
52.866479874,-14.36996,-11.2134,-42.11997,1.06595,0.0370469,-0.248757,-33.09155,-16.18911,44.11668
52.876477718,-13.01623,-20.11626,-40.41279,1.17329,0.03389968,-0.08144166,-33.09155,-16.18911,44.11668
52.886475086,-14.30843,-29.61263,-37.73008,1.194979,-0.03055989,-0.05657692,-33.09155,-16.18911,44.11668
52.896472931,-14.30843,-39.88059,-35.04736,1.135445,-0.0522246,-0.06508192,-31.5288,-18.85723,42.14249
52.906470299,-4.83231,-43.08562,-32.73047,1.052635,-0.05930633,-0.2879522,-31.5288,-18.85723,42.14249
52.916468143,5.566806,-49.08021,-32.42562,1.008935,0.1354426,-0.4712208,-31.5288,-18.85723,42.14249
52.926465511,2.305545,-57.15213,-34.62057,1.129862,0.2878658,-0.431749,-31.5288,-18.85723,42.14249
52.936463833,-7.17057299999998,-59.5262299999998,-32.0598,1.236507,0.2936122,-0.3529713,-31.5288,-18.85723,42.14249
52.946460724,-12.9547,-58.9326999999999,-29.25514,1.189109,0.2211229,-0.4189136,-29.64017,-19.23715,40.54591
52.956459045,-13.81616,-59.6449299999999,-26.26757,1.074996,0.1215047,-0.437832,-29.64017,-19.23715,40.54591
52.966456413,-3.663178,-60.8913300000001,-22.91418,1.037895,-0.05970317,-0.5645434,-29.64017,-19.23715,40.54591
52.976454258,19.10412,-64.0370099999998,-15.29283,1.033687,-0.4100302,-0.7104115,-29.64017,-19.23715,40.54591
52.986451626,53.50119,-63.8589499999998,-1.147618,1.287377,-0.9192626,-0.7236442,-29.64017,-19.23715,40.54591
52.996449471,105.3122,-38.27808,5.254312,1.274752,-0.8841439,-0.2579767,-25.49692,-19.97727,39.35505
53.006447315,152.9389,-21.06589,3.425189,0.9473798,-0.2654803,-0.2345936,-25.49692,-19.97727,39.35505
53.016444683,152.0159,-21.60007,-11.08585,0.748183,0.5544443,-0.425888,-25.49692,-19.97727,39.35505
53.026443005,99.2819099999998,-31.51191,-19.37788,0.7601852,0.8979857,-0.5599987,-25.49692,-19.97727,39.35505
53.036439896,13.56613,-37.20974,-9.56158399999997,0.8260885,0.8386142,-0.605563,-25.49692,-19.97727,39.35505
53.046438217,-61.5659499999998,-32.81766,10.19294,0.7830017,0.6924042,-0.6652723,-22.5408,-17.68299,38.13963
53.056435585,-103.6547,-25.57667,26.9599,0.7015866,0.3817139,-0.7205651,-22.5408,-17.68299,38.13963
53.06643343,-120.2071,-18.09828,36.10551,0.7375167,0.1564883,-0.6645764,-22.5408,-17.68299,38.13963
53.076430798,-119.5303,-4.922049,37.75173,0.7831646,0.03481442,-0.6775461,-22.5408,-17.68299,38.13963
53.086428642,-104.3315,7.18583399999999,32.26436,0.7690675,-0.02047294,-0.741158,-22.5408,-17.68299,38.13963
53.09642601,-78.2414599999999,16.14804,18.91176,0.7876312,-0.07588953,-0.7832908,-18.86913,-13.49166,35.69411
53.106423855,-45.69038,25.0509,2.876452,0.8130444,-0.1069,-0.8283132,-18.86913,-13.49166,35.69411
53.116421223,-11.2933,35.31886,-10.72003,0.7738703,-0.07148716,-0.8564901,-18.86913,-13.49166,35.69411
53.126419067,19.04258,45.88358,-22.48738,0.7135201,-0.1021211,-0.8874844,-18.86913,-13.49166,35.69411
53.136416435,47.65553,57.4572899999998,-31.32815,0.6807319,-0.1200566,-0.8649296,-18.86913,-13.49166,35.69411
53.146414757,69.6844299999999,70.2773999999998,-36.75454,0.6519039,-0.08926714,-0.8366513,-16.2516,-15.40799,31.72423
53.156412602,80.9450100000003,83.8097399999999,-39.1324,0.6142567,-0.03076115,-0.8404293,-16.2516,-15.40799,31.72423
53.166409969,82.3602800000003,95.1460400000003,-40.35182,0.5846294,0.01492666,-0.881547,-16.2516,-15.40799,31.72423
53.176407814,75.0993600000001,105.3546,-40.83958,0.5638742,0.004276731,-0.8853366,-16.2516,-15.40799,31.72423
53.186405182,66.4846999999998,116.0974,-41.32735,0.5469657,0.04882036,-0.8666542,-14.01967,-14.26367,30.12232
53.196403027,59.9621799999998,127.8492,-44.74171,0.5401901,0.1246732,-0.8470402,-14.01967,-14.26367,30.12232
53.206400394,53.19353,138.77,-46.44889,0.544276,0.03830994,-0.7881603,-14.01967,-14.26367,30.12232
53.216398239,46.8556,150.8186,-43.5223,0.5703281,-0.1277295,-0.7216408,-14.01967,-14.26367,30.12232
53.226395607,48.08627,163.4606,-38.46172,0.5649239,-0.2038932,-0.7488907,-14.01967,-14.26367,30.12232
53.236393929,55.53179,174.6189,-34.01086,0.5454453,-0.2312856,-0.7794785,-11.81473,-11.97174,29.28834
53.246391296,65.9309,184.412,-29.62096,0.5486732,-0.1694239,-0.7704071,-11.81473,-11.97174,29.28834
53.256389141,72.8226199999998,193.849,-25.96272,0.6019146,-0.1240636,-0.7609401,-11.81473,-11.97174,29.28834
53.266386509,74.6686200000001,203.1674,-20.65826,0.6407698,-0.169649,-0.7815748,-11.81473,-11.97174,29.28834
53.276384354,73.1918299999999,208.9245,-12.00041,0.6552617,-0.1903161,-0.8409383,-11.81473,-11.97174,29.28834
53.286381722,70.0536300000003,211.1206,-3.403537,0.6647682,-0.1269305,-0.8912216,-11.0748,-11.58249,29.67887
53.296379566,65.37711,210.8238,4.27878,0.6925552,-0.07595327,-0.9032476,-11.0748,-11.58249,29.67887
53.306377411,59.59298,210.6458,13.66828,0.7360857,-0.05776947,-0.8688707,-11.0748,-11.58249,29.67887
53.316374779,54.42419,211.6547,24.94787,0.7649788,-0.1160185,-0.818177,-11.0748,-11.58249,29.67887
53.3263731,57.31625,213.7914,33.17892,0.7884994,0.1103476,-0.8249763,-11.0748,-11.58249,29.67887
53.336370468,54.85492,209.5774,36.28843,0.7704198,0.03514222,-0.8263612,-14.10786,-10.07649,30.48702
53.346368313,45.13267,209.8742,47.75093,0.9054034,-0.1407548,-0.5858275,-14.10786,-10.07649,30.48702
53.356365681,45.31727,214.3849,60.4938200000002,0.948188,-0.08421046,-0.6060168,-14.10786,-10.07649,30.48702
53.366363525,51.22446,218.7177,63.4204199999999,0.909196,0.04482165,-0.6528825,-14.10786,-10.07649,30.48702
53.376360893,48.08627,216.6997,63.7252700000002,0.9291872,0.09635013,-0.6409662,-14.10786,-10.07649,30.48702
53.386358738,37.87175,215.5126,68.0541999999997,0.9997769,0.1010903,-0.5941901,-20.0612,-8.987036,29.5984
53.396356106,26.61117,215.0972,74.2122400000002,1.031774,0.1357296,-0.5952119,-20.0612,-8.987036,29.5984
53.406353951,15.71979,213.6727,78.2363099999997,1.035593,0.1923717,-0.5736972,-20.0612,-8.987036,29.5984
53.416351318,1.997879,211.536,80.9800000000001,1.039488,0.1939249,-0.5186682,-20.0612,-8.987036,29.5984
53.42634964,-11.04717,208.8652,83.4188299999999,1.037592,0.1660231,-0.4837216,-20.0612,-8.987036,29.5984
53.436346531,-21.13862,205.9569,85.3089199999999,1.03408,0.1455968,-0.4779673,-27.21924,-6.471886,25.91969
53.446344853,-28.27647,202.0397,84.4553299999999,1.030029,0.1538128,-0.4741337,-27.21924,-6.471886,25.91969
53.456342697,-35.84506,197.9444,81.3458300000001,1.026377,0.1669752,-0.4616878,-27.21924,-6.471886,25.91969
53.466340065,-41.75225,193.0775,77.9314700000003,1.024215,0.1787793,-0.4415869,-27.21924,-6.471886,25.91969
53.47633791,-46.67491,188.3293,74.0902999999997,1.02673,0.1751564,-0.4181401,-27.21924,-6.471886,25.91969
53.486335278,-51.41297,184.1152,70.3101200000003,1.008938,0.1635063,-0.3783842,-33.99481,-3.907964,20.17942
53.496333122,-53.1359,178.1207,65.8592500000003,0.971279,0.1967738,-0.3788058,-33.99481,-3.907964,20.17942
53.50633049,-53.81276,170.5829,60.4328500000003,0.9305419,0.1869422,-0.3562391,-33.99481,-3.907964,20.17942
53.516328812,-54.36656,163.9354,55.37228,0.9168741,0.163212,-0.3179231,-33.99481,-3.907964,20.17942
53.526325703,-54.48963,157.1099,51.16529,0.9208149,0.1359377,-0.2801155,-33.99481,-3.907964,20.17942
53.536324024,-55.53569,150.5812,47.75093,0.9226501,0.09194282,-0.2064066,-39.20557,-1.338861,13.67673
53.546321392,-49.75157,140.9067,43.42201,0.9071657,0.03508879,-0.1728646,-39.20557,-1.338861,13.67673
53.556319237,-35.90659,132.9535,37.87367,0.879229,-0.03387564,-0.1613124,-39.20557,-1.338861,13.67673
53.566317082,-15.10836,124.5255,30.923,0.8097652,-0.1231245,-0.1525539,-39.20557,-1.338861,13.67673
53.576314449,10.12027,113.4859,23.11874,0.6781308,-0.145719,-0.1599758,-39.20557,-1.338861,13.67673
53.586312294,35.90269,102.0903,15.13157,0.5824873,-0.1110963,-0.09951744,-41.47665,0.8790007,8.03635
53.596309662,52.70126,90.2791399999998,9.64420700000001,0.5025972,-0.08485661,-0.03334143,-41.47665,0.8790007,8.03635
53.606307984,63.5311099999997,80.6047100000001,6.35178600000003,0.4704773,-0.06047571,-0.007927188,-41.47665,0.8790007,8.03635
53.616304874,67.2231,75.55976,3.791013,0.456689,-0.000245732,0.0188816,-41.47665,0.8790007,8.03635
53.626303196,66.1155,65.7072699999998,0.1327677,0.443653,0.04515329,0.01649976,-41.47665,0.8790007,8.03635
53.636300564,60.8236500000001,58.1101699999998,-1.147618,0.5105816,0.1140741,0.02210825,-43.36852,2.725855,3.174784
53.646298408,46.8556,50.33501,-1.452472,0.594709,0.149275,0.02290968,-43.36852,2.725855,3.174784
53.656295776,26.42657,43.27208,0.2547093,0.7061321,0.1327308,0.04521277,-43.36852,2.725855,3.174784
53.666293621,5.136074,35.91238,3.242276,0.7556621,0.06504341,0.08199421,-43.36852,2.725855,3.174784
53.676290989,-12.46243,29.0275,6.35178600000003,0.7582314,-0.0456391,0.0887183,-43.36852,2.725855,3.174784
53.686288834,-23.04615,21.90522,9.70517700000002,0.7101107,-0.1559705,0.08404484,-44.11963,3.453701,-0.05984879
53.696286678,-28.39954,15.96998,12.69274,0.6872824,-0.2374641,0.09607002,-44.11963,3.453701,-0.05984879
53.706284046,-27.53807,11.04374,13.97313,0.7130839,-0.2623067,0.0869385,-44.11963,3.453701,-0.05984879
53.716282368,-24.58448,6.05813900000001,13.91216,0.7523777,-0.2527088,0.09500331,-44.11963,3.453701,-0.05984879
53.726279736,-21.81548,0.06354995,13.72925,0.7715586,-0.2612382,0.1303867,-44.11963,3.453701,-0.05984879
53.73627758,-19.72335,-6.82132499999999,12.44886,0.8029376,-0.2463339,0.09826356,-44.12999,4.204062,-1.289411
53.746274948,-16.76976,-14.24037,12.08304,0.7940895,-0.2420738,0.104978,-44.12999,4.204062,-1.289411
53.756272793,-11.23177,-22.5497,12.14401,0.7824522,-0.2188469,0.1193495,-44.12999,4.204062,-1.289411
53.766270161,-7.10903899999999,-28.84105,11.9611,0.7985133,-0.2166375,0.1667,-44.12999,4.204062,-1.289411
53.776268005,-2.186381,-34.89499,11.35139,0.8171933,-0.2248399,0.1858126,-44.52215,4.965229,-0.9092455
53.786265373,5.136074,-41.2457,9.52226500000001,0.7984409,-0.214276,0.1063989,-44.52215,4.965229,-0.9092455
53.796263218,13.93533,-50.2079,6.96149300000002,0.7877728,-0.1391307,0.1102268,-44.52215,4.965229,-0.9092455
53.806260586,15.53519,-59.2888199999997,4.522663,0.8230485,-0.09773751,0.09675452,-44.52215,4.965229,-0.9092455
53.816258907,13.75073,-68.4884400000003,1.474125,0.8605482,-0.04671844,0.01531808,-44.52215,4.965229,-0.9092455
53.826256752,15.04292,-82.43624,-2.367033,0.8514886,-0.03365171,-0.07703467,-44.90056,4.9695,-0.07352257
53.83625412,15.59672,-101.0135,-5.29363,0.8535772,-0.1231274,-0.2473883,-44.90056,4.9695,-0.07352257
53.846251965,21.25778,-119.7689,-8.03731400000003,0.8719117,-0.192847,-0.3120101,-44.90056,4.9695,-0.07352257
53.856249332,6.79747099999997,-111.875,-3.098683,2.081076,-0.5799649,2.2947,-44.90056,4.9695,-0.07352257
53.866247177,-92.5171699999999,9.38187199999997,33.78863,3.6103,-0.8799835,6.132205,-44.90056,4.9695,-0.07352257
53.876244545,72.5149600000002,35.55627,59.1524599999997,1.850658,-1.738604,0.7074844,-44.92672,5.750369,2.308933
53.88624239,197.4274,-36.49751,-8.95187600000001,-0.1347337,-0.6364409,-1.260593,-44.92672,5.750369,2.308933
53.896239758,188.9358,-86.8876699999999,-37.36425,-0.1790326,1.040238,-0.5095832,-44.92672,5.750369,2.308933
53.906238079,77.9914200000002,-96.7401699999998,-20.59729,1.472225,1.32772,1.314668,-44.92672,5.750369,2.308933
53.91623497,44.33274,-93.4164399999999,-17.36584,1.755746,0.7654989,0.439481,-44.92672,5.750369,2.308933
53.926233292,52.02439,-102.7348,-11.93944,1.340312,1.088171,0.3290925,-45.69113,6.138719,3.913852
53.936230659,-5.201509,-123.2707,-9.25672899999999,1.240517,0.977869,0.2800016,-45.69113,6.138719,3.913852
53.946228504,-58.7354200000001,-147.8425,9.40032399999997,1.502853,-0.03382107,-0.3873303,-45.69113,6.138719,3.913852
53.956226349,-63.6580799999999,-160.4846,19.15564,1.527978,-0.3622827,-0.4906619,-45.69113,6.138719,3.913852
53.966223717,-45.99804,-160.0098,7.81508400000003,1.357885,-0.3080038,-0.4578362,-45.69113,6.138719,3.913852
53.976221561,-24.83061,-148.6735,-3.342566,1.082077,-0.4115957,-0.4554144,-45.72096,6.926671,7.134811
53.986218929,-17.38509,-144.044,-1.696355,0.8809856,-0.7609531,-0.6009396,-45.72096,6.926671,7.134811
53.996217251,-8.33970399999999,-142.1447,7.08343500000003,0.877147,-0.7879381,-0.5147823,-45.72096,6.926671,7.134811
54.006214142,3.35161,-128.4937,4.766546,0.9858,-0.287657,-0.2451836,-45.72096,6.926671,7.134811
54.016212463,-2.494047,-118.5225,-1.757326,1.015301,0.009196631,-0.2620616,-45.72096,6.926671,7.134811
54.026209831,-33.44526,-116.6232,-0.659852100000001,1.009984,-0.124031,-0.3122686,-44.2527,7.362408,12.36843
54.036207676,-41.25998,-111.4002,-6.08625000000001,1.043926,-0.2192225,-0.3266605,-44.2527,7.362408,12.36843
54.046205044,-21.13862,-103.2096,-12.73206,1.109755,-0.2965417,-0.2095042,-44.2527,7.362408,12.36843
54.056202889,5.505273,-95.5531199999998,-19.07302,1.068678,-0.2371711,-0.2175837,-44.2527,7.362408,12.36843
54.066200256,26.79577,-88.2527799999999,-23.09709,1.032967,-0.09976394,-0.206071,-44.2527,7.362408,12.36843
54.076198101,33.81056,-82.7330099999998,-22.48738,1.051379,-0.04115641,-0.1606534,-42.0254,7.420142,17.22264
54.086196423,42.79441,-77.6286999999999,-21.26797,1.041185,-0.09695788,-0.2357577,-42.0254,7.420142,17.22264
54.096193314,53.80886,-72.0495800000002,-20.04856,1.01352,-0.05078828,-0.2285428,-42.0254,7.420142,17.22264
54.106191635,50.60913,-67.5388000000002,-17.67069,1.012879,0.03518878,-0.2309567,-42.0254,7.420142,17.22264
54.116189003,33.19522,-64.2744199999998,-12.36624,1.018657,0.1435154,-0.1946228,-42.0254,7.420142,17.22264
54.126186848,7.843536,-61.1880999999999,-7.18372300000002,1.03878,0.161941,-0.1893983,-41.27878,7.066115,19.68124
54.136184216,-15.84676,-58.4578900000001,-1.208589,1.046229,0.1277871,-0.22051,-41.27878,7.066115,19.68124
54.14618206,-32.953,-54.89674,3.120335,1.011514,0.08176835,-0.235752,-41.27878,7.066115,19.68124
54.156179428,-43.65978,-50.97948,6.10790299999999,0.9987144,-0.01525709,-0.2433619,-41.27878,7.066115,19.68124
54.166177273,-46.36724,-46.52806,7.32731800000001,1.025635,-0.1247971,-0.2175376,-41.27878,7.066115,19.68124
54.176174641,-44.09051,-43.02627,5.86401899999998,1.070051,-0.2306635,-0.1467585,-40.16947,7.468529,21.30006
54.186172485,-34.49133,-39.9993,2.022861,1.033313,-0.2993036,-0.1868772,-40.16947,7.468529,21.30006
54.196170807,-26.67661,-38.04067,-1.26956,1.061707,-0.305116,-0.1400247,-40.16947,7.468529,21.30006
54.206168175,-19.29262,-37.6252,-4.561981,1.074576,-0.3162226,-0.1601445,-40.16947,7.468529,21.30006
54.216166019,-7.724371,-36.91298,-10.04935,1.103708,-0.2844546,-0.1501533,-40.16947,7.468529,21.30006
54.226163387,-3.847778,-35.78528,-13.70759,1.095502,-0.2115291,-0.1817438,-39.49118,7.490574,23.30467
54.236161232,-5.693775,-34.00471,-14.86604,1.111315,-0.1457374,-0.1951885,-39.49118,7.490574,23.30467
54.2461586,-10.67797,-31.21515,-14.86604,1.078207,-0.09616064,-0.2286438,-39.49118,7.490574,23.30467
54.256156445,-15.84676,-30.26551,-14.07342,1.066875,-0.06241591,-0.1807752,-39.49118,7.490574,23.30467
54.266153812,-27.59961,-29.31587,-10.90294,1.104711,0.0008445039,-0.09375657,-39.49118,7.490574,23.30467
54.276151657,-28.8918,-29.67199,-15.53672,1.050823,-0.1933417,-0.1687491,-39.10439,6.739758,24.15001
54.286149025,-22.06161,-30.26551,-13.46371,1.046209,-0.1557005,-0.1874152,-39.10439,6.739758,24.15001
54.296147347,-19.47722,-30.97774,-14.7441,1.036539,-0.1597922,-0.188833,-39.10439,6.739758,24.15001
54.306145191,-15.66216,-30.74033,-15.71963,1.060329,-0.181251,-0.195569,-39.10439,6.739758,24.15001
54.316142559,-16.15442,-30.74033,-13.95148,1.051241,-0.138808,-0.2108785,-39.10439,6.739758,24.15001
54.326140404,-18.55422,-29.79069,-13.46371,1.102363,-0.03134954,-0.1550019,-38.35828,6.75192,24.92957
54.336137772,-22.12315,-29.67199,-13.70759,1.139158,0.03291734,-0.1680042,-38.35828,6.75192,24.92957
54.346135616,-29.13794,-30.14681,-12.79303,1.093942,0.05261245,-0.2014308,-38.35828,6.75192,24.92957
54.356132984,-33.07607,-30.26551,-12.30527,1.037015,0.02166983,-0.2204666,-38.35828,6.75192,24.92957
54.366130829,-33.6914,-30.38422,-11.57362,1.010584,0.02796836,-0.2185078,-37.59843,6.007186,26.1647
54.376128197,-35.41433,-30.91838,-11.32973,0.9919692,0.007182277,-0.2194272,-37.59843,6.007186,26.1647
54.386126518,-35.10666,-31.33385,-11.39071,0.9773664,0.006447304,-0.2150943,-37.59843,6.007186,26.1647
54.396123409,-36.02966,-32.10543,-12.12236,0.9551583,-0.0311555,-0.2404105,-37.59843,6.007186,26.1647
54.406121731,-36.33733,-33.58924,-12.36624,0.9449344,-0.08324797,-0.2288934,-37.59843,6.007186,26.1647
54.416119576,-34.9836,-35.0137,-12.91498,0.9415842,-0.1381378,-0.2193019,-37.20914,4.886365,28.23757
54.426116943,-32.5838,-36.08204,-13.09789,0.91881,-0.1720529,-0.2651968,-37.20914,4.886365,28.23757
54.436114788,-28.83027,-37.86261,-13.82954,0.9099715,-0.1426158,-0.268539,-37.20914,4.886365,28.23757
54.446112156,-26.43047,-39.52448,-14.7441,0.8956308,-0.1318716,-0.2847883,-37.20914,4.886365,28.23757
54.456110001,-24.58448,-40.77088,-16.08545,0.8580189,-0.1017601,-0.3115308,-37.20914,4.886365,28.23757
54.466107369,-20.64635,-41.77987,-17.42681,0.8253516,-0.07542086,-0.3363666,-36.05515,3.376648,28.64103
54.47610569,-16.52362,-42.67015,-19.07302,0.7801233,-0.05456549,-0.3492147,-36.05515,3.376648,28.64103
54.486102581,-12.27783,-43.91655,-21.207,0.7329119,-0.03251958,-0.3869455,-36.05515,3.376648,28.64103
54.496100903,-8.83197000000002,-44.56943,-22.79224,0.648582,-0.03375428,-0.498785,-36.05515,3.376648,28.64103
54.506098271,-7.232106,-46.70612,-23.76777,0.571475,-0.02898332,-0.5541667,-36.05515,3.376648,28.64103
54.516096115,-8.33970399999999,-48.60539,-22.97515,0.5411088,-0.07293735,-0.5655882,-35.29332,2.628098,29.42465
54.52609396,-9.13963599999997,-50.86078,-21.93865,0.5297438,-0.1156177,-0.5320572,-35.29332,2.628098,29.42465
54.536091328,-11.41637,-53.35358,-20.65826,0.5467008,-0.1617269,-0.5095817,-35.29332,2.628098,29.42465
54.546089172,-13.81616,-57.03343,-18.03652,0.5096387,-0.1342701,-0.5090457,-35.29332,2.628098,29.42465
54.55608654,-16.52362,-61.54421,-16.08545,0.486249,-0.03011007,-0.4932386,-35.29332,2.628098,29.42465
54.566084862,-19.47722,-65.6395299999998,-15.47575,0.5075297,0.05714134,-0.4569264,-34.53545,1.887178,31.11127
54.576081753,-20.76942,-68.3697400000001,-16.08545,0.5730135,0.1514254,-0.4379218,-34.53545,1.887178,31.11127
54.586080074,-18.86189,-70.98124,-16.87807,0.5984684,0.2748101,-0.444698,-34.53545,1.887178,31.11127
54.596077442,-18.12349,-76.9758300000002,-17.48778,0.6764779,0.2226935,-0.3610698,-34.53545,1.887178,31.11127
54.606075287,-17.69275,-76.9164699999998,-15.47575,0.783662,0.0397708,-0.4559676,-34.53545,1.887178,31.11127
54.616072655,-0.1557842,-71.1592900000003,-14.50021,0.7898693,-0.06042296,-0.5851682,-32.29405,1.917674,32.74046
54.626070499,15.90439,-67.5388000000002,-15.35381,0.8054152,-0.1616776,-0.5851692,-32.29405,1.917674,32.74046
54.636068344,32.70296,-62.19709,-14.80507,0.8413938,-0.1817736,-0.5225332,-32.29405,1.917674,32.74046
54.646065712,35.04122,-58.9920499999999,-12.91498,0.8580571,-0.1595629,-0.4680104,-32.29405,1.917674,32.74046
54.656064033,29.4417,-58.3985299999998,-11.57362,0.7734202,-0.09058588,-0.5004238,-32.29405,1.917674,32.74046
54.666060924,16.70432,-61.1880999999999,-8.829934,0.6757119,-0.0255134,-0.5064917,-31.1505,0.4281149,35.53043
54.676059246,6.67440499999999,-60.1791,-8.22022599999998,0.7097203,-0.1489092,-0.4701474,-31.1505,0.4281149,35.53043
54.686056614,6.05907200000001,-56.55861,-9.80546599999998,0.7379264,-0.1738937,-0.5529838,-31.1505,0.4281149,35.53043
54.696054459,4.766874,-58.9920499999999,-14.92701,1.193893,-0.05816288,-0.3618994,-31.1505,0.4281149,35.53043
54.706051826,4.828408,-68.7258499999997,-18.2804,1.700165,-0.05296878,-0.1981532,-31.1505,0.4281149,35.53043
54.716049671,12.95079,-73.7114499999998,-21.69477,1.734256,0.1821567,-0.1733872,-28.90741,0.4553413,36.77262
54.726047039,14.91986,-85.0477399999999,-19.19496,1.59899,0.4033927,-0.2382947,-28.90741,0.4553413,36.77262
54.736044884,11.35093,-89.43983,-19.37788,1.307926,0.4290121,-0.5794972,-28.90741,0.4553413,36.77262
54.746043205,9.01266799999998,-89.8552900000003,-21.45088,1.018394,0.4001758,-0.8742665,-28.90741,0.4553413,36.77262
54.756040096,3.16701,-86.0567400000003,-21.63379,0.9089456,0.1837142,-0.8208981,-28.90741,0.4553413,36.77262
54.766038418,-5.693775,-75.6700700000003,-18.34137,0.8356918,-0.01564291,-0.8350763,-27.41747,0.484025,38.84776
54.776035786,-15.16989,-66.05499,-15.96351,0.767396,-0.03807195,-0.8550516,-27.41747,0.484025,38.84776
54.78603363,-27.35347,-56.26184,-14.7441,0.7609199,-0.003938345,-0.8282489,-27.41747,0.484025,38.84776
54.796030998,-40.58312,-46.76547,-16.69516,0.7838721,-0.05912346,-0.8545964,-27.41747,0.484025,38.84776
54.806028843,-39.72165,-38.21873,-21.08506,0.7556688,-0.1412496,-0.8999907,-27.41747,0.484025,38.84776
54.816026211,-27.415,-32.81766,-26.32854,0.7608187,-0.180438,-0.8392105,-24.80749,0.8944197,40.0907
54.826024055,-9.57036899999999,-28.36624,-32.42562,0.8085389,-0.09844634,-0.7445567,-24.80749,0.8944197,40.0907
54.836021423,-0.03271778,-25.99214,-37.12037,0.8850468,-0.01977439,-0.7030743,-24.80749,0.8944197,40.0907
54.846019268,2.367078,-24.98315,-39.92502,0.9355441,0.04132652,-0.7199281,-24.80749,0.8944197,40.0907
54.85601759,0.3980148,-25.63603,-42.059,0.9435704,0.08153846,-0.6974595,-24.80749,0.8944197,40.0907
54.866014957,-3.293979,-25.51732,-43.64424,0.9019777,0.1166588,-0.6993103,-23.66137,-0.234941,40.49212
54.876012802,-8.27817099999997,-25.0425,-45.77822,0.8820946,0.1369597,-0.7212954,-23.66137,-0.234941,40.49212
54.88601017,-13.1393,-23.55869,-47.42443,0.8750162,0.1510877,-0.7021436,-23.66137,-0.234941,40.49212
54.896008015,-16.21596,-22.84646,-50.65588,0.9121294,0.1470185,-0.6959858,-23.66137,-0.234941,40.49212
54.906005383,-17.07742,-23.26193,-56.50907,0.9774781,0.1973556,-0.6468193,-22.1422,-1.35822,41.28333
54.916003227,-15.78522,-22.72776,-61.4477,0.9760851,0.1412342,-0.6697741,-22.1422,-1.35822,41.28333
54.926000595,-13.75463,-22.96517,-67.1789499999997,0.9422613,0.1252166,-0.7008184,-22.1422,-1.35822,41.28333
54.93599844,-10.98563,-23.85546,-71.93467,0.9159889,0.1233669,-0.6868935,-22.1422,-1.35822,41.28333
54.945995808,-9.57036899999999,-24.50833,-76.5684400000002,0.9269245,0.1127002,-0.6548452,-22.1422,-1.35822,41.28333
54.955994129,-6.92443900000002,-22.5497,-81.9948400000002,1.050167,0.06167624,-0.7086474,-21.73601,-2.876831,41.29423
54.965991974,-1.201849,-20.76913,-87.4822199999998,1.080858,0.08877346,-0.681429,-21.73601,-2.876831,41.29423
54.975989342,4.520741,-19.52273,-90.10396,1.002027,0.1892349,-0.5784237,-21.73601,-2.876831,41.29423
54.985987186,-0.586516899999998,-21.54071,-89.73813,0.9905826,0.2015293,-0.5908498,-21.73601,-2.876831,41.29423
54.995984554,-5.447642,-21.48136,-90.5307500000002,1.144427,0.156136,-0.626521,-21.73601,-2.876831,41.29423
55.005982399,-6.61677399999998,-19.34468,-92.3598699999997,1.278074,0.1248404,-0.5650096,-21.33965,-4.011272,41.75459
55.015979767,-7.04750599999997,-17.80151,-93.6402600000003,1.312285,0.09570909,-0.4770037,-21.33965,-4.011272,41.75459
55.025977612,-7.10903899999999,-17.38605,-93.94511,1.301609,0.06956971,-0.3898775,-21.33965,-4.011272,41.75459
55.035974979,-5.87837500000002,-17.26734,-93.7012300000002,1.294329,0.04310266,-0.345829,-21.33965,-4.011272,41.75459
55.045973301,-3.663178,-14.77454,-97.2375299999999,1.34157,-0.005230836,-0.2602338,-21.33965,-4.011272,41.75459
55.055971146,0.2749484,-9.49218100000001,-99.4934499999999,1.309972,-0.06514721,-0.4200077,-19.12023,-5.520103,41.32742
55.065968514,13.75073,-2.42925,-95.5303500000003,1.246404,-0.02989362,-0.5189713,-19.12023,-5.520103,41.32742
55.075966358,21.56545,1.250597,-91.0185200000001,1.160195,0.04871261,-0.3987186,-19.12023,-5.520103,41.32742
55.085963726,21.13471,1.962826,-86.1408500000002,1.110122,0.04234726,-0.4019797,-19.12023,-5.520103,41.32742
55.095961571,18.11959,1.369302,-77.4830099999999,0.9811469,0.08521441,-0.4304804,-19.12023,-5.520103,41.32742
55.105958939,25.74971,1.131893,-74.6173899999999,0.9321302,0.1491059,-0.5644127,-18.34715,-6.655545,41.33907
55.115956783,29.50323,-1.776374,-73.2760200000003,0.9184629,0.3079809,-0.4849862,-18.34715,-6.655545,41.33907
55.125954151,21.31931,-8.95800999999999,-74.0686399999998,0.9954011,0.3949087,-0.2329331,-18.34715,-6.655545,41.33907
55.135952473,18.05805,-10.32311,-73.88573,1.068952,0.2408824,-0.2306288,-18.34715,-6.655545,41.33907
55.145950317,27.47264,-17.5641,-71.8127300000001,1.062398,0.1466889,-0.3138654,-18.34715,-6.655545,41.33907
55.155947685,40.14848,-27.77271,-75.8977700000002,1.086439,0.1145638,-0.2124408,-17.60554,-6.269564,41.34261
55.16594553,63.7772400000001,-33.88601,-84.8604699999999,1.142826,-0.0333702,-0.1976652,-17.60554,-6.269564,41.34261
55.175942898,97.4359199999998,-35.66658,-89.9820200000001,1.09096,-0.05189167,-0.3569359,-17.60554,-6.269564,41.34261
55.185940743,127.1565,-45.04425,-92.6037599999998,1.037349,-0.2107926,-0.5061172,-17.60554,-6.269564,41.34261
55.19593811,160.8767,-54.36257,-92.5427899999998,1.095645,-0.6707443,-0.6061229,-17.60554,-6.269564,41.34261
55.205935955,213.6722,-52.93811,-89.9210399999999,1.178013,-1.219279,-0.7205048,-16.47792,-6.267664,40.57694
55.215933323,286.1583,-50.97948,-95.8961800000002,0.9485716,-1.029126,-1.269559,-16.47792,-6.267664,40.57694
55.225931644,331.8775,-61.6035600000001,-104.2492,0.8211218,-0.2856691,-1.157542,-16.47792,-6.267664,40.57694
55.235928536,310.6486,-77.2725900000003,-116.0775,0.9630932,0.7342458,-0.4650736,-16.47792,-6.267664,40.57694
55.245926857,229.917,-68.5477899999998,-117.2359,0.9913284,1.233068,-0.2872209,-16.47792,-6.267664,40.57694
55.255924702,83.2832700000001,-64.2744199999998,-106.5661,0.8597656,1.460669,-0.5138953,-14.69856,-1.689333,40.56651
55.26592207,-73.7495299999998,-61.06939,-75.5929100000002,0.5950314,1.125529,-0.7205709,-14.69856,-1.689333,40.56651
55.275919914,-156.1425,-57.7456600000001,-50.10714,0.7390884,0.2027759,-0.654541,-14.69856,-1.689333,40.56651
55.285917282,-174.0487,-34.47953,-27.42602,0.8974853,-0.3158239,-0.5828972,-14.69856,-1.689333,40.56651
55.295915127,-150.0507,-0.589326100000003,-12.48818,0.9770321,-0.477362,-0.5648082,-14.69856,-1.689333,40.56651
55.305912495,-94.6708299999998,26.65341,-24.7433,0.8542567,-0.6133904,-0.7732184,-12.99077,6.678936,38.92329
55.315910816,-23.47688,38.46453,-55.83839,0.7241426,-0.6954267,-0.9600937,-12.99077,6.678936,38.92329
55.325907707,36.82569,44.75588,-71.8127300000001,0.5626091,-0.2932902,-0.9541728,-12.99077,6.678936,38.92329
55.335906029,57.62392,50.92853,-84.7994999999999,0.5746143,-0.1291557,-0.9925219,-12.99077,6.678936,38.92329
55.345903874,66.0539700000001,60.1875000000002,-94.6157900000003,0.5670764,-0.1436732,-1.022655,-12.99077,6.678936,38.92329
55.355901241,75.6531500000001,71.6425000000001,-100.1641,0.5543748,-0.1419892,-1.023591,-10.64599,2.127728,38.5128
55.365899086,82.4218100000001,85.05614,-100.1641,0.4914366,-0.1107307,-0.9765888,-10.64599,2.127728,38.5128
55.375896454,80.2681500000002,97.3420799999999,-97.6033599999999,0.4484494,-0.02611471,-0.9301137,-10.64599,2.127728,38.5128
55.385894299,68.5153,106.3043,-97.7252999999997,0.4023418,0.04049295,-0.9860439,-10.64599,2.127728,38.5128
55.395891667,57.8085199999999,111.1712,-101.8713,0.366401,-0.0213258,-1.131931,-10.64599,2.127728,38.5128
55.405889988,55.53179,114.0794,-107.6026,0.3330368,-0.1151254,-1.220385,-11.40782,2.876276,37.72918
55.415886879,58.4853799999999,117.3438,-113.6996,0.3013221,-0.164832,-1.220317,-11.40782,2.876276,37.72918
55.425885201,62.4235100000003,122.5075,-118.2724,0.2855519,-0.2059486,-1.165721,-11.40782,2.876276,37.72918
55.435883045,68.2691700000002,128.0866,-120.7113,0.2500844,-0.2363786,-1.122101,-11.40782,2.876276,37.72918
55.445880413,74.2994200000003,133.6064,-122.0526,0.218997,-0.2668404,-1.09141,-11.40782,2.876276,37.72918
55.455878258,79.2836200000002,138.4139,-121.4429,0.1870674,-0.3047615,-1.077466,-13.69192,4.754099,36.86385
55.465875626,82.4833499999997,141.5002,-119.0651,0.1755735,-0.3414474,-1.078873,-13.69192,4.754099,36.86385
55.47587347,85.6830700000001,143.5182,-116.1994,0.1796221,-0.3489626,-1.059256,-13.69192,4.754099,36.86385
55.485870838,88.9443399999998,145.8923,-113.8826,0.1911572,-0.3140706,-1.041578,-13.69192,4.754099,36.86385
55.49586916,89.9288600000001,147.7323,-111.1998,0.2177551,-0.2505559,-1.008619,-17.82473,5.474066,35.66821
55.505866051,87.2214100000002,149.3348,-106.1393,0.2431713,-0.2270995,-0.9431043,-17.82473,5.474066,35.66821
55.515864372,82.2372100000002,151.5901,-98.5179199999999,0.2780828,-0.1639364,-0.8603877,-17.82473,5.474066,35.66821
55.52586174,78.4836799999998,157.288,-92.1159899999999,0.3492334,-0.006099435,-0.7590942,-17.82473,5.474066,35.66821
55.535859585,69.6229,161.2052,-86.2018299999998,0.4598016,0.02541891,-0.6339082,-17.82473,5.474066,35.66821
55.54585743,55.71639,166.0128,-76.2026199999999,0.5481356,-0.1353402,-0.5497914,-22.99008,5.034101,33.18076
55.555854797,47.65553,172.6602,-61.50867,0.582504,-0.2790911,-0.5613002,-22.99008,5.034101,33.18076
55.565852642,52.76279,178.4768,-47.91219,0.5746158,-0.3273211,-0.6105673,-22.99008,5.034101,33.18076
55.57585001,66.3000999999999,182.6908,-36.14484,0.6024956,-0.3852718,-0.6311797,-22.99008,5.034101,33.18076
55.585848332,81.6834099999999,186.608,-25.59689,0.6400339,-0.4115148,-0.6063525,-22.99008,5.034101,33.18076
55.595845223,95.4053200000002,191.3562,-15.10992,0.6708769,-0.4191621,-0.6059257,-27.85182,5.343572,29.07906
55.605843544,105.4352,195.7483,-5.78139599999999,0.7098765,-0.3940945,-0.6060002,-27.85182,5.343572,29.07906
55.615841389,112.0193,200.1997,3.608101,0.7767295,-0.3470118,-0.5970359,-27.85182,5.343572,29.07906
55.625838756,114.9114,205.9569,13.54634,0.8245019,-0.2695602,-0.5736888,-27.85182,5.343572,29.07906
55.635836601,112.327,211.536,22.57001,0.8689622,-0.1976027,-0.5594276,-27.85182,5.343572,29.07906
55.645833969,104.02,216.6404,30.98397,0.9121888,-0.1378313,-0.5465968,-32.72223,6.400131,23.3608
55.655831814,91.0364600000002,222.1601,38.78823,0.9693461,-0.09334364,-0.5347435,-32.72223,6.400131,23.3608
55.665829182,76.6992200000003,227.1457,45.49501,0.9979684,-0.03512656,-0.5539514,-32.72223,6.400131,23.3608
55.675827503,60.9467099999998,230.7069,50.61656,1.025412,0.00876094,-0.5434819,-32.72223,6.400131,23.3608
55.685824394,41.74834,233.3777,55.25034,1.049862,0.006040752,-0.4688659,-32.72223,6.400131,23.3608
55.695822716,30.24163,236.9389,60.0670199999998,1.104455,-0.01891439,-0.3933397,-37.60132,8.203784,16.02598
55.705820084,18.55032,241.3903,63.9691600000002,1.138743,-0.05334223,-0.3531902,-37.60132,8.203784,16.02598
55.715817928,13.01233,245.9604,66.2860500000002,1.160943,-0.04164802,-0.3446175,-37.60132,8.203784,16.02598
55.725815773,12.70466,249.2248,66.8347899999999,1.176313,-0.02962912,-0.3389045,-37.60132,8.203784,16.02598
55.735813141,14.79679,247.6816,65.0056600000002,1.152452,0.02142682,-0.3369617,-37.60132,8.203784,16.02598
55.745810986,13.68919,243.527,61.5912900000001,1.168199,0.03925815,-0.3341223,-40.22884,10.01832,7.998337
55.755808353,12.27393,239.1349,59.5182900000002,1.214988,0.01306195,-0.3241471,-40.22884,10.01832,7.998337
55.765806675,12.27393,233.5558,58.9085799999999,1.216412,-0.01141755,-0.3471149,-40.22884,10.01832,7.998337
55.775803566,15.10446,225.1871,57.9940199999999,1.192558,-0.03940861,-0.3805664,-40.22884,10.01832,7.998337
55.785801887,19.28872,215.0972,57.56722,1.180928,-0.06876856,-0.3776671,-40.22884,10.01832,7.998337
55.795799255,27.10344,205.5415,57.14043,1.1552,-0.0742284,-0.387671,-42.04467,12.20459,-1.766818
55.8057971,35.41042,195.6296,57.07946,1.107698,-0.03503895,-0.3569694,-42.04467,12.20459,-1.766818
55.815794945,40.70228,184.7681,57.26237,1.05643,-0.003414816,-0.3482738,-42.04467,12.20459,-1.766818
55.825792313,40.27155,177.8239,59.0914899999998,1.061441,0.04307328,-0.2707652,-42.04467,12.20459,-1.766818
55.835790157,37.56408,166.3095,58.9695499999999,1.01138,0.0914645,-0.1319033,-42.04467,12.20459,-1.766818
55.845787525,29.56477,157.1693,57.9940199999999,1.002321,0.08197023,-0.08785606,-41.29623,13.97723,-10.2206
55.855785847,22.42691,149.216,55.67713,0.9672298,0.08145145,-0.1217736,-41.29623,13.97723,-10.2206
55.865782738,20.08865,139.8977,52.44568,0.9149924,0.1637206,-0.1523326,-41.29623,13.97723,-10.2206
55.875781059,14.42759,127.1963,48.60452,0.9124286,0.2738032,-0.1714996,-41.29623,13.97723,-10.2206
55.885778427,1.321013,112.1802,45.37307,0.9356264,0.3360112,-0.1677274,-41.29623,13.97723,-10.2206
55.895776272,-16.52362,96.3330899999997,44.09269,0.9126505,0.3407106,-0.135624,-39.87251,15.83858,-16.28311
55.905774116,-35.16819,81.6137000000002,44.45851,0.8579268,0.2977516,-0.09196709,-39.87251,15.83858,-16.28311
55.915771484,-48.95164,68.7342400000002,45.06822,0.8095176,0.2294906,-0.06554344,-39.87251,15.83858,-16.28311
55.925769329,-57.93549,56.4483,45.49501,0.762146,0.1834718,-0.05348461,-39.87251,15.83858,-16.28311
55.935766697,-62.6735499999999,44.51847,45.12919,0.7479861,0.1595783,-0.03191785,-39.87251,15.83858,-16.28311
55.945765018,-65.6271399999999,34.60663,44.33657,0.769456,0.1067901,-0.005620001,-37.99845,16.5823,-19.94978
55.955761909,-65.44254,27.00952,43.11715,0.7746618,0.06472229,0.05898952,-37.99845,16.5823,-19.94978
55.965760231,-62.4274200000001,20.48076,40.67832,0.7747902,-0.0182167,0.1288828,-37.99845,16.5823,-19.94978
55.975758076,-53.25896,15.02035,36.71523,0.7803919,-0.05695504,0.1317544,-37.99845,16.5823,-19.94978
55.985755444,-39.66012,10.15345,30.80106,0.7575549,-0.03383539,0.1585885,-37.99845,16.5823,-19.94978
55.995753288,-27.90727,2.437645,24.27719,0.7796985,-0.01849506,0.1939606,-36.92757,19.24996,-20.34264
56.005750656,-14.92376,-4.862697,16.9607,0.8102791,-0.01276045,0.1704556,-36.92757,19.24996,-20.34264
56.015748501,-2.617113,-14.77454,10.61974,0.8135599,-0.006698601,0.1355123,-36.92757,19.24996,-20.34264
56.025745869,7.78200200000001,-26.94178,6.22984400000002,0.7694797,0.02982951,0.08054347,-36.92757,19.24996,-20.34264
56.03574419,15.78132,-41.66116,0.986358399999998,0.7294037,0.03413211,0.0002114425,-36.92757,19.24996,-20.34264
56.045741081,25.56511,-55.37156,-4.379068,0.7820991,0.003016781,-0.0620873,-35.84435,21.16344,-19.95743
56.055739403,36.45649,-67.3013900000002,-8.829934,0.8412888,0.0432282,-0.04401494,-35.84435,21.16344,-19.95743
56.065737247,41.07148,-77.50999,-12.12236,0.8787603,0.07157947,-0.05365909,-35.84435,21.16344,-19.95743
56.075734615,41.19455,-88.1340700000001,-15.23186,0.8812304,0.09372184,-0.135027,-35.84435,21.16344,-19.95743
56.08573246,37.44102,-99.6484299999998,-17.2439,0.8621212,0.07036716,-0.2560675,-36.234,21.55461,-18.34973
56.095729828,-4.032378,-65.10535,-3.586449,1.974214,-0.2624066,2.233068,-36.234,21.55461,-18.34973
56.105727673,-33.62986,-28.95976,16.59487,2.301496,-0.7286747,2.931338,-36.234,21.55461,-18.34973
56.11572504,36.57955,-14.77454,17.14361,1.439569,-0.9810917,0.261016,-36.234,21.55461,-18.34973
56.125723362,89.99039,-50.02985,-2.123151,0.5924121,-0.09882467,-0.266561,-36.234,21.55461,-18.34973
56.135720253,56.70092,-78.81575,-15.17089,0.8868517,0.4261753,0.2314668,-38.46592,20.41029,-16.74783
56.145718575,21.44238,-83.38588,-6.14722099999998,1.32659,0.2141979,0.4906216,-38.46592,20.41029,-16.74783
56.155716419,32.27223,-86.2347899999999,-2.610917,1.43186,0.0782051,0.2712853,-38.46592,20.41029,-16.74783
56.165713787,60.8851799999999,-91.2797499999998,-9.80546599999998,1.312686,0.2723489,0.1848208,-38.46592,20.41029,-16.74783
56.175711632,67.6538300000003,-105.5243,-9.98837900000002,1.278588,0.0821304,-0.1361953,-38.46592,20.41029,-16.74783
56.185709,85.0677399999999,-115.8516,-12.854,1.395159,0.1763394,-0.28861,-39.21121,20.03139,-15.91285
56.195706844,86.8522000000001,-120.125,-17.18293,1.280696,0.3848566,-0.1424984,-39.21121,20.03139,-15.91285
56.205704212,65.37711,-118.8192,-15.35381,1.153562,0.3046863,-0.1322061,-39.21121,20.03139,-15.91285
56.215702534,35.77962,-116.6826,-1.330531,0.9741468,0.0730664,-0.2562634,-39.21121,20.03139,-15.91285
56.225699425,9.56646600000001,-116.089,14.82672,0.9272627,-0.1034603,-0.2752793,-39.21121,20.03139,-15.91285
56.235697746,-8.70890300000002,-110.688,22.93583,1.025739,-0.07799112,-0.2007996,-40.67542,17.76197,-13.0738
56.245695591,-18.73882,-102.9128,22.93583,1.016014,0.02417057,-0.2204306,-40.67542,17.76197,-13.0738
56.255692959,-36.64499,-98.1646200000002,22.93583,0.9887038,0.02647742,-0.1749189,-40.67542,17.76197,-13.0738
56.265690804,-57.9970199999999,-93.29773,22.69195,1.081665,-0.01764328,-0.09945455,-40.67542,17.76197,-13.0738
56.275688171,-69.13454,-88.54954,22.87486,1.133239,-0.1677293,-0.043991,-40.67542,17.76197,-13.0738
56.285686016,-60.5198899999999,-84.0981100000001,19.58244,1.088504,-0.3821003,-0.1142085,-42.12156,17.40462,-9.083406
56.295683384,-33.5068,-78.40028,13.11954,1.010896,-0.5316318,-0.1437064,-42.12156,17.40462,-9.083406
56.305681229,0.3364816,-71.7528200000001,5.193341,0.9805957,-0.4747928,-0.1331396,-42.12156,17.40462,-9.083406
56.31567955,24.76517,-66.05499,-1.452472,0.9598559,-0.2518571,-0.1006176,-42.12156,17.40462,-9.083406
56.325676918,27.53417,-62.7906100000002,-4.196156,0.9918852,-0.06235005,-0.06482905,-42.12156,17.40462,-9.083406
56.335674763,21.50391,-60.4758600000001,-2.732858,1.014023,0.003312207,-0.1060421,-42.16293,18.58001,-5.025971
56.345672131,12.52006,-58.8733499999998,-0.1111153,1.010431,0.04014742,-0.05579484,-42.16293,18.58001,-5.025971
56.355669975,5.382206,-57.4488899999997,1.657037,1.052608,-0.02526428,-0.01995832,-42.16293,18.58001,-5.025971
56.365667343,7.59740300000001,-55.1935,1.718008,1.046776,-0.1042073,-0.03141364,-42.16293,18.58001,-5.025971
56.375665188,9.13573400000002,-54.71869,0.1327677,1.012509,-0.01782622,-0.02324036,-42.16293,18.58001,-5.025971
56.385662556,3.53621,-53.11617,-1.330531,1.025519,0.0408613,-0.06347854,-42.9293,18.97217,-2.96955
56.3956604,-7.90897099999997,-52.40394,1.169271,1.068948,0.1428049,-0.009501401,-42.9293,18.97217,-2.96955
56.405658722,-25.01521,-52.7007,5.010429,1.098364,0.08104955,-0.02437264,-42.9293,18.97217,-2.96955
56.41565609,-34.6144,-53.53164,7.44925899999998,1.100232,-0.01860175,-0.03200745,-42.9293,18.97217,-2.96955
56.425653935,-37.99872,-52.81941,7.14440499999997,1.07913,-0.1156605,-0.07836755,-42.9293,18.97217,-2.96955
56.435651302,-35.96813,-53.59099,6.29081499999999,1.062567,-0.1424611,-0.1036963,-42.54588,18.22789,-1.350205
56.445649147,-32.15306,-53.88775,3.120335,1.055735,-0.1157903,-0.0950769,-42.54588,18.22789,-1.350205
56.455646515,-27.90727,-52.93811,1.230241,1.071718,-0.06010889,-0.1515911,-42.54588,18.22789,-1.350205
56.46564436,-26.67661,-50.92013,0.7424754,1.079294,0.08228225,-0.1138334,-42.54588,18.22789,-1.350205
56.475641728,-32.33767,-49.43633,0.7424754,1.110019,0.1065907,-0.1258577,-42.54588,18.22789,-1.350205
56.485639572,-38.24486,-47.89316,1.413154,1.107728,0.07156114,-0.178488,-43.31367,18.62278,1.028716
56.495637894,-42.92138,-45.69712,0.986358399999998,1.079497,-0.009142846,-0.2277113,-43.31367,18.62278,1.028716
56.505635262,-50.3669,-43.91655,1.413154,1.002951,-0.0074378,-0.2476785,-43.31367,18.62278,1.028716
56.515633106,-47.53637,-42.07663,0.681504599999997,1.033518,-0.1287955,-0.1936215,-43.31367,18.62278,1.028716
56.525630474,-45.99804,-39.58383,-1.086647,1.003211,-0.1770877,-0.2543354,-43.31367,18.62278,1.028716
56.535628319,-43.65978,-36.14139,-1.757326,0.9879825,-0.1962306,-0.2423395,-43.32439,18.64349,3.479728
56.545625687,-44.09051,-33.64859,-1.757326,0.9468331,-0.1857977,-0.2877352,-43.32439,18.64349,3.479728
56.555623531,-43.84438,-31.09644,-2.793829,0.9299968,-0.1459376,-0.3030305,-43.32439,18.64349,3.479728
56.565621853,-44.09051,-28.95976,-4.440039,0.9218372,-0.1002755,-0.287235,-43.32439,18.64349,3.479728
56.575618744,-45.13658,-27.5353,-5.659454,0.9215431,-0.08479699,-0.2944172,-43.32439,18.64349,3.479728
56.585617066,-45.44424,-26.2889,-6.45207400000002,0.9340605,-0.07604742,-0.2681195,-43.32358,18.27675,5.094264
56.595614433,-45.32118,-25.51732,-6.45207400000002,0.9227476,-0.1224968,-0.2747879,-43.32358,18.27675,5.094264
56.605612278,-42.12145,-24.98315,-6.75692799999998,0.8897053,-0.1796153,-0.2852443,-43.32358,18.27675,5.094264
56.615609646,-36.02966,-24.80509,-8.03731400000003,0.8633257,-0.2276272,-0.2708287,-43.32358,18.27675,5.094264
56.62560749,-26.49201,-24.98315,-9.19575899999999,0.8513684,-0.2138369,-0.27799,-43.32447,17.91328,7.095801
56.635604858,-19.10802,-25.16121,-11.14682,0.8637969,-0.1745099,-0.2555287,-43.32447,17.91328,7.095801
56.645602703,-15.35449,-26.05149,-11.45168,0.8880564,-0.1685449,-0.2402581,-43.32447,17.91328,7.095801
56.655601025,-11.1087,-27.17919,-11.69556,0.9081463,-0.1488287,-0.2532198,-43.32447,17.91328,7.095801
56.665597916,-9.75496900000002,-28.7817,-12.00041,0.9211088,-0.1382977,-0.2455879,-43.32447,17.91328,7.095801
56.675596237,-8.77043599999998,-30.32486,-11.45168,0.9348461,-0.1170211,-0.2336529,-43.32983,17.92363,8.321307
56.685593605,-8.58583600000001,-32.28349,-11.87847,0.9376161,-0.08298557,-0.2374951,-43.32983,17.92363,8.321307
56.69559145,-9.324236,-34.12341,-12.00041,0.9240649,-0.06257714,-0.2614055,-43.32983,17.92363,8.321307
56.705588818,-10.12417,-36.43816,-11.69556,0.9128976,-0.06475031,-0.2623426,-43.32983,17.92363,8.321307
56.715586662,-11.04717,-39.70254,-11.69556,0.90438,-0.07714074,-0.2173385,-43.32983,17.92363,8.321307
56.725584507,-11.04717,-43.73849,-12.06138,0.8606377,-0.1098587,-0.2464469,-43.32087,17.176,9.873371
56.735581875,-9.508835,-48.90215,-13.40274,0.8170885,-0.1527294,-0.2702888,-43.32087,17.176,9.873371
56.745580196,-7.17057299999998,-53.76905,-13.64662,0.7774705,-0.1711201,-0.282658,-43.32087,17.176,9.873371
56.755577087,-5.386109,-58.8139999999997,-14.68313,0.7426457,-0.1592658,-0.2926504,-43.32087,17.176,9.873371
56.765575409,-2.678647,-62.67191,-13.70759,0.7657359,-0.169645,-0.308481,-43.32087,17.176,9.873371
56.775572777,2.982411,-64.3931300000002,-12.91498,0.7805096,-0.2054015,-0.371191,-42.55486,16.05418,11.49752
56.785570621,8.33580199999998,-64.6898899999997,-14.56119,0.782617,-0.1893993,-0.4324565,-42.55486,16.05418,11.49752
56.795568466,15.04292,-64.2150700000003,-15.23186,0.8028136,-0.2797144,-0.4683617,-42.55486,16.05418,11.49752
56.805565834,27.53417,-62.19709,-15.71963,0.8385086,-0.2840071,-0.3774933,-42.55486,16.05418,11.49752
56.815563679,36.14882,-60.8913300000001,-13.15886,0.9466421,-0.3076518,-0.3805472,-42.55486,16.05418,11.49752
56.825561047,52.27053,-59.5855799999998,-18.46332,0.9893664,-0.06577639,-0.3802054,-42.55771,15.69452,13.95056
56.835559368,58.7930499999999,-57.5676000000001,-25.96272,1.052533,0.1277835,-0.2875216,-42.55771,15.69452,13.95056
56.845556259,62.3004499999999,-61.3068,-29.37708,1.120902,0.2255842,-0.2091795,-42.55771,15.69452,13.95056
56.855554581,62.9157800000001,-67.3013900000002,-29.49902,1.085361,0.3536565,-0.2091505,-42.55771,15.69452,13.95056
56.865551949,51.34753,-78.6376999999997,-27.42602,0.9863063,0.4402339,-0.1458281,-42.55771,15.69452,13.95056
56.875549793,36.08729,-91.7545600000001,-25.10913,0.9197341,0.2987823,-0.2188977,-42.18582,15.33768,16.40638
56.885547638,27.5957,-99.1142600000003,-20.10953,0.8883625,0.0720179,-0.3446502,-42.18582,15.33768,16.40638
56.895545006,22.36538,-103.7437,-17.73167,0.896961,-0.05130469,-0.4575774,-42.18582,15.33768,16.40638
56.90554285,24.58057,-100.5387,-13.52468,0.9528918,-0.1500852,-0.4868426,-42.18582,15.33768,16.40638
56.915540218,22.73458,-97.2149800000002,-13.70759,0.8500974,-0.1300157,-0.6733133,-42.18582,15.33768,16.40638
56.92553854,20.58092,-92.9416100000002,-12.12236,0.8683618,0.01324704,-0.6695533,-41.81367,14.9803,18.7977
56.935535431,9.13573400000002,-90.2707600000002,-8.03731400000003,0.8197585,0.112826,-0.5689933,-41.81367,14.9803,18.7977
56.945533752,-6.24757399999999,-89.0837100000001,-6.75692799999998,0.8020456,0.09440748,-0.6316512,-41.81367,14.9803,18.7977
56.955531597,-15.29296,-88.78695,-5.90333699999997,0.7875868,0.03378172,-0.6407032,-41.81367,14.9803,18.7977
56.965528965,-17.38509,-86.7689699999998,-5.720425,0.6990617,-0.1052791,-0.6706634,-41.81367,14.9803,18.7977
56.97552681,-12.33936,-85.9973799999999,-10.47614,0.7603956,-0.2817894,-0.6032457,-40.00893,14.64132,22.10269
56.985524178,3.597743,-87.0657299999999,-14.3173,0.8348163,-0.3249195,-0.5387565,-40.00893,14.64132,22.10269
56.995522022,22.98071,-86.0567400000003,-17.85361,0.8928236,-0.3263347,-0.5532146,-40.00893,14.64132,22.10269
57.00551939,32.76449,-84.2168100000003,-20.7802,0.9461855,-0.211072,-0.6050235,-40.00893,14.64132,22.10269
57.015517712,37.74868,-81.4272499999998,-22.2435,0.8824797,-0.03724349,-0.6418075,-40.00893,14.64132,22.10269
57.025514603,30.24163,-80.5963200000002,-19.86564,0.8044236,0.07009941,-0.6909925,-38.88309,13.91629,25.3401
57.035512924,18.48878,-80.0621500000001,-18.03652,0.7569284,0.0807569,-0.751213,-38.88309,13.91629,25.3401
57.045510769,9.074201,-78.2815799999998,-16.08545,0.7269878,0.0410585,-0.7233931,-38.88309,13.91629,25.3401
57.055508137,1.751746,-74.6610899999998,-14.62216,0.6962942,-0.0117893,-0.7501263,-38.88309,13.91629,25.3401
57.065505981,-0.832649800000001,-71.3373500000002,-14.56119,0.6744489,-0.09376258,-0.7395384,-38.88309,13.91629,25.3401
57.075503349,4.090009,-67.7168600000002,-14.3173,0.7008224,-0.1757078,-0.7768922,-37.77127,13.9487,28.18646
57.085501194,12.45853,-64.2744199999998,-17.12196,0.7779589,-0.2082865,-0.7334679,-37.77127,13.9487,28.18646
57.095498562,20.08865,-55.0748,-17.48778,0.7495797,-0.1515026,-0.7860764,-37.77127,13.9487,28.18646
57.105496883,24.76517,-53.76905,-18.95108,0.7451909,-0.1004524,-0.8267609,-37.77127,13.9487,28.18646
57.115494728,27.84184,-51.03884,-18.76817,0.7893924,-0.06628503,-0.7995679,-37.77127,13.9487,28.18646
57.125492096,30.30317,-45.81583,-17.79264,0.7733971,0.03228539,-0.8263656,-36.26979,13.58994,29.42511
57.135489941,21.31931,-44.80684,-17.12196,0.8631412,0.1325564,-0.7896976,-36.26979,13.58994,29.42511
57.145487309,12.70466,-41.89857,-16.45128,0.8037509,0.07661983,-0.82643,-36.26979,13.58994,29.42511
57.155485153,5.689873,-36.61621,-13.70759,0.769595,0.0772045,-0.9010284,-36.26979,13.58994,29.42511
57.165482521,-2.678647,-32.58025,-12.06138,0.7736237,0.09625337,-0.8991261,-36.26979,13.58994,29.42511
57.175480366,-10.49337,-27.83206,-9.31770000000002,0.8061271,0.07866661,-0.8733351,-35.1399,12.91795,31.43668
57.185478687,-15.84676,-21.42201,-9.86643700000001,0.8543556,0.1038717,-0.9313334,-35.1399,12.91795,31.43668
57.195476055,-18.92342,-16.79252,-15.10992,0.9179697,0.06387617,-0.9256911,-35.1399,12.91795,31.43668
57.2054739,-14.61609,-11.86628,-20.23147,0.88983,0.03194017,-0.9031407,-35.1399,12.91795,31.43668
57.215471268,-13.5085,-7.11808599999999,-19.49982,0.878185,0.08056649,-0.9275404,-34.0112,12.55257,32.22105
57.225469112,-16.15442,-3.20083,-18.21943,0.9601057,0.1292424,-0.9363101,-34.0112,12.55257,32.22105
57.23546648,-20.21562,-0.411269,-19.25594,1.060277,0.1676461,-0.8857655,-34.0112,12.55257,32.22105
57.245464325,-27.53807,1.606712,-21.02409,1.094058,0.1869469,-0.8145215,-34.0112,12.55257,32.22105
57.25546217,-33.75293,1.07254,-21.75574,1.151953,0.166412,-0.7940384,-34.0112,12.55257,32.22105
57.265459538,-39.59859,-0.708030899999999,-24.49942,1.226644,0.135778,-0.692224,-33.99744,11.79567,32.67661
57.275457859,-44.95198,-3.319535,-26.51146,1.284465,0.09421543,-0.6329706,-33.99744,11.79567,32.67661
57.285455227,-45.50578,-5.515573,-27.79184,1.346347,0.06962705,-0.5861717,-33.99744,11.79567,32.67661
57.295453072,-46.61338,-8.60189500000002,-28.76737,1.377419,0.07783807,-0.4996058,-33.99744,11.79567,32.67661
57.30545044,-49.62851,-11.68822,-31.32815,1.398733,0.08687643,-0.4077586,-33.99744,11.79567,32.67661
57.315448284,-54.92036,-14.89325,-31.2062,1.415127,0.09816395,-0.3249964,-34.72334,10.64898,32.67714
57.325446129,-54.73576,-15.19001,-29.31611,1.452509,0.08012185,-0.3063925,-34.72334,10.64898,32.67714
57.335443497,-58.8584900000002,-16.199,-27.97475,1.34249,0.1562052,-0.1449402,-34.72334,10.64898,32.67714
57.345441341,-69.0730100000001,-19.34468,-30.71844,1.262034,0.1340974,-0.1036367,-34.72334,10.64898,32.67714
57.355438709,-76.33392,-23.38064,-31.02329,1.243237,0.09584792,-0.1538445,-34.72334,10.64898,32.67714
57.365437031,-77.62612,-28.48494,-34.5596,1.196179,0.005455744,-0.2121255,-34.68322,8.380466,34.30181
57.375434399,-68.2115399999998,-34.95435,-37.91299,1.156204,-0.1276446,-0.3857447,-34.68322,8.380466,34.30181
57.385432243,-48.15171,-42.67015,-38.94949,1.094702,-0.1763829,-0.4808615,-34.68322,8.380466,34.30181
57.395429611,-29.4456,-49.25827,-41.44929,1.151608,-0.164051,-0.2124827,-34.68322,8.380466,34.30181
57.405427456,-8.33970399999999,-49.79244,-40.90055,1.274612,-0.1201735,-0.09115014,-34.68322,8.380466,34.30181
57.415425301,7.04360400000002,-53.05682,-44.80268,1.172416,0.02696861,-0.1465247,-36.12098,5.329639,34.69392
57.425422669,7.22820399999999,-64.9272999999997,-45.77822,1.076636,0.06196897,-0.3626831,-36.12098,5.329639,34.69392
57.435420513,6.55133799999999,-79.52798,-47.18054,1.117638,-0.07591015,-0.5431423,-36.12098,5.329639,34.69392
57.445417881,15.47366,-86.0567400000003,-49.07064,1.209652,-0.07024323,-0.4944894,-36.12098,5.329639,34.69392
57.455416203,28.21103,-84.5729300000001,-53.5215,1.192272,-0.05239622,-0.4714921,-36.12098,5.329639,34.69392
57.465413571,37.99482,-80.1215099999999,-55.35062,1.007172,0.02089564,-0.5056458,-35.32182,2.683125,35.93918
57.475411415,38.05635,-77.6286999999999,-58.7649899999999,0.8679708,-0.09172999,-0.511117,-35.32182,2.683125,35.93918
57.48540926,45.99414,-76.9164699999998,-59.0698400000002,0.7834798,-0.1703085,-0.9493251,-35.32182,2.683125,35.93918
57.495406628,46.8556,-93.8912500000002,-64.61818,0.7069318,-0.1833325,-1.568944,-35.32182,2.683125,35.93918
57.505404472,41.19455,-115.9703,-72.7882600000001,0.7598145,0.03705617,-1.548993,-35.32182,2.683125,35.93918
57.51540184,32.39529,-117.5728,-71.5688499999998,1.044517,0.1796782,-0.7584399,-35.29911,1.178592,37.9468
57.525399685,22.85765,-89.4991800000001,-63.2768200000001,1.052919,0.1851674,-0.2837085,-35.29911,1.178592,37.9468
57.535397053,13.25846,-67.7762100000002,-70.7152600000003,0.7456872,0.2735173,-0.3731679,-35.29911,1.178592,37.9468
57.545395374,1.813279,-59.94169,-80.8973700000003,0.6068019,0.2712223,-0.4829977,-35.29911,1.178592,37.9468
57.555393219,-13.57003,-51.3356,-82.2387199999999,0.6633217,0.08791171,-0.5639284,-35.29911,1.178592,37.9468
57.565390587,-22.49235,-37.32844,-79.4340699999999,0.6889788,0.01729036,-0.6366985,-34.16621,0.4399385,39.5717
57.575388432,-19.72335,-20.82848,-81.6899899999999,0.6373609,-0.01197204,-0.6959444,-34.16621,0.4399385,39.5717
57.5853858,-10.5549,-6.46521000000002,-87.9699799999999,0.5902523,-0.09776708,-0.6766971,-34.16621,0.4399385,39.5717
57.595383644,4.336142,8.31352900000002,-94.7377300000001,0.5862266,-0.219296,-0.6197083,-34.16621,0.4399385,39.5717
57.605381012,22.98071,24.16061,-99.7373399999999,0.505796,-0.2180659,-0.6300971,-34.16621,0.4399385,39.5717
57.615378857,42.05601,38.93935,-108.9439,0.383468,-0.1922113,-0.6734409,-34.13138,-1.088023,38.80582
57.625377178,56.51632,50.86918,-118.1505,0.3300953,-0.2308807,-0.6948738,-34.13138,-1.088023,38.80582
57.635374546,68.76144,63.9267,-126.9913,0.3651143,-0.28004,-0.7260297,-34.13138,-1.088023,38.80582
57.645372391,77.9298899999998,79.5363699999999,-131.8689,0.3430755,-0.2236519,-0.7824778,-34.13138,-1.088023,38.80582
57.655369759,83.6524699999999,92.8312999999999,-138.8196,0.3036765,-0.2031858,-0.8503721,-34.13138,-1.088023,38.80582
57.665367603,84.5754700000001,102.9212,-145.6483,0.3191468,-0.1716449,-0.8886933,-36.32444,-3.037731,35.12275
57.675364971,79.0374800000001,111.1712,-151.0747,0.3904957,-0.2094702,-0.9280512,-36.32444,-3.037731,35.12275
57.685362816,69.7459599999998,119.065,-154.1233,0.3818064,-0.213354,-0.908892,-36.32444,-3.037731,35.12275
57.695361137,61.3159100000002,123.1604,-156.806,0.3175728,-0.271602,-0.9752871,-36.32444,-3.037731,35.12275
57.705358028,56.51632,127.9086,-161.6227,0.2685029,-0.3314275,-0.9814076,-36.32444,-3.037731,35.12275
57.71535635,55.22412,133.1909,-163.3298,0.27924,-0.4105816,-0.9986346,-40.01925,-4.628139,30.26554
57.725353718,54.73186,137.1675,-161.6836,0.3037126,-0.4172303,-1.034569,-40.01925,-4.628139,30.26554
57.735351562,52.33206,138.5326,-157.3547,0.3267837,-0.4779505,-1.02885,-40.01925,-4.628139,30.26554
57.74534893,61.86971,145.2988,-152.7209,0.3251617,-0.4955422,-1.036022,-40.01925,-4.628139,30.26554
57.755346775,69.49983,153.6081,-149.3066,0.3402441,-0.5191334,-0.9915344,-40.01925,-4.628139,30.26554
57.76534462,72.9456899999999,161.9768,-145.0386,0.3660054,-0.5134176,-0.9006513,-42.84921,-8.444818,23.81367
57.775341988,78.2990900000002,171.5919,-139.1245,0.3895231,-0.5187087,-0.8394333,-42.84921,-8.444818,23.81367
57.785340309,85.6830700000001,181.8005,-133.2103,0.4188249,-0.5211717,-0.8002405,-42.84921,-8.444818,23.81367
57.7953372,94.0515899999998,193.1368,-126.9913,0.4546292,-0.5071992,-0.7845135,-42.84921,-8.444818,23.81367
57.805335522,102.6047,203.4641,-120.7722,0.4929771,-0.4734062,-0.7855462,-45.34956,-13.0838,17.304
57.81533289,111.527,211.1799,-114.6752,0.49472,-0.3843611,-0.7764792,-45.34956,-13.0838,17.304
57.825330734,117.065,216.6997,-110.895,0.5038465,-0.2740563,-0.7966238,-45.34956,-13.0838,17.304
57.835328579,116.0805,219.9047,-106.9319,0.5619349,-0.2006252,-0.7570221,-45.34956,-13.0838,17.304
57.845325947,108.635,222.7536,-100.53,0.6510936,-0.1975312,-0.6648132,-45.34956,-13.0838,17.304
57.855323791,100.6972,228.6295,-91.2014299999999,0.7252419,-0.2260489,-0.59602,-45.9739,-17.34798,8.48421
57.865321159,97.6820500000002,233.9712,-80.9583400000002,0.7395058,-0.2586708,-0.5807222,-45.9739,-17.34798,8.48421
57.875319481,100.0818,238.2446,-71.8737000000001,0.759259,-0.2722369,-0.5659172,-45.9739,-17.34798,8.48421
57.885316372,105.4352,243.0522,-64.3743000000003,0.8323566,-0.2713523,-0.5210587,-45.9739,-17.34798,8.48421
57.895314693,112.2654,248.3345,-58.2162500000001,0.9009588,-0.2904318,-0.4709229,-45.9739,-17.34798,8.48421
57.905312538,119.2802,255.2787,-52.78985,0.9762689,-0.277968,-0.43995,-45.85634,-21.22672,-0.396553
57.915309906,126.7257,263.232,-47.4854,1.036816,-0.2581569,-0.423789,-45.85634,-21.22672,-0.396553
57.925307751,133.0021,272.0161,-41.75415,1.063836,-0.2176618,-0.4114036,-45.85634,-21.22672,-0.396553
57.935305119,136.0173,277.5359,-36.20581,1.08488,-0.1441793,-0.3923161,-45.85634,-21.22672,-0.396553
57.945302963,134.1713,282.4028,-30.35261,1.102714,-0.08225717,-0.4081562,-45.85634,-21.22672,-0.396553
57.955301285,128.9409,285.7265,-23.09709,1.135619,-0.01863204,-0.4297659,-43.8808,-24.33068,-9.267467
57.965298653,120.0186,287.0323,-16.8171,1.176204,0.02594839,-0.4250623,-43.8808,-24.33068,-9.267467
57.975296497,106.1121,288.1599,-8.64702100000002,1.243139,0.01814416,-0.3605692,-43.8808,-24.33068,-9.267467
57.985293865,92.6363300000001,286.9135,0.620533899999998,1.272324,0.02129524,-0.3448279,-43.8808,-24.33068,-9.267467
57.99529171,79.9604800000003,284.2427,8.24187900000002,1.353764,-0.03397724,-0.3478271,-43.8808,-24.33068,-9.267467
58.005289078,71.3458300000002,281.3938,15.25352,1.408703,-0.02764294,-0.3584532,-39.70522,-28.17569,-17.73111
58.015286922,63.7157100000002,276.9424,22.20418,1.438043,-0.007139671,-0.3585096,-39.70522,-28.17569,-17.73111
58.025284767,53.07046,272.3722,29.82553,1.506049,0.03089518,-0.3318377,-39.70522,-28.17569,-17.73111
58.035282135,36.64109,267.3866,37.56881,1.536788,0.081301,-0.3065397,-39.70522,-28.17569,-17.73111
58.045280457,17.56579,260.205,45.55598,1.5377,0.1368524,-0.2917197,-39.70522,-28.17569,-17.73111
58.055277824,-3.909311,251.2428,53.2383,1.511068,0.2315137,-0.2979192,-34.76736,-30.03199,-24.13519
58.065275669,-30.9224,239.9065,59.6402300000001,1.460733,0.3170168,-0.2978535,-34.76736,-30.03199,-24.13519
58.075273037,-57.25863,226.6709,64.0301300000002,1.330627,0.3680964,-0.3292258,-34.76736,-30.03199,-24.13519
58.085270882,-79.9028499999999,213.554,62.9326599999997,1.19712,0.3424405,-0.2954862,-34.76736,-30.03199,-24.13519
58.095268726,-96.9475599999998,197.5882,57.9330499999999,1.123742,0.2292427,-0.2402928,-34.76736,-30.03199,-24.13519
58.105266094,-93.9324300000002,181.9192,50.79947,1.090741,0.06387213,-0.3445223,-29.84362,-31.19152,-30.60748
58.115263939,-71.5343300000003,166.547,44.39754,1.003523,-0.04121717,-0.3821507,-29.84362,-31.19152,-30.60748
58.125261307,-44.64431,144.4085,37.44687,0.8633587,-0.0245268,-0.3795178,-29.84362,-31.19152,-30.60748
58.135259628,-24.52294,119.7179,29.8865,0.7702115,0.08434957,-0.3348759,-29.84362,-31.19152,-30.60748
58.145256996,-15.96982,94.7899199999998,25.37466,0.6926522,0.1679018,-0.2768545,-29.84362,-31.19152,-30.60748
58.155254841,-15.53909,70.7522199999999,23.66748,0.6444543,0.1662145,-0.2509269,-26.13494,-28.22808,-35.82009
58.165252686,-14.73916,48.73249,23.11874,0.621964,0.1724218,-0.1613956,-26.13494,-28.22808,-35.82009
58.175250053,-13.44696,29.73973,21.04574,0.6291138,0.180767,-0.1676317,-26.13494,-28.22808,-35.82009
58.185247898,-11.41637,14.96099,17.50943,0.6100028,0.2132721,-0.1321921,-26.13494,-28.22808,-35.82009
58.195245266,-11.8471,1.013188,13.36342,0.6097108,0.2031712,-0.1202246,-26.13494,-28.22808,-35.82009
58.205243111,-9.26270200000001,-10.0857,10.55877,0.6198761,0.1554876,-0.09582265,-23.87745,-28.22864,-37.86742
58.215240479,-2.370981,-18.86986,8.54673300000003,0.6531042,0.09964855,-0.05662297,-23.87745,-28.22864,-37.86742
58.2252388,9.44340000000003,-25.57667,6.96149300000002,0.7071145,0.05221798,-0.04617624,-23.87745,-28.22864,-37.86742
58.235236645,24.45751,-29.13782,5.376253,0.7285751,0.02555646,-0.03232808,-23.87745,-28.22864,-37.86742
58.245234013,37.62562,-31.51191,4.400721,0.721036,0.01254588,-0.004075597,-23.87745,-28.22864,-37.86742
58.255231857,48.76313,-34.77629,4.034896,0.7325407,-0.004029561,-0.03472025,-23.87943,-28.22482,-37.41592
58.265229225,58.2392500000001,-39.82124,3.181306,0.7344632,-0.004803063,-0.12326,-23.87943,-28.22482,-37.41592
58.27522707,64.26951,-49.25827,2.144803,0.7003884,0.04343618,-0.1945208,-23.87943,-28.22482,-37.41592
58.285224438,65.8693700000002,-62.2564400000001,1.96189,0.677735,0.0001922124,-0.3571861,-23.87943,-28.22482,-37.41592
58.295222282,66.4846999999998,-75.0765500000001,2.327715,0.7009301,-0.01616104,-0.3888083,-23.87943,-28.22482,-37.41592
58.305220604,65.4386399999999,-85.7599800000002,4.156838,0.724579,-0.004815425,-0.4213956,-24.9744,-30.05476,-35.41495
58.315217972,41.13301,-66.9452699999998,9.52226500000001,1.565349,0.1877583,1.491393,-24.9744,-30.05476,-35.41495
58.325215817,4.274609,-13.05332,7.022464,2.264881,0.679051,3.057863,-24.9744,-30.05476,-35.41495
58.335213184,36.39495,6.82971999999999,9.15644099999999,2.007671,0.6279023,1.160291,-24.9744,-30.05476,-35.41495
58.345211029,36.27189,-33.05507,8.668674,0.69653,0.6397691,-0.124317,-24.9744,-30.05476,-35.41495
58.355208397,14.48913,-67.0046300000001,7.32731800000001,0.5779382,0.3863055,-0.2709678,-27.9314,-32.71251,-32.19798
58.365206242,5.689873,-83.38588,17.9972,1.004241,-0.3004416,0.1228125,-27.9314,-32.71251,-32.19798
58.375204563,64.7002400000002,-79.4686299999999,13.05857,1.493315,-0.6017938,0.1737238,-27.9314,-32.71251,-32.19798
58.385201454,151.5852,-75.3139600000001,2.205774,1.264223,0.07571831,0.1495413,-27.9314,-32.71251,-32.19798
58.395199776,169.9836,-82.3175399999998,-5.415571,0.9954603,0.7875904,0.03640398,-28.9939,-36.12671,-30.12406
58.405197144,128.8179,-96.6808100000001,0.7424754,1.09023,1.08406,-0.0571599,-28.9939,-36.12671,-30.12406
58.415194988,48.64007,-109.857,15.13157,1.373226,0.9322875,-0.1547651,-28.9939,-36.12671,-30.12406
58.425192833,-28.58414,-122.143,39.70279,1.464287,0.3348914,-0.3170073,-28.9939,-36.12671,-30.12406
58.435190201,-64.4580200000003,-125.8822,54.2748,1.238488,0.08489383,-0.3313852,-28.9939,-36.12671,-30.12406
58.445188046,-60.7044899999999,-121.312,52.26277,1.083165,0.02794797,-0.2712777,-31.58491,-38.76476,-24.9048
58.455185413,-50.9207,-114.3678,45.06822,1.008142,-0.2069134,-0.2849652,-31.58491,-38.76476,-24.9048
58.465183735,-49.13624,-113.5369,46.65346,1.045074,-0.5966926,-0.5294816,-31.58491,-38.76476,-24.9048
58.475180626,-26.49201,-112.4685,48.54355,1.214769,-0.9690403,-0.643104,-31.58491,-38.76476,-24.9048
58.485178948,25.01131,-103.0315,37.8127,1.234315,-0.6007645,-0.3216298,-31.58491,-38.76476,-24.9048
58.495176792,63.5311099999997,-90.5081599999999,22.44806,1.013441,-0.2289164,-0.2581685,-35.35878,-38.01147,-22.48565
58.50517416,63.3465099999998,-83.5045899999999,17.20458,0.8947588,-0.0835779,-0.2096628,-35.35878,-38.01147,-22.48565
58.515172005,54.79339,-76.0855400000002,17.20458,0.9240313,-0.03181244,-0.1388979,-35.35878,-38.01147,-22.48565
58.525169373,51.65519,-71.5747600000002,19.09467,1.027496,0.01226393,-0.112768,-35.35878,-38.01147,-22.48565
58.535167217,52.76279,-68.3697400000001,18.72885,1.034116,0.1000738,-0.1429524,-35.35878,-38.01147,-22.48565
58.545164585,51.71673,-65.2834099999999,17.75332,1.046837,0.2015809,-0.1233791,-38.0093,-37.61321,-18.05662
58.555162907,46.17874,-62.67191,16.77778,1.023101,0.2713804,-0.144413,-38.0093,-37.61321,-18.05662
58.565160751,35.96422,-60.6539200000001,17.26555,1.019663,0.4040501,-0.08318347,-38.0093,-37.61321,-18.05662
58.575158119,15.78132,-59.0514099999997,19.88729,1.080454,0.3586138,-0.08184201,-38.0093,-37.61321,-18.05662
58.585155964,1.505613,-57.03343,21.83836,1.088596,0.287529,-0.1143811,-38.0093,-37.61321,-18.05662
58.595153332,-12.64703,-53.70969,22.26515,1.070582,0.2346212,-0.1219933,-39.51621,-37.9743,-14.4537
58.605151177,-25.75361,-50.74208,24.58204,1.073751,0.1166868,-0.1655189,-39.51621,-37.9743,-14.4537
58.615149021,-36.58346,-47.77446,27.44767,1.052174,0.04636385,-0.1568488,-39.51621,-37.9743,-14.4537
58.625146389,-45.01351,-45.57842,29.8865,1.01811,-0.06045934,-0.1802121,-39.51621,-37.9743,-14.4537
58.63514471,-45.50578,-42.37339,29.70359,1.023784,-0.1279623,-0.1347399,-39.51621,-37.9743,-14.4537
58.645142078,-39.78319,-40.65217,26.83796,1.042176,-0.174088,-0.1701747,-40.29044,-37.20179,-12.39931
58.655139923,-33.38373,-39.22772,24.21622,1.048712,-0.1837996,-0.1304618,-40.29044,-37.20179,-12.39931
58.665137291,-24.46141,-38.63419,20.497,1.048757,-0.2119087,-0.1223188,-40.29044,-37.20179,-12.39931
58.675135136,-13.3239,-38.7529,15.68031,1.050838,-0.1672268,-0.1295126,-40.29044,-37.20179,-12.39931
58.68513298,-9.38576900000002,-41.72052,11.41236,1.0365,-0.07869682,-0.1419534,-40.29044,-37.20179,-12.39931
58.695130348,-8.52430299999999,-42.6108,9.40032399999997,1.041499,-0.006910224,-0.1142232,-41.75224,-36.06823,-12.02905
58.705128193,-10.06263,-43.56044,7.08343500000003,1.06907,0.05502447,-0.1497018,-41.75224,-36.06823,-12.02905
58.715125561,-14.61609,-42.96692,7.08343500000003,1.060465,0.07172205,-0.1650055,-41.75224,-36.06823,-12.02905
58.725123882,-19.60028,-42.55145,7.14440499999997,1.031775,0.04244082,-0.1697337,-41.75224,-36.06823,-12.02905
58.735120773,-22.30775,-40.53347,6.96149300000002,1.023344,-0.02856013,-0.2103797,-41.75224,-36.06823,-12.02905
58.745119095,-23.29228,-36.02269,7.63217200000002,1.037316,-0.09846143,-0.2324006,-42.89138,-35.68269,-10.42691
58.755116939,-22.36928,-30.68097,9.217411,0.9825126,-0.138516,-0.2428234,-42.89138,-35.68269,-10.42691
58.765114307,-19.41569,-28.36624,8.42479100000002,0.9368221,-0.1704927,-0.2398641,-42.89138,-35.68269,-10.42691
58.775112152,-16.70822,-25.51732,7.81508400000003,0.9252312,-0.2025052,-0.2613715,-42.89138,-35.68269,-10.42691
58.78510952,-12.5855,-23.85546,5.92499000000001,0.8847483,-0.1754582,-0.2981583,-42.89138,-35.68269,-10.42691
58.795107365,-11.72403,-23.85546,5.13237,0.8604657,-0.1277727,-0.2919067,-44.02965,-34.93369,-10.82631
58.805105686,-17.93889,-24.80509,5.86401899999998,0.8332729,-0.0541135,-0.2555065,-44.02965,-34.93369,-10.82631
58.815103054,-26.36894,-27.47595,8.668674,0.8011671,-0.005190552,-0.2564203,-44.02965,-34.93369,-10.82631
58.825100899,-29.32254,-29.73134,9.40032399999997,0.7570669,0.03380291,-0.2544392,-44.02965,-34.93369,-10.82631
58.835098267,-26.73814,-32.93637,7.32731800000001,0.691452,0.04956181,-0.3021864,-44.02965,-34.93369,-10.82631
58.845096111,-20.83095,-36.79427,4.644604,0.6356021,0.09033175,-0.3461286,-44.79066,-34.55188,-9.995396
58.855093479,-12.89316,-39.9993,1.718008,0.5516683,0.147568,-0.3885902,-44.79066,-34.55188,-9.995396
58.865091324,-8.21663800000001,-41.12699,-3.098683,0.4933556,0.1656483,-0.3578644,-44.79066,-34.55188,-9.995396
58.875089645,-5.693775,-41.12699,-4.196156,0.5485241,0.058055,-0.286625,-44.79066,-34.55188,-9.995396
58.885086536,-5.139976,-40.94894,-0.720822899999998,0.7218562,-0.08634475,-0.1385314,-44.79066,-34.55188,-9.995396
58.895084858,-2.247914,-39.28707,3.54713,1.063358,-0.07529403,0.1183443,-44.80191,-34.16498,-9.223421
58.905082226,10.12027,-44.80684,2.998394,1.617518,-0.001355397,0.2035029,-44.80191,-34.16498,-9.223421
58.91508007,32.51836,-48.48669,-0.4769399,1.941242,0.06153648,-0.04833005,-44.80191,-34.16498,-9.223421
58.925077438,48.82467,-56.91472,-4.988776,1.339146,0.361803,-0.07990092,-44.80191,-34.16498,-9.223421
58.935075283,41.62528,-67.0046300000001,-4.744893,1.040984,0.3573954,-0.1296305,-45.1795,-34.52745,-6.773161
58.945073128,36.27189,-72.99921,1.413154,0.9442906,0.2893654,-0.1859164,-45.1795,-34.52745,-6.773161
58.955070496,23.65758,-80.6556699999997,6.65663900000001,0.9015524,0.2296475,-0.1939623,-45.1795,-34.52745,-6.773161
58.965068817,5.62834,-90.3894700000001,8.72964499999998,0.8579096,0.06256686,-0.1967147,-45.1795,-34.52745,-6.773161
58.975065708,-10.67797,-102.2006,10.31489,0.8386022,-0.1287589,-0.1932817,-45.1795,-34.52745,-6.773161
58.98506403,-22.92308,-112.8247,9.40032399999997,0.8460193,-0.2362141,-0.1099947,-45.93694,-34.88292,-3.164678
58.995061874,-25.69208,-117.929,9.76614900000002,0.9368462,-0.3523299,-0.197224,-45.93694,-34.88292,-3.164678
59.005059242,-23.16921,-120.125,7.81508400000003,0.9997163,-0.3849505,-0.4457062,-45.93694,-34.88292,-3.164678
59.015057087,-7.17057299999998,-117.1574,3.48616,0.992626,-0.2165575,-0.5084307,-45.93694,-34.88292,-3.164678
59.025054455,-0.832649800000001,-113.1214,0.0717969800000001,0.9867423,-0.03451245,-0.5687679,-45.93694,-34.88292,-3.164678
59.0350523,-5.386109,-109.3822,-0.903735200000002,0.9672487,0.09534352,-0.5678101,-45.94515,-35.23222,0.5138683
59.045049667,-14.92376,-106.4146,-3.159653,0.9239285,0.1429317,-0.6371405,-45.94515,-35.23222,0.5138683
59.055047989,-22.67695,-102.7348,-4.866835,0.8828906,0.07066558,-0.6394432,-45.94515,-35.23222,0.5138683
59.065045834,-27.04581,-99.9451899999999,-6.63498599999997,0.8824273,-0.03348763,-0.6030438,-45.94515,-35.23222,0.5138683
59.075043201,-28.46107,-95.0782999999997,-9.25672899999999,0.7597992,-0.1469726,-0.6319939,-45.94515,-35.23222,0.5138683
59.085041046,-27.415,-91.9919700000001,-10.96391,0.6382675,-0.267419,-0.6805658,-45.95675,-35.57499,4.966418
59.095038414,-22.00008,-88.54954,-12.97595,0.5451167,-0.2899628,-0.7124622,-45.95675,-35.57499,4.966418
59.105036259,-17.26202,-83.9200500000001,-15.71963,0.5101427,-0.3224944,-0.7401503,-45.95675,-35.57499,4.966418
59.115034103,-10.98563,-79.4686299999999,-17.67069,0.5436963,-0.3438514,-0.7038315,-45.95675,-35.57499,4.966418
59.125031471,-3.232446,-74.4236799999998,-20.29244,0.6159588,-0.3509733,-0.6824197,-45.95675,-35.57499,4.966418
59.135029793,4.828408,-69.85354,-24.86525,0.6656753,-0.3256765,-0.6805986,-44.83877,-35.91966,8.201803
59.145027161,17.99652,-65.5208199999999,-28.82834,0.5881112,-0.2709985,-0.7508281,-44.83877,-35.91966,8.201803
59.155025005,23.04224,-62.19709,-31.45009,0.6148634,-0.1901273,-0.7331883,-44.83877,-35.91966,8.201803
59.165022373,30.24163,-58.9326999999999,-34.49863,0.6989631,-0.2296426,-0.666324,-44.83877,-35.91966,8.201803
59.175020218,44.27121,-56.14314,-34.1328,0.7768703,-0.2531452,-0.6946898,-44.83877,-35.91966,8.201803
59.185018063,64.5771700000002,-55.37156,-39.31532,1.085305,-0.1204733,-0.6167752,-44.06379,-37.78912,11.37802
59.19501543,75.6531500000001,-52.64135,-41.87609,1.199436,0.1366757,-0.4825605,-44.06379,-37.78912,11.37802
59.205013275,67.6538300000003,-55.1935,-39.5592,1.005534,0.2631069,-0.5320269,-44.06379,-37.78912,11.37802
59.215010643,53.00893,-61.1880999999999,-37.0594,0.8523585,0.2164526,-0.6791493,-44.06379,-37.78912,11.37802
59.225008965,39.84081,-64.6898899999997,-32.73047,0.809374,0.1690793,-0.7183054,-44.06379,-37.78912,11.37802
59.235006809,32.51836,-64.2744199999998,-28.40155,0.7997461,0.1111497,-0.7087022,-42.93545,-38.88416,15.84297
59.245004177,23.28838,-62.3157900000002,-24.56039,0.749488,0.1392816,-0.7650938,-42.93545,-38.88416,15.84297
59.255002022,12.95079,-61.9003299999999,-20.47535,0.7665253,0.1415717,-0.711045,-42.93545,-38.88416,15.84297
59.26499939,6.92053700000001,-58.9326999999999,-17.67069,0.8255316,0.08735333,-0.7096981,-42.93545,-38.88416,15.84297
59.274997234,3.782343,-56.26184,-16.87807,0.7767534,0.1137803,-0.7962422,-42.93545,-38.88416,15.84297
59.284994602,-0.832649800000001,-53.76905,-16.63419,0.7476617,0.1314958,-0.8153391,-41.06995,-39.21939,19.53542
59.294992447,-5.570708,-52.10718,-17.30487,0.7358099,0.1136845,-0.8244067,-41.06995,-39.21939,19.53542
59.304990769,-5.693775,-50.2079,-17.36584,0.7720921,0.05044999,-0.8033964,-41.06995,-39.21939,19.53542
59.314988136,-2.309447,-47.24029,-18.82914,0.7820653,0.03781955,-0.8244678,-41.06995,-39.21939,19.53542
59.324985981,-0.2788507,-43.56044,-17.85361,0.75933,0.02845235,-0.8430904,-41.06995,-39.21939,19.53542
59.334983349,0.2749484,-39.58383,-17.12196,0.7479921,0.06123728,-0.8469076,-39.6186,-40.33279,21.55167
59.344981194,-2.309447,-36.97233,-15.7806,0.7429097,0.02097917,-0.8277453,-39.6186,-40.33279,21.55167
59.354979038,-5.570708,-30.14681,-13.58565,0.7019558,-0.005853375,-0.9099821,-39.6186,-40.33279,21.55167
59.364976406,-7.84743800000001,-26.52631,-13.2808,0.691082,0.02853453,-0.8989648,-39.6186,-40.33279,21.55167
59.374974728,-13.07776,-21.71877,-13.46371,0.7065406,0.03560803,-0.9028221,-39.6186,-40.33279,21.55167
59.384971619,-15.66216,-16.55511,-13.2808,0.7389233,0.0234993,-0.9153184,-38.85258,-41.45462,23.17582
59.39496994,-16.52362,-11.80692,-15.17089,0.7941728,0.0653617,-0.9206899,-38.85258,-41.45462,23.17582
59.404967308,-17.56969,-9.07671499999999,-18.09749,0.8847996,0.09203174,-0.910326,-38.85258,-41.45462,23.17582
59.414965153,-17.93889,-5.69363,-21.87768,0.9714386,0.1234868,-0.899478,-38.85258,-41.45462,23.17582
59.424962998,-16.21596,-3.20083,-29.80388,1.062628,0.0927601,-0.9494009,-38.85258,-41.45462,23.17582
59.434960365,-12.15476,-1.123497,-35.65707,1.089954,0.09246062,-0.8819692,-37.71629,-42.19981,24.02672
59.44495821,-10.12417,-0.5299737,-38.58367,1.095959,0.08523846,-0.8345988,-37.71629,-42.19981,24.02672
59.454955578,-11.72403,-1.301555,-40.22988,1.238607,0.1183255,-0.8195416,-37.71629,-42.19981,24.02672
59.464953899,-14.06229,-1.717021,-40.83958,1.328086,0.1565102,-0.7168136,-37.71629,-42.19981,24.02672
59.474951744,-21.38475,-1.717021,-40.29085,1.30202,0.1449116,-0.6535931,-37.71629,-42.19981,24.02672
59.484949112,-29.0764,-3.675649,-38.40075,1.251875,0.1960579,-0.5850825,-36.93955,-43.34233,23.19986
59.494946957,-37.75259,-6.22780099999998,-37.54716,1.280104,0.1205114,-0.5645334,-36.93955,-43.34233,23.19986
59.504944325,-44.39818,-8.30513400000001,-41.69318,1.393329,0.05969884,-0.551315,-36.93955,-43.34233,23.19986
59.514942169,-45.87498,-4.031764,-36.81551,1.293545,0.05769516,-0.3956033,-36.93955,-43.34233,23.19986
59.524939537,-47.65944,-4.091116,-36.44969,1.343662,0.06314309,-0.3334772,-35.42736,-43.72179,21.98751
59.534937382,-45.69038,-3.319535,-33.27921,1.332471,0.06331238,-0.2908645,-35.42736,-43.72179,21.98751
59.544935703,-49.50544,-3.378887,-33.70601,1.264456,0.1057481,-0.2328491,-35.42736,-43.72179,21.98751
59.554933071,-52.9513,-4.922049,-36.26678,1.211876,0.0512075,-0.2380077,-35.42736,-43.72179,21.98751
59.564930916,-55.28956,-4.44723,-37.79105,1.132424,-0.0009888231,-0.3005493,-35.42736,-43.72179,21.98751
59.574928284,-49.56697,-7.94901899999999,-35.71804,1.021045,-0.04053856,-0.3989316,-34.64723,-44.87085,20.38665
59.584926129,-42.18298,-14.12167,-31.45009,0.938042,-0.03129035,-0.3772534,-34.64723,-44.87085,20.38665
59.594923973,-28.76874,-17.50475,-36.08387,0.9325474,0.004632846,-0.2633519,-34.64723,-44.87085,20.38665
59.604921341,-17.38509,-18.15763,-35.71804,0.9612677,0.1118067,-0.1902075,-34.64723,-44.87085,20.38665
59.614919186,-16.95436,-21.48136,-36.6326,0.9775271,0.1817282,-0.1251675,-34.64723,-44.87085,20.38665
59.624916553,-24.52294,-23.43999,-36.0229,1.002012,0.06980931,-0.1945748,-33.87247,-46.00956,20.01129
59.634914875,-17.07742,-25.69538,-35.04736,0.9674406,0.01285071,-0.3433371,-33.87247,-46.00956,20.01129
59.644912243,-6.001441,-30.14681,-35.29124,0.9267212,0.05177404,-0.4093196,-33.87247,-46.00956,20.01129
59.654910088,2.059412,-35.96334,-36.99842,0.9566579,0.1457243,-0.3500525,-33.87247,-46.00956,20.01129
59.664907932,5.382206,-40.53347,-40.41279,1.021088,0.1162269,-0.2611421,-33.87247,-46.00956,20.01129
59.6749053,8.33580199999998,-44.15396,-41.51026,1.089119,-0.0290825,-0.2502161,-32.35947,-46.75576,20.41347
59.684903145,21.19625,-46.88417,-40.83958,1.109915,-0.1787242,-0.3449719,-32.35947,-46.75576,20.41347
59.694900513,45.87107,-53.59099,-38.76658,1.113063,-0.3253105,-0.545463,-32.35947,-46.75576,20.41347
59.704898357,75.6531500000001,-66.5891600000002,-35.41319,1.138944,-0.6233538,-0.9369066,-32.35947,-46.75576,20.41347
59.714896679,110.5425,-84.7509799999998,-31.08426,1.34239,-0.8491271,-1.142991,-32.35947,-46.75576,20.41347
59.724894047,150.7852,-85.8786799999998,-35.53513,1.381732,-0.4923338,-0.6325106,-31.23193,-47.48406,23.26388
59.734891891,165.2455,-82.3768899999999,-39.98599,1.315197,-0.006345932,-0.4310392,-31.23193,-47.48406,23.26388
59.744889259,138.7247,-83.38588,-50.47297,1.166592,0.55988,-0.5764131,-31.23193,-47.48406,23.26388
59.754887104,73.86869,-88.1934200000001,-53.21665,1.118716,0.6640725,-0.8223445,-31.23193,-47.48406,23.26388
59.764884949,-6.678307,-90.5081599999999,-39.74211,1.142156,0.5024871,-0.9534737,-31.23193,-47.48406,23.26388
59.774882317,-68.15001,-85.1071000000002,-18.52429,1.093947,0.2929868,-0.9619501,-29.78843,-46.27018,30.55746
59.784880638,-91.7787700000002,-70.4470699999999,-4.50101,1.041303,0.08952591,-0.8321118,-29.78843,-46.27018,30.55746
59.794877529,-90.05584,-48.42733,-1.452472,0.9892064,-0.09179895,-0.7271661,-29.78843,-46.27018,30.55746
59.804875851,-77.9953199999998,-25.39862,-2.428004,0.7788783,-0.07558873,-0.7315894,-29.78843,-46.27018,30.55746
59.814873695,-61.31982,-10.02635,-8.58605100000002,0.6008189,-0.09298591,-0.8140682,-29.78843,-46.27018,30.55746
59.824871063,-43.16751,2.200235,-16.2074,0.4762422,-0.1280491,-0.8186277,-27.58045,-44.71444,32.63004
59.834868908,-20.83095,20.12465,-20.84118,0.4226142,-0.2277266,-0.7093933,-27.58045,-44.71444,32.63004
59.844866276,9.50493299999999,45.64617,-22.2435,0.4349385,-0.2865267,-0.6830779,-27.58045,-44.71444,32.63004
59.85486412,37.25642,75.14429,-19.92661,0.3829999,-0.08673866,-0.5638733,-27.58045,-44.71444,32.63004
59.864861488,47.84013,100.191,-19.43885,0.3139696,0.06085442,-0.535555,-27.58045,-44.71444,32.63004
59.87485981,45.3788,119.2431,-19.7437,0.2910928,0.08581176,-0.5202071,-27.94197,-45.10796,31.40378
59.884857655,40.27155,138.2952,-19.25594,0.2872267,0.03155462,-0.5465081,-27.94197,-45.10796,31.40378
59.894855022,36.64109,156.8132,-18.09749,0.2739975,0.00786183,-0.6110867,-27.94197,-45.10796,31.40378
59.904852867,32.02609,172.5415,-16.63419,0.2827069,0.03570092,-0.667581,-27.94197,-45.10796,31.40378
59.914850235,23.59604,186.4893,-15.23186,0.3342754,0.01290329,-0.7212656,-27.94197,-45.10796,31.40378
59.92484808,17.56579,199.903,-12.79303,0.3895631,-0.0527855,-0.7969601,-31.33627,-43.99602,30.92117
59.934845924,16.82739,212.545,-10.47614,0.4108142,-0.09544871,-0.8319222,-31.33627,-43.99602,30.92117
59.944843292,18.91952,223.1098,-6.02527899999998,0.4077084,-0.1635156,-0.8290278,-31.33627,-43.99602,30.92117
59.954841614,23.16531,232.3687,-0.5379106,0.4137204,-0.2256684,-0.8898014,-31.33627,-43.99602,30.92117
59.964838982,30.5493,240.3813,4.217809,0.4398944,-0.2207271,-0.9903492,-31.33627,-43.99602,30.92117
59.974836826,41.13301,247.0288,4.949458,0.4723985,-0.03159661,-0.9966761,-36.57384,-43.32208,25.26665
59.984834671,45.87107,250.4118,3.54713,0.5243949,0.08123329,-0.9398453,-36.57384,-43.32208,25.26665
59.994832039,47.594,252.6079,4.400721,0.6153016,0.01812999,-0.8102934,-36.57384,-43.32208,25.26665
60.004829884,50.1784,257,9.27838200000003,0.7261749,-0.1496177,-0.7420071,-36.57384,-43.32208,25.26665
60.014827251,62.7927100000001,263.0539,17.14361,0.7957417,-0.248221,-0.7813462,-36.57384,-43.32208,25.26665
60.024825096,85.4369399999998,267.3866,24.33816,0.8188629,-0.2358403,-0.858919,-43.99596,-42.30218,17.46539
60.034822464,107.4658,269.5827,29.76456,0.8367304,-0.17672,-0.9154374,-43.99596,-42.30218,17.46539
60.044820786,119.5264,270.5323,33.72766,0.8729889,-0.08375371,-0.9241388,-43.99596,-42.30218,17.46539
60.05481863,119.3418,270.9478,40.00764,0.9201291,-0.02492514,-0.916579,-43.99596,-42.30218,17.46539
60.064815998,110.0502,271.7787,48.72646,0.9577975,0.07109433,-0.9133194,-43.99596,-42.30218,17.46539
60.074813843,93.0670599999998,272.5503,57.3843100000001,0.9829303,0.1865187,-0.8865926,-49.21943,-41.65548,8.585857
60.084811211,68.9460300000002,272.4316,65.0666300000001,1.016927,0.2461219,-0.8191881,-49.21943,-41.65548,8.585857
60.094809055,41.62528,272.0755,72.0172999999999,1.057957,0.2427618,-0.7441223,-49.21943,-41.65548,8.585857
60.104807377,19.53485,272.4909,78.7850500000001,1.112713,0.2090015,-0.675294,-49.21943,-41.65548,8.585857
60.114804268,5.505273,272.6096,82.6871799999997,1.136857,0.1700962,-0.6245971,-54.1299,-37.6002,-2.373151
60.124802589,-2.986313,271.4226,81.9555300000001,1.151543,0.1416378,-0.5801077,-54.1299,-37.6002,-2.373151
60.134799957,-8.03203799999998,268.0395,77.9314700000003,1.166757,0.1105759,-0.555719,-54.1299,-37.6002,-2.373151
60.144797802,-11.6625,260.9766,71.7124399999999,1.183112,0.09731557,-0.5002292,-54.1299,-37.6002,-2.373151
60.154795647,-14.92376,252.9046,65.6763399999999,1.181607,0.1005524,-0.4619413,-54.1299,-37.6002,-2.373151
60.164793015,-20.52328,242.9334,58.84761,1.116388,0.1227207,-0.447476,-55.63418,-34.31464,-17.3666
60.174790859,-26.73814,226.7896,50.98238,1.009768,0.2467441,-0.4707724,-55.63418,-34.31464,-17.3666
60.184788227,-37.50646,208.0343,44.33657,0.9381362,0.2739827,-0.4194468,-55.63418,-34.31464,-17.3666
60.194786549,-49.62851,190.7627,41.22706,0.8662723,0.2363113,-0.3451326,-55.63418,-34.31464,-17.3666
60.20478344,-56.02796,173.7879,39.82473,0.7861302,0.249079,-0.3167602,-55.63418,-34.31464,-17.3666
60.214781761,-55.41263,157.0506,36.71523,0.6806228,0.2897232,-0.2672933,-54.17323,-29.90876,-29.95703
60.224779606,-50.5515,139.779,32.63018,0.5795082,0.2786778,-0.1938921,-54.17323,-29.90876,-29.95703
60.234776974,-42.98291,122.7449,27.9964,0.4992701,0.2199892,-0.1147721,-54.17323,-29.90876,-29.95703
60.244774818,-30.67627,107.4913,22.44806,0.4827902,0.08705954,-0.05536567,-54.17323,-29.90876,-29.95703
60.254772186,-7.17057299999998,93.4841799999998,14.82672,0.4888092,-0.02538892,-0.03668274,-54.17323,-29.90876,-29.95703
60.264770031,26.05737,82.5039900000002,5.0714,0.5050462,-0.05951295,-0.03048077,-49.34128,-26.14382,-38.84221
60.274768353,58.3007899999997,72.9482600000001,-5.90333699999997,0.5365589,-0.04967844,0.02019082,-49.34128,-26.14382,-38.84221
60.28476572,82.5448800000002,64.5795699999997,-14.62216,0.5868279,0.0002344203,0.1086269,-49.34128,-26.14382,-38.84221
60.294763565,97.18979,60.2468500000002,-21.45088,0.6299849,0.06322619,0.1018354,-49.34128,-26.14382,-38.84221
60.304760933,107.1582,59.1191599999999,-26.57243,0.6500936,0.134821,0.1290607,-49.34128,-26.14382,-38.84221
60.314758778,105.8044,60.0094400000002,-30.41358,0.6227872,0.2382852,0.07739549,-46.73542,-24.62995,-42.05587
60.324756622,100.0818,55.79543,-32.85241,0.6175202,0.3623102,0.04770101,-46.73542,-24.62995,-42.05587
60.33475399,82.79101,51.93752,-34.31571,0.6346081,0.4384854,0.05100164,-46.73542,-24.62995,-42.05587
60.344751835,55.22412,48.13897,-32.97436,0.6987398,0.422784,0.05520107,-46.73542,-24.62995,-42.05587
60.354749203,26.54964,44.10301,-30.23067,0.7672603,0.3552613,0.06897772,-46.73542,-24.62995,-42.05587
60.364747524,1.25948,41.61021,-26.81631,0.8384,0.2524657,0.09903046,-44.05182,-27.28311,-43.24772
60.374745369,-17.75429,38.28648,-24.19457,0.8815405,0.1867221,0.09657931,-44.05182,-27.28311,-43.24772
60.384742737,-33.26067,35.08145,-22.18253,0.9028742,0.1653454,0.05108289,-44.05182,-27.28311,-43.24772
60.394740582,-51.8437,29.0275,-19.98759,0.8961923,0.1571708,0.0219035,-44.05182,-27.28311,-43.24772
60.404737949,-72.08813,19.17501,-16.8171,0.8910725,0.1437036,-0.004884364,-44.05182,-27.28311,-43.24772
60.414735794,-92.7017699999998,8.01676800000001,-13.95148,0.9052597,0.06202107,-0.04030269,-40.98981,-29.94053,-45.27528
60.424734116,-111.2848,-5.574925,-10.72003,0.925898,-0.05303417,-0.1254956,-40.98981,-29.94053,-45.27528
60.434731007,-119.4687,-21.71877,-8.28119799999998,0.8799222,-0.1764631,-0.2383276,-40.98981,-29.94053,-45.27528
60.444729328,-121.6839,-42.72951,-5.415571,0.8442385,-0.3023499,-0.3234195,-40.98981,-29.94053,-45.27528
60.454726696,-117.3151,-63.9776600000003,-2.123151,0.8592059,-0.398761,-0.3238994,-40.98981,-29.94053,-45.27528
60.464724541,-106.4237,-83.9794099999999,-0.964705900000002,0.9188271,-0.4854113,-0.3101023,-39.57431,-28.42849,-47.65925
60.474721909,-89.6866400000002,-101.0135,-2.001209,0.9503693,-0.5041512,-0.3020166,-39.57431,-28.42849,-47.65925
60.484719753,-74.3033300000001,-116.5045,-2.245092,0.9543551,-0.4825901,-0.2910219,-39.57431,-28.42849,-47.65925
60.494717598,-65.9348099999999,-130.4523,-1.330531,1.045988,-0.4300478,-0.2170159,-39.57431,-28.42849,-47.65925
60.504714966,-57.8739600000001,-140.8983,0.803446099999999,1.088269,-0.3732512,-0.2616118,-39.57431,-28.42849,-47.65925
60.514713287,-58.6123500000001,-147.9613,5.437224,1.50298,-0.4829421,0.6077448,-41.85018,-24.25444,-46.92377
60.524710178,-182.2941,-16.67382,33.72766,3.369948,-0.2728675,6.298534,-41.85018,-24.25444,-46.92377
60.5347085,-41.19845,76.5094,68.9077899999998,3.652416,-2.1325,3.151883,-41.85018,-24.25444,-46.92377
60.544706345,154.2311,-11.2134,11.90012,-0.3034533,-1.069017,-1.171172,-41.85018,-24.25444,-46.92377
60.554703713,167.5838,-80.6556699999997,-15.53672,-0.8009605,0.6740719,-0.9448661,-41.85018,-24.25444,-46.92377
60.564701557,85.8061400000002,-115.8516,-14.7441,0.91482,-0.7417137,0.6298941,-47.12553,-23.1424,-45.74329
60.574698925,169.8605,-92.6448500000001,-16.87807,0.819659,-0.0568731,0.7452204,-47.12553,-23.1424,-45.74329
60.58469677,285.3584,-75.90749,-32.48659,1.291442,0.814035,0.4804784,-47.12553,-23.1424,-45.74329
60.594695091,244.1311,-96.9775799999999,-27.91378,0.6086159,1.778108,0.358905,-47.12553,-23.1424,-45.74329
60.604692459,101.3125,-116.2077,-23.88971,0.7964386,2.407952,0.066484,-47.12553,-23.1424,-45.74329
60.614690304,-42.98291,-120.4218,-13.76857,1.265973,1.586191,-0.04850262,-48.63977,-23.48933,-40.46335
60.624687672,-131.4062,-121.7275,11.29042,1.150596,0.2596968,0.05541251,-48.63977,-23.48933,-40.46335
60.634685516,-159.8345,-121.7275,34.21542,1.09567,-0.7632781,-0.09832982,-48.63977,-23.48933,-40.46335
60.644683361,-125.3144,-128.375,44.21463,0.906644,-1.422107,-0.4208695,-48.63977,-23.48933,-40.46335
60.654680729,-51.6591,-127.544,34.09348,1.283615,-1.098485,-0.3345091,-50.78528,-29.54776,-35.22306
60.664678574,12.15086,-119.7095,9.58323599999998,1.401321,-0.6440617,-0.2630449,-50.78528,-29.54776,-35.22306
60.674675941,27.0419,-117.098,-6.39110400000002,1.195738,-0.2028981,-0.145549,-50.78528,-29.54776,-35.22306
60.684674263,8.64346799999999,-120.4218,-4.440039,1.019731,-0.1982943,-0.164865,-50.78528,-29.54776,-35.22306
60.694672108,3.105477,-123.8642,2.510627,1.039757,-0.4641975,-0.3241972,-50.78528,-29.54776,-35.22306
60.704669475,24.08831,-122.7365,3.120335,1.086102,-0.4665124,-0.305613,-55.0134,-25.3572,-30.82543
60.71466732,48.27087,-115.7923,-4.744893,1.075366,-0.2303498,-0.2300401,-55.0134,-25.3572,-30.82543
60.724664688,59.71605,-109.3822,-8.890904,0.9712607,-0.08433919,-0.2456892,-55.0134,-25.3572,-30.82543
60.734662533,57.9315800000002,-104.9308,-7.30566500000003,0.9477903,0.05142399,-0.174854,-55.0134,-25.3572,-30.82543
60.744659901,51.34753,-99.7671400000003,-3.220624,0.9897972,0.09944823,-0.1155961,-55.0134,-25.3572,-30.82543
60.754657745,44.70194,-95.6124699999998,0.4376215,1.025286,0.05205432,-0.1142101,-58.4286,-24.57004,-24.72699
60.764656067,43.77894,-94.6628299999998,4.827517,0.9671556,0.004511402,-0.2452263,-58.4286,-24.57004,-24.72699
60.774653435,44.94807,-90.1520499999998,2.998394,0.9764033,0.1342256,-0.2687261,-58.4286,-24.57004,-24.72699
60.784651279,39.22548,-86.2347899999999,2.937423,1.018897,0.1558387,-0.2290839,-58.4286,-24.57004,-24.72699
60.794648647,25.19591,-82.1394799999999,4.705575,1.085216,0.2053055,-0.2239479,-58.4286,-24.57004,-24.72699
60.804646492,10.9202,-78.3409299999999,8.60770299999997,1.098729,0.1603536,-0.2268314,-59.92265,-26.0515,-18.66697
60.814644337,-2.370981,-75.5513700000001,10.37586,1.080255,0.1067543,-0.2028566,-59.92265,-26.0515,-18.66697
60.824641705,-11.72403,-72.9398700000002,11.83915,1.053337,0.08816027,-0.1587759,-59.92265,-26.0515,-18.66697
60.834640026,-23.72301,-70.98124,12.75372,1.061757,0.003396502,-0.1468043,-59.92265,-26.0515,-18.66697
60.844636917,-34.799,-68.4884400000003,14.33895,1.09209,-0.08110537,-0.1535355,-59.92265,-26.0515,-18.66697
60.854635239,-36.02966,-65.8769300000001,12.75372,1.027383,-0.1669044,-0.2558159,-61.44697,-25.64862,-14.6811
60.864633083,-29.75327,-62.19709,10.4978,1.020218,-0.1213797,-0.2041289,-61.44697,-25.64862,-14.6811
60.874630451,-26.92274,-59.5855799999998,8.24187900000002,1.070164,-0.1073987,-0.1649763,-61.44697,-25.64862,-14.6811
60.884628296,-27.84574,-57.8050100000001,7.08343500000003,1.069884,-0.09301465,-0.1855583,-61.44697,-25.64862,-14.6811
60.894625664,-30.61473,-57.3895400000002,5.742078,1.051409,-0.09538484,-0.1922255,-61.44697,-25.64862,-14.6811
60.904623508,-29.50714,-54.18451,4.888487,1.108108,-0.1315471,-0.2306012,-62.60131,-24.86856,-11.40398
60.91462183,-21.81548,-49.79244,3.425189,1.075332,-0.07446505,-0.2942094,-62.60131,-24.86856,-11.40398
60.924619198,-25.26134,-47.35899,4.522663,1.052988,0.104227,-0.2607161,-62.60131,-24.86856,-11.40398
60.934617043,-28.09187,-47.29964,-3.159653,1.048541,-0.1527275,-0.2922282,-62.60131,-24.86856,-11.40398
60.94461441,-19.53875,-44.09461,0.620533899999998,1.074112,-0.0598398,-0.2334318,-62.60131,-24.86856,-11.40398
60.954612255,-21.75395,-42.96692,-0.05014454,1.048616,-0.07882778,-0.2884187,-63.3145,-24.09284,-9.026625
60.9646101,-21.87701,-41.54246,-2.428004,0.9826094,-0.1190993,-0.2983434,-63.3145,-24.09284,-9.026625
60.974607468,-21.63088,-41.00829,-1.818297,0.98734,-0.1374716,-0.2983469,-63.3145,-24.09284,-9.026625
60.984605789,-23.66148,-39.88059,-0.964705900000002,1.015435,-0.102305,-0.2864405,-63.3145,-24.09284,-9.026625
60.99460268,-27.10734,-39.40577,-1.757326,1.07348,-0.07921193,-0.2779333,-63.3145,-24.09284,-9.026625
61.004601002,-31.8454,-39.40577,-0.05014454,1.068072,-0.1539564,-0.2563687,-64.07301,-24.08104,-6.968176
61.014598846,-33.19913,-40.17735,0.864416900000002,0.9899055,-0.1169666,-0.240449,-64.07301,-24.08104,-6.968176
61.024596214,-34.6144,-39.82124,-0.2330568,0.9723549,-0.1426481,-0.2475904,-64.07301,-24.08104,-6.968176
61.034594059,-35.10666,-40.05865,0.4376215,0.9073747,-0.1074161,-0.239829,-64.07301,-24.08104,-6.968176
61.044591427,-38.12179,-42.25469,1.657037,0.8146636,-0.04910073,-0.2516468,-64.07301,-24.08104,-6.968176
61.054589272,-41.44458,-46.17194,1.778978,0.7024549,-0.01799916,-0.3275528,-63.72105,-23.30389,-5.356942
61.064587593,-39.47552,-50.56402,-0.1720861,0.6232436,0.02215666,-0.3350822,-63.72105,-23.30389,-5.356942
61.074584484,-35.59893,-56.14314,-3.220624,0.5685705,0.05308282,-0.3421735,-63.72105,-23.30389,-5.356942
61.084582806,-33.3222,-62.3751400000002,-5.964308,0.5398205,0.0793688,-0.3282515,-63.72105,-23.30389,-5.356942
61.094580174,-32.82993,-68.7258499999997,-9.01284600000001,0.5313,0.06457301,-0.3866191,-63.72105,-23.30389,-5.356942
61.104578018,-27.72267,-74.0082099999998,-13.40274,0.4982083,0.0866961,-0.4463891,-63.73596,-22.90991,-3.746463
61.114575863,-20.76942,-78.9344599999998,-15.65866,0.5250822,-0.01969668,-0.3952009,-63.73596,-22.90991,-3.746463
61.124573231,-8.955036,-79.1718699999998,-14.62216,0.5502695,-0.1177374,-0.4894991,-63.73596,-22.90991,-3.746463
61.134571075,7.41280299999999,-78.9344599999998,-14.13439,0.6056942,-0.1891617,-0.5020203,-63.73596,-22.90991,-3.746463
61.144568443,20.64245,-77.3319399999998,-14.07342,0.6319685,-0.1616097,-0.5216948,-63.73596,-22.90991,-3.746463
61.154566765,31.2877,-75.0172,-13.64662,0.6336797,-0.07201012,-0.5580927,-64.50323,-22.88121,0.3114958
61.16456461,29.6263,-73.1179199999999,-13.95148,0.6138014,-0.02437703,-0.5140412,-64.50323,-22.88121,0.3114958
61.174561977,24.82671,-71.1592900000003,-15.04895,0.5733557,-0.05130826,-0.5551214,-64.50323,-22.88121,0.3114958
61.184559822,23.84218,-69.6754800000001,-18.76817,0.6851771,-0.08623826,-0.4189131,-64.50323,-22.88121,0.3114958
61.19455719,27.47264,-76.9758300000002,-22.18253,1.246775,-0.4571065,-0.2092232,-64.50323,-22.88121,0.3114958
61.204555035,51.71673,-76.0855400000002,-22.42641,1.834731,-0.445735,-0.1839294,-64.13222,-23.60152,4.768853
61.214553356,72.7610899999999,-88.0153699999999,-22.97515,1.841963,0.08114509,-0.02758326,-64.13222,-23.60152,4.768853
61.224550247,60.02372,-99.1736099999998,-18.89011,1.254954,0.4317904,-0.1620873,-64.13222,-23.60152,4.768853
61.234548569,32.94909,-117.8696,-19.25594,1.11643,0.459708,-0.369555,-64.13222,-23.60152,4.768853
61.244545937,14.98139,-124.2203,-16.26837,1.014946,0.1517456,-0.5080858,-64.13317,-24.69519,10.38646
61.254543781,12.88926,-118.7005,-13.34177,0.8516064,-0.1331209,-0.6972439,-64.13317,-24.69519,10.38646
61.264541626,14.11993,-112.706,-12.2443,0.7182849,-0.1994424,-0.8592317,-64.13317,-24.69519,10.38646
61.274538994,5.25914,-107.4236,-11.45168,0.7134918,-0.07042296,-0.7161623,-64.13317,-24.69519,10.38646
61.284536839,-15.96982,-104.9901,-8.95187600000001,0.7592481,-0.03870096,-0.5879918,-64.13317,-24.69519,10.38646
61.294534206,-35.96813,-97.8678600000001,-5.415571,0.8312298,-0.08661522,-0.7221063,-62.70746,-25.39391,16.46421
61.304532528,-43.84438,-90.4488099999999,-5.29363,0.8004217,-0.1104598,-0.8713622,-62.70746,-25.39391,16.46421
61.314530373,-37.75259,-82.7923599999999,-8.76896300000003,0.7643071,-0.109463,-0.949786,-62.70746,-25.39391,16.46421
61.324527741,-31.107,-76.1448900000003,-15.7806,0.7298883,-0.09164996,-0.8937371,-62.70746,-25.39391,16.46421
61.334525585,-22.12315,-68.6665000000002,-21.81671,0.7607966,-0.1282989,-0.8765528,-62.70746,-25.39391,16.46421
61.344522953,-11.04717,-66.05499,-28.82834,0.8755912,-0.1662174,-0.7547063,-61.59653,-25.72497,21.3121
61.354520798,0.767214200000001,-58.6952899999999,-31.75494,0.8516898,-0.1661827,-0.8053936,-61.59653,-25.72497,21.3121
61.364518643,7.65893599999998,-54.36257,-32.60853,0.7856266,-0.04895421,-0.8622593,-61.59653,-25.72497,21.3121
61.37451601,6.305205,-49.67373,-32.24271,0.7607386,0.109164,-0.8411993,-61.59653,-25.72497,21.3121
61.384514332,-1.694115,-46.2313,-31.99882,0.7525515,0.1834663,-0.7756392,-61.59653,-25.72497,21.3121
61.3945117,-9.63190200000001,-43.14497,-32.0598,0.7792689,0.1622189,-0.7656302,-59.70378,-27.20835,24.17213
61.404509544,-14.86223,-40.94894,-32.60853,0.792048,0.1303729,-0.7685157,-59.70378,-27.20835,24.17213
61.414507389,-17.56969,-40.35541,-33.64503,0.8112699,0.0672128,-0.7556114,-59.70378,-27.20835,24.17213
61.424504757,-19.47722,-39.93995,-33.58406,0.810968,0.03115943,-0.7651731,-59.70378,-27.20835,24.17213
61.434502602,-19.29262,-39.70254,-34.98639,0.8844809,0.06084908,-0.759566,-59.70378,-27.20835,24.17213
61.44449997,-19.60028,-38.45613,-36.38872,0.9098081,0.112561,-0.7921667,-58.55685,-28.70445,26.1881
61.454497814,-21.13862,-37.44715,-38.40075,0.8793761,0.1496526,-0.8150948,-58.55685,-28.70445,26.1881
61.464496136,-23.35381,-35.48852,-39.98599,0.8348283,0.1860145,-0.8341696,-58.55685,-28.70445,26.1881
61.474493504,-27.53807,-32.5209,-42.18094,0.8183632,0.2058663,-0.8595105,-58.55685,-28.70445,26.1881
61.484491348,-30.86087,-29.13782,-43.03453,0.8356887,0.1917269,-0.8490084,-58.55685,-28.70445,26.1881
61.494488716,-31.8454,-22.72776,-43.27842,0.8487657,0.1958114,-0.8557323,-56.65219,-30.51515,27.82431
61.504486561,-35.22973,-18.92921,-44.5588,0.8666155,0.1797604,-0.8428378,-56.65219,-30.51515,27.82431
61.514484406,-36.52193,-14.41843,-45.90016,0.8931971,0.1394183,-0.848138,-56.65219,-30.51515,27.82431
61.524481773,-34.0606,-10.02635,-48.46093,0.991487,0.1216603,-0.8238974,-56.65219,-30.51515,27.82431
61.534480095,-30.86087,-6.88067700000001,-54.31412,1.083798,0.05988371,-0.764699,-56.65219,-30.51515,27.82431
61.544476986,-22.06161,-3.794354,-57.6065399999998,1.080369,0.06229926,-0.7058288,-55.08862,-33.55002,27.46465
61.554475308,-19.16955,-5.040754,-61.5696399999999,1.115417,0.03967622,-0.651805,-55.08862,-33.55002,27.46465
61.564473152,-17.44662,-5.515573,-60.1673199999997,1.21326,0.07138334,-0.6376264,-55.08862,-33.55002,27.46465
61.57447052,-18.36962,-5.100106,-61.8744999999999,1.35459,0.1501633,-0.5651495,-55.08862,-33.55002,27.46465
61.584468365,-22.92308,-6.46521000000002,-60.53314,1.483567,0.18736,-0.443347,-55.08862,-33.55002,27.46465
61.594465733,-24.89214,-4.803344,-58.8259599999998,1.45223,0.1978975,-0.3394441,-53.91383,-35.83025,26.71116
61.604463577,-26.30741,-4.091116,-58.64305,1.436805,0.1911019,-0.2523146,-53.91383,-35.83025,26.71116
61.614461899,-27.66114,-4.922049,-65.1059400000002,1.455755,0.1192177,-0.1302922,-53.91383,-35.83025,26.71116
61.624459267,-27.96881,-5.45622,-67.3618600000001,1.450049,-0.01861828,-0.1522613,-53.91383,-35.83025,26.71116
61.634457111,-14.55456,-7.94901899999999,-70.10555,1.338246,-0.08879168,-0.3037569,-53.91383,-35.83025,26.71116
61.644454479,-0.832649800000001,-12.81591,-72.3004899999997,1.162286,-0.08579735,-0.2867008,-51.23193,-38.48014,25.90631
61.654452324,15.35059,-16.02094,-78.8243600000002,1.069281,-0.06638253,-0.4066662,-51.23193,-38.48014,25.90631
61.664450169,33.25676,-14.47778,-77.42204,1.042381,0.01817937,-0.3477763,-51.23193,-38.48014,25.90631
61.674447536,44.39427,-7.889668,-76.14165,1.067115,0.02685199,-0.2501921,-51.23193,-38.48014,25.90631
61.684445381,58.4853799999999,-0.648678499999998,-72.9102,0.9432623,0.1843042,-0.3533892,-51.23193,-38.48014,25.90631
61.694442749,62.7927100000001,0.657073599999999,-73.9467,0.8427048,0.29519,-0.4446504,-50.05267,-41.13419,25.92885
61.70444107,59.2853199999997,-5.337515,-74.5564100000003,0.9082549,0.1491859,-0.5571925,-50.05267,-41.13419,25.92885
61.714438915,69.3767599999999,-7.53355299999998,-75.2880599999999,0.9989115,0.01751756,-0.5912955,-50.05267,-41.13419,25.92885
61.724436283,88.1444,-6.10909600000003,-79.1292200000001,1.039202,-0.02189389,-0.4185897,-50.05267,-41.13419,25.92885
61.734434128,108.2042,-4.981401,-83.70203,1.022058,-0.04085442,-0.3295397,-50.05267,-41.13419,25.92885
61.744431496,120.4493,-8.60189500000002,-83.5191099999999,0.9717145,-0.08459873,-0.328005,-47.43116,-41.11124,26.33532
61.75442934,128.2025,-13.52814,-81.50708,0.8983786,-0.09853393,-0.3647239,-47.43116,-41.11124,26.33532
61.764427662,133.0021,-19.76014,-74.80029,0.8457825,-0.2343703,-0.5445418,-47.43116,-41.11124,26.33532
61.774424553,140.9399,-35.0137,-69.0080699999998,0.8440491,-0.3657342,-1.194411,-47.43116,-41.11124,26.33532
61.784422874,144.3242,-53.53164,-65.1669199999998,0.9110453,-0.1416062,-1.06202,-47.43116,-41.11124,26.33532
61.794420242,122.7876,-57.5676000000001,-67.9715699999999,1.014885,0.2616612,-0.39182,-45.19343,-41.07366,28.80301
61.804418087,74.7916900000001,-49.49568,-61.2647900000002,0.9409933,0.4879387,-0.3041701,-45.19343,-41.07366,28.80301
61.814415932,16.76585,-49.9705,-57.7284899999999,0.7492504,0.7276287,-0.5666358,-45.19343,-41.07366,28.80301
61.8244133,-51.96677,-54.30322,-46.87569,0.7241777,0.4758373,-0.7325932,-45.19343,-41.07366,28.80301
61.834411144,-104.27,-53.29423,-28.76737,0.7935333,0.07678204,-0.7866904,-42.60455,-39.8922,31.26741
61.844408512,-115.8998,-44.21331,-14.56119,0.8287249,-0.1626831,-0.7981759,-42.60455,-39.8922,31.26741
61.854406834,-98.97816,-29.96875,-11.8175,0.7738996,-0.2516198,-0.7339283,-42.60455,-39.8922,31.26741
61.864404678,-70.1805999999999,-19.28532,-21.63379,0.7089445,-0.2443273,-0.7524813,-42.60455,-39.8922,31.26741
61.874402046,-39.90625,-14.29972,-35.53513,0.6405074,-0.2083243,-0.8121933,-42.60455,-39.8922,31.26741
61.884399891,-12.33936,-13.7062,-47.11957,0.5877506,-0.1775893,-0.8972958,-40.38085,-41.0441,28.0647
61.894397259,7.28973700000001,-11.39146,-58.7040199999999,0.5691801,-0.07110168,-0.9030337,-40.38085,-41.0441,28.0647
61.904395103,21.07318,-5.69363,-66.4473000000001,0.5822746,-0.0672396,-0.8810431,-40.38085,-41.0441,28.0647
61.914392948,33.99516,3.387283,-72.97117,0.5750659,-0.07280195,-0.8891649,-40.38085,-41.0441,28.0647
61.924390316,42.73288,12.52755,-79.0072800000003,0.5680211,-0.08712117,-0.8987204,-40.38085,-41.0441,28.0647
61.934388638,47.16327,23.50773,-83.0923199999997,0.5548026,-0.1104804,-0.9269274,-38.83971,-42.57498,25.63292
61.944386005,50.05533,36.62461,-87.90901,0.4931661,-0.1254458,-0.9952524,-38.83971,-42.57498,25.63292
61.95438385,52.14746,47.66415,-95.0425900000001,0.4438099,-0.1446771,-1.025312,-38.83971,-42.57498,25.63292
61.964381695,53.80886,57.8134,-104.554,0.3716577,-0.1946485,-1.019909,-38.83971,-42.57498,25.63292
61.974379063,57.5623900000001,67.1317200000001,-114.8581,0.4078814,-0.255858,-1.042928,-38.83971,-42.57498,25.63292
61.984376907,59.9006499999999,78.52737,-124.7963,0.3464239,-0.2526944,-1.042343,-35.07039,-43.68465,26.05381
61.994374275,62.2389099999998,86.4212399999998,-135.893,0.313094,-0.3726059,-1.06379,-35.07039,-43.68465,26.05381
62.00437212,71.7150300000001,95.2647500000001,-144.185,0.3039742,-0.4321806,-1.075723,-35.07039,-43.68465,26.05381
62.014370441,86.7906700000002,104.405,-150.526,0.2708874,-0.4611944,-1.094801,-35.07039,-43.68465,26.05381
62.024367809,100.8818,110.7557,-154.2452,0.2603428,-0.4706838,-1.100044,-35.07039,-43.68465,26.05381
62.034365654,111.2809,117.3438,-153.8184,0.2440808,-0.4350279,-1.098111,-32.01572,-46.32791,25.70325
62.044363022,117.3111,123.2197,-153.5135,0.2320225,-0.390271,-1.119637,-32.01572,-46.32791,25.70325
62.054360867,117.988,126.8996,-151.2576,0.2364932,-0.3944114,-1.103851,-32.01572,-46.32791,25.70325
62.064358711,116.2651,130.8762,-144.6118,0.2549387,-0.4163125,-1.094306,-32.01572,-46.32791,25.70325
62.074356079,116.0805,134.0812,-137.2344,0.2523522,-0.4343874,-1.099082,-32.01572,-46.32791,25.70325
62.084354401,117.988,136.2179,-130.1008,0.2616272,-0.4615397,-1.112492,-28.60122,-48.57438,26.96595
62.094352245,122.9107,137.583,-123.5769,0.2744148,-0.41464,-1.059883,-28.60122,-48.57438,26.96595
62.104349613,126.0489,139.2449,-118.2115,0.285508,-0.3029551,-0.9867089,-28.60122,-48.57438,26.96595
62.114347458,125.2489,141.3222,-111.6266,0.3014547,-0.1894094,-0.8800435,-28.60122,-48.57438,26.96595
62.124344826,116.6343,143.1028,-103.4566,0.3338968,-0.09862701,-0.8006798,-28.60122,-48.57438,26.96595
62.13434267,101.4356,145.6549,-93.0305600000002,0.3704656,-0.07191619,-0.7222639,-25.95363,-50.06249,28.60603
62.144340992,85.0677399999999,147.9697,-81.8729000000003,0.3908753,-0.04199678,-0.683064,-25.95363,-50.06249,28.60603
62.154337883,67.4076999999999,148.2071,-66.8131300000001,0.455665,-0.0149355,-0.6803125,-25.95363,-50.06249,28.60603
62.164336205,58.42385,152.0056,-56.69198,0.4686784,-0.08360219,-0.6185812,-25.95363,-50.06249,28.60603
62.174333572,45.87107,152.6585,-43.58327,0.5283536,-0.1195897,-0.5382751,-25.95363,-50.06249,28.60603
62.184331417,42.54827,156.6351,-31.87688,0.5865582,-0.1038386,-0.4828658,-25.2112,-50.04325,30.2241
62.194329262,44.02507,164.3509,-23.82874,0.626395,-0.07069872,-0.4523149,-25.2112,-50.04325,30.2241
62.20432663,48.517,171.6512,-17.48778,0.6668173,-0.01576662,-0.3782203,-25.2112,-50.04325,30.2241
62.214324474,50.42453,180.6135,-11.93944,0.7151487,0.03367466,-0.2840378,-25.2112,-50.04325,30.2241
62.224321842,50.7322,190.4066,-7.12275300000002,0.741241,0.07250155,-0.2395857,-25.2112,-50.04325,30.2241
62.234320164,47.53247,200.081,-1.26956,0.7578397,0.09731518,-0.2190422,-27.80009,-51.22471,27.75971
62.244318008,44.70194,208.5684,3.608101,0.7697545,0.1116955,-0.2133238,-27.80009,-51.22471,27.75971
62.254315376,41.87141,219.1925,8.18090799999998,0.8062037,0.09032018,-0.2382678,-27.80009,-51.22471,27.75971
62.264313221,41.19455,229.9946,13.60731,0.8560001,0.05911783,-0.2507895,-27.80009,-51.22471,27.75971
62.274310589,41.74834,241.0342,19.09467,0.8961594,0.0217534,-0.2786073,-27.80009,-51.22471,27.75971
62.284308434,45.25574,252.2518,24.58204,0.943427,-0.03111722,-0.3169622,-31.89792,-51.60693,23.66729
62.294306278,52.14746,261.8669,29.4597,0.9946335,-0.06003747,-0.34863,-31.89792,-51.60693,23.66729
62.304303646,59.59298,270.3542,32.99601,1.061752,-0.07906391,-0.3425207,-31.89792,-51.60693,23.66729
62.314301968,68.5153,278.2481,35.86163,1.135175,-0.1214173,-0.2971731,-31.89792,-51.60693,23.66729
62.324298859,77.9914200000002,287.2697,37.8127,1.178769,-0.1081891,-0.3264455,-31.89792,-51.60693,23.66729
62.33429718,85.5600099999998,294.6294,37.62978,1.200701,-0.03197176,-0.3820183,-38.98981,-51.71485,17.16443
62.344295025,88.02133,298.5466,36.04454,1.247911,0.07492254,-0.3792566,-38.98981,-51.71485,17.16443
62.354292393,81.3757500000003,298.606,35.3129,1.28189,0.1852588,-0.396573,-38.98981,-51.71485,17.16443
62.364290238,65.5617099999999,293.7391,36.65425,1.345443,0.2528788,-0.3665509,-38.98981,-51.71485,17.16443
62.374287605,45.13267,287.9819,40.49541,1.380818,0.2904137,-0.324029,-38.98981,-51.71485,17.16443
62.38428545,23.04224,282.4028,45.61695,1.348525,0.3240241,-0.2986168,-44.88945,-51.52033,7.895168
62.394283772,4.336142,275.874,47.68996,1.284224,0.3490954,-0.2875039,-44.88945,-51.52033,7.895168
62.404281139,-12.5855,265.2499,45.12919,1.224175,0.3560482,-0.2476792,-44.88945,-51.52033,7.895168
62.414278984,-27.35347,252.0737,40.61735,1.174041,0.2754641,-0.2365638,-44.88945,-51.52033,7.895168
62.424276829,-33.44526,240.1439,34.21542,1.18346,0.1363507,-0.2714805,-48.938,-52.7281,-3.868729
62.434274197,-28.338,227.7392,26.47214,1.177686,-0.02465046,-0.3288581,-48.938,-52.7281,-3.868729
62.444272041,-10.06263,210.5271,19.64341,1.183856,-0.1470131,-0.3848307,-48.938,-52.7281,-3.868729
62.454269409,13.31999,192.4246,12.69274,1.183288,-0.09132965,-0.4054228,-48.938,-52.7281,-3.868729
62.464267731,22.67304,172.6009,8.668674,1.103077,0.1321248,-0.4000762,-48.938,-52.7281,-3.868729
62.474265576,3.597743,146.2484,6.59566799999998,1.006893,0.3515263,-0.3253072,-49.70361,-49.47688,-16.08276
62.484262943,-38.92172,114.5543,9.27838200000003,0.9432493,0.472149,-0.2821554,-49.70361,-49.47688,-16.08276
62.494260788,-88.8251699999999,82.5039900000002,16.77778,0.8403493,0.4235524,-0.3255139,-49.70361,-49.47688,-16.08276
62.504258156,-134.2367,54.37097,25.13078,0.7219389,0.2426716,-0.2941535,-49.70361,-49.47688,-16.08276
62.514256001,-163.8957,29.79909,31.53271,0.7068927,0.05916212,-0.2423938,-49.70361,-49.47688,-16.08276
62.524253845,-174.1102,10.2128,34.09348,0.7456882,-0.08546786,-0.2003095,-47.02325,-50.66309,-23.73275
62.534251213,-165.3725,-5.81233500000002,32.50824,0.7922713,-0.2293615,-0.1477103,-47.02325,-50.66309,-23.73275
62.544249535,-141.0669,-18.33569,28.97194,0.7977214,-0.3102516,-0.07782687,-47.02325,-50.66309,-23.73275
62.554246903,-109.6849,-27.71336,23.60651,0.7602718,-0.3371427,0.03806074,-47.02325,-50.66309,-23.73275
62.564244747,-75.9647299999999,-34.95435,17.81429,0.7500696,-0.3372732,0.09885772,-47.02325,-50.66309,-23.73275
62.574242592,-40.95232,-43.38238,13.36342,0.7533746,-0.3319985,0.08401475,-47.78017,-48.82851,-31.03699
62.58423996,-13.57003,-50.02985,11.77818,0.7971321,-0.3003442,0.1030734,-47.78017,-48.82851,-31.03699
62.594237805,2.982411,-55.60897,12.08304,0.7930357,-0.2384088,0.08296435,-47.78017,-48.82851,-31.03699
62.604235172,14.91986,-65.0459999999999,11.41236,0.725458,-0.2495568,-0.03320896,-47.78017,-48.82851,-31.03699
62.614233017,26.61117,-76.3229500000002,12.5708,0.7317095,-0.3250359,-0.1169512,-47.78017,-48.82851,-31.03699
62.624231338,35.41042,-87.8966600000001,14.0341,0.7631766,-0.3415021,-0.1787381,-48.99088,-44.65303,-31.06764
62.634228706,42.54827,-102.2006,13.72925,0.8153299,-0.2897013,-0.1534779,-48.99088,-44.65303,-31.06764
62.644226551,-10.98563,-48.8428,20.07021,1.971998,-0.1109756,2.535972,-48.99088,-44.65303,-31.06764
62.654224396,-9.38576900000002,15.96998,33.78863,2.674433,-0.7863726,3.042212,-48.99088,-44.65303,-31.06764
62.664221764,107.4043,-5.100106,19.88729,0.8932199,-0.1498529,0.09138127,-48.99088,-44.65303,-31.06764
62.674219608,142.6628,-55.25286,-2.488975,0.33501,0.418616,-0.5691841,-51.97147,-46.16971,-27.85676
62.684216976,122.9722,-89.7365900000001,-12.00041,0.7465193,0.2906843,0.01351567,-51.97147,-46.16971,-27.85676
62.694215298,118.2957,-92.4667999999999,-14.3173,1.255565,-0.05384442,0.4003636,-51.97147,-46.16971,-27.85676
62.704213142,189.6742,-85.4632200000001,-23.40195,1.322161,-0.02503998,0.1652592,-51.97147,-46.16971,-27.85676
62.71421051,231.2707,-90.0333500000002,-28.40155,0.9151974,0.5268359,0.2840349,-51.97147,-46.16971,-27.85676
62.724208355,210.1648,-102.3786,-27.42602,0.8703628,0.7591835,0.229017,-54.22117,-47.27971,-22.19133
62.734205723,167.2146,-114.3085,-19.92661,1.027658,0.7882152,0.1411559,-54.22117,-47.27971,-22.19133
62.744203567,115.5267,-121.9649,-11.93944,1.192046,0.7786838,0.1250787,-54.22117,-47.27971,-22.19133
62.754201412,55.47026,-127.8408,0.5595631,1.196495,0.5663836,0.06865366,-54.22117,-47.27971,-22.19133
62.76419878,4.028476,-138.0494,19.76535,1.028679,0.07879551,-0.1199658,-54.22117,-47.27971,-22.19133
62.774197102,-19.41569,-151.285,35.19096,1.121104,-0.1238179,-0.2636476,-55.3024,-51.75326,-10.43628
62.784194469,-11.60097,-150.0386,36.3494,1.219093,0.11065,-0.130356,-55.3024,-51.75326,-10.43628
62.794192314,-16.89282,-144.1033,30.31329,1.061414,0.2294447,-0.1368118,-55.3024,-51.75326,-10.43628
62.804190159,-48.89011,-148.0206,37.56881,0.9003149,-0.1540187,-0.537479,-55.3024,-51.75326,-10.43628
62.814187527,-74.0571999999997,-155.499,52.14083,1.001712,-0.4401251,-0.4787172,-55.3024,-51.75326,-10.43628
62.824185371,-50.1823,-146.5961,50.98238,1.158018,-0.4861961,-0.4875922,-56.80927,-52.78389,-3.540119
62.834182739,-10.80103,-135.2005,35.19096,1.068656,-0.2129904,-0.3362767,-56.80927,-52.78389,-3.540119
62.844180584,-7.29363900000002,-125.348,26.53311,1.011992,-0.1259649,-0.2624996,-56.80927,-52.78389,-3.540119
62.854178905,-5.078443,-116.6826,20.9238,1.011141,-0.2145049,-0.4304555,-56.80927,-52.78389,-3.540119
62.864176273,9.19726699999998,-106.2959,17.9972,1.036354,-0.07555098,-0.3285986,-56.80927,-52.78389,-3.540119
62.874174118,14.48913,-97.9272199999999,13.97313,1.065607,0.05407783,-0.2985327,-59.11887,-50.9177,1.72242
62.884171963,16.02746,-89.9739899999998,10.31489,1.06833,0.0889474,-0.3703328,-59.11887,-50.9177,1.72242
62.894169331,13.87379,-81.5459600000003,9.58323599999998,1.077243,0.05723653,-0.2971181,-59.11887,-50.9177,1.72242
62.904167175,12.88926,-74.9578499999999,11.77818,1.098748,0.02888654,-0.2555121,-59.11887,-50.9177,1.72242
62.914164543,12.64313,-67.6574999999998,11.71721,1.093221,0.06302039,-0.2837473,-59.11887,-50.9177,1.72242
62.924162865,3.474676,-62.0783800000001,12.5708,1.098943,0.1485461,-0.2431003,-59.15914,-50.10959,7.329891
62.936659813,-11.78556,-55.01545,13.97313,1.174043,0.1465151,-0.2025517,-59.15914,-50.10959,7.329891
62.944158077,-20.89248,-51.69172,16.04613,1.198534,0.113276,-0.2236432,-59.15914,-50.10959,7.329891
62.956655502,-33.99906,-45.75648,19.21662,1.143562,0.08182031,-0.2498609,-59.15914,-50.10959,7.329891
62.96415329,-38.92172,-39.52448,18.60691,1.149425,0.05454358,-0.2694858,-59.15914,-50.10959,7.329891
62.976650715,-43.96745,-31.33385,17.93623,1.163402,0.03685305,-0.2680699,-59.93845,-49.32727,10.54529
62.984149456,-46.79797,-26.88243,17.69235,1.212427,0.04860541,-0.2049863,-59.93845,-49.32727,10.54529
62.996645927,-52.52057,-23.6774,15.19255,1.172969,0.09981281,-0.2058878,-59.93845,-49.32727,10.54529
63.004144669,-57.93549,-23.49934,14.0341,1.113899,0.07974669,-0.2000368,-59.93845,-49.32727,10.54529
63.014142036,-62.9812199999998,-24.80509,13.36342,1.043196,-0.02109715,-0.1812231,-59.93845,-49.32727,10.54529
63.024139881,-61.6274800000003,-23.6774,12.02207,1.008648,-0.1278334,-0.194057,-59.93845,-49.32727,10.54529
63.036637306,-56.88943,-21.95618,9.70517700000002,0.9928982,-0.1714065,-0.195454,-59.93845,-49.32727,10.54529
63.046634674,-59.1661499999998,-22.07488,8.668674,0.9960115,-0.1551642,-0.1796706,-59.93845,-49.32727,10.54529
63.056632519,-62.2428200000002,-23.20258,7.87605399999997,0.9885209,-0.223344,-0.17964,-59.93845,-49.32727,10.54529
63.066630363,-62.0582200000003,-23.7961,6.22984400000002,0.9650021,-0.2180836,-0.2442081,-60.6983,-48.58253,9.310165
63.076627731,-65.1964100000002,-24.33027,5.193341,0.9390998,-0.1879152,-0.2369921,-60.6983,-48.58253,9.310165
63.086625576,-68.5192000000001,-24.62704,4.644604,0.9117653,-0.1855923,-0.242688,-60.6983,-48.58253,9.310165
63.096623898,-68.0269399999999,-24.9238,3.669072,0.8978432,-0.1964572,-0.2316536,-60.6983,-48.58253,9.310165
63.106620789,-63.1042800000002,-25.45797,2.083832,0.9073322,-0.2090051,-0.2426742,-60.6983,-48.58253,9.310165
63.11661911,-56.27409,-26.46696,-0.1720861,0.9098157,-0.1856703,-0.2469917,-59.93418,-48.97034,7.769748
63.126616478,-47.90557,-27.4166,-1.574414,0.9056407,-0.1977312,-0.2814388,-59.93418,-48.97034,7.769748
63.136614323,-40.33699,-28.54429,-3.70839,0.8844458,-0.159472,-0.3029476,-59.93418,-48.97034,7.769748
63.146612167,-35.90659,-30.38422,-4.013244,0.9051638,-0.1717751,-0.258473,-59.93418,-48.97034,7.769748
63.156609535,-31.53773,-32.10543,-3.220624,0.9116951,-0.1567486,-0.2766741,-59.93418,-48.97034,7.769748
63.16660738,-27.16887,-33.94535,-3.952273,0.917061,-0.1058863,-0.3058897,-59.5673,-48.58717,7.7705
63.176604748,-26.73814,-34.53888,-5.232659,0.9200255,-0.05554327,-0.2805433,-59.5673,-48.58717,7.7705
63.186603069,-25.50747,-34.53888,-6.26916200000001,0.912284,-0.03304558,-0.3011144,-59.5673,-48.58717,7.7705
63.196600914,-22.67695,-34.00471,-7.91537200000002,0.8735524,-0.02157987,-0.3450789,-59.5673,-48.58717,7.7705
63.206598282,-17.87736,-33.58924,-9.31770000000002,0.8588932,-0.04586924,-0.3656258,-59.5673,-48.58717,7.7705
63.216596127,-12.9547,-32.34284,-10.04935,0.8420859,-0.05947087,-0.3818646,-59.55157,-49.34788,7.774556
63.226593971,-10.86257,-31.74932,-10.29323,0.827142,-0.06798764,-0.3775291,-59.55157,-49.34788,7.774556
63.236591339,-13.5085,-33.64859,-10.29323,0.8097561,-0.1272651,-0.3391975,-59.55157,-49.34788,7.774556
63.246589184,-15.35449,-36.31945,-9.98837900000002,0.8222296,-0.2201527,-0.3210095,-59.55157,-49.34788,7.774556
63.256586552,-12.89316,-39.10901,-8.70799300000002,0.8456264,-0.2720318,-0.3057224,-59.55157,-49.34788,7.774556
63.266584873,-8.70890300000002,-43.38238,-8.64702100000002,0.8382849,-0.2445396,-0.3124168,-58.78976,-50.09643,8.558177
63.276582718,-6.862906,-48.24928,-9.07381699999998,0.8032427,-0.1953335,-0.3291185,-58.78976,-50.09643,8.558177
63.286580086,-8.89350299999999,-55.37156,-8.95187600000001,0.7702965,-0.1273965,-0.3214214,-58.78976,-50.09643,8.558177
63.296577931,-13.5085,-61.1880999999999,-8.22022599999998,0.733057,-0.06365017,-0.2845225,-58.78976,-50.09643,8.558177
63.306575298,-18.67729,-67.2420299999998,-7.91537200000002,0.6810786,-0.02051345,-0.2906645,-58.78976,-50.09643,8.558177
63.316573143,-21.44628,-71.7528200000001,-7.976343,0.6212648,0.02347888,-0.3456078,-58.42545,-50.07346,10.94747
63.326571465,-19.84642,-73.65209,-9.62255399999997,0.6258298,0.03790512,-0.4250631,-58.42545,-50.07346,10.94747
63.336568356,-11.90863,-73.1772800000002,-12.06138,0.6056195,0.04854994,-0.4925098,-58.42545,-50.07346,10.94747
63.346566677,-5.509175,-76.1448900000003,-12.79303,0.6118425,0.0560463,-0.4303077,-58.42545,-50.07346,10.94747
63.356564045,3.905409,-77.6880600000002,-13.34177,0.7407044,-0.03163404,-0.3601591,-58.42545,-50.07346,10.94747
63.36656189,19.90405,-78.81575,-13.70759,0.7777525,-0.03311342,-0.3894164,-57.68221,-50.42095,14.18007
63.376559734,35.04122,-80.9524400000001,-12.79303,0.825314,-0.0494098,-0.4143811,-57.68221,-50.42095,14.18007
63.386557102,48.08627,-78.40028,-17.42681,0.860737,-0.06934853,-0.4924456,-57.68221,-50.42095,14.18007
63.396554947,66.23857,-77.3913000000001,-22.42641,0.8205581,-0.005411227,-0.4813848,-57.68221,-50.42095,14.18007
63.406553269,69.5613599999998,-80.2401999999998,-23.40195,0.8964676,0.0292792,-0.3594892,-57.68221,-50.42095,14.18007
63.416550636,72.0842299999999,-79.5873300000001,-24.7433,0.8889624,0.03834531,-0.4145146,-56.54562,-51.83622,18.25971
63.426548481,69.0691000000003,-81.6646700000001,-26.6334,0.7662557,0.108841,-0.5172127,-56.54562,-51.83622,18.25971
63.436545849,60.70058,-83.9794099999999,-28.15767,0.7847819,0.02969592,-0.5502464,-56.54562,-51.83622,18.25971
63.446543694,56.02406,-82.5549499999998,-26.93825,0.8308915,-0.03762136,-0.5187235,-56.54562,-51.83622,18.25971
63.456541538,52.20899,-83.9794099999999,-24.86525,1.029707,-0.08877925,-0.485078,-55.08508,-51.44644,25.55768
63.466538906,50.05533,-87.42184,-24.56039,1.248558,-0.01165,-0.388807,-55.08508,-51.44644,25.55768
63.476536751,42.11754,-91.7545600000001,-20.29244,1.167398,0.1325553,-0.3858312,-55.08508,-51.44644,25.55768
63.486534119,32.39529,-99.8264800000001,-17.30487,1.23219,0.1573736,-0.4687442,-55.08508,-51.44644,25.55768
63.49653244,29.38017,-100.5981,-18.7072,1.295165,0.2772812,-0.617722,-55.08508,-51.44644,25.55768
63.506530285,26.36504,-99.7077900000002,-16.26837,1.097512,0.3694426,-0.6867947,-53.23369,-51.75444,32.47514
63.516527653,10.98173,-100.0639,-13.09789,1.012215,0.29071,-0.7689408,-53.23369,-51.75444,32.47514
63.526525498,-1.324916,-97.1556300000001,-10.11032,0.9442481,0.1723465,-0.8118637,-53.23369,-51.75444,32.47514
63.536523342,-14.43149,-93.3570800000001,-8.70799300000002,0.8680508,0.1307711,-0.7830056,-53.23369,-51.75444,32.47514
63.54652071,-26.24587,-89.4991800000001,-6.57401600000003,0.8557421,0.03311147,-0.8078449,-53.23369,-51.75444,32.47514
63.556519032,-35.66046,-81.1304899999998,-6.20819099999998,0.7498291,-0.06348715,-0.8861219,-50.2425,-52.3884,37.33863
63.566515923,-41.13692,-73.2959799999998,-8.40313799999999,0.7282703,-0.2660657,-0.9391541,-50.2425,-52.3884,37.33863
63.576514244,-31.72233,-60.83198,-10.04935,0.6816475,-0.2741883,-0.9294992,-50.2425,-52.3884,37.33863
63.586512089,-24.03068,-50.56402,-13.70759,0.6757765,-0.2215077,-0.948167,-50.2425,-52.3884,37.33863
63.596509457,-14.67763,-43.32303,-19.7437,0.7561823,-0.1683689,-0.8908918,-50.2425,-52.3884,37.33863
63.606507301,-4.093911,-35.96334,-25.59689,0.8150297,-0.1095625,-0.8579877,-47.64575,-51.5873,39.80505
63.616505623,1.997879,-31.63061,-29.01126,0.8491693,-0.006541955,-0.8255306,-47.64575,-51.5873,39.80505
63.626502514,0.0903486900000002,-29.01911,-30.90135,0.8904878,0.07701165,-0.8117455,-47.64575,-51.5873,39.80505
63.636500835,-4.278511,-28.12883,-32.54756,0.9425646,0.1069436,-0.7864794,-47.64575,-51.5873,39.80505
63.646498203,-8.093571,-25.81408,-32.6695,0.9500194,0.1250268,-0.7912828,-47.64575,-51.5873,39.80505
63.656496048,-13.26236,-24.38963,-32.97436,0.9472015,0.145407,-0.7884117,-45.00066,-52.70541,40.2176
63.666493893,-17.01589,-22.07488,-33.94989,0.9384682,0.1688789,-0.8065884,-45.00066,-52.70541,40.2176
63.67649126,-22.73848,-20.70978,-34.68154,0.9787828,0.1504527,-0.7832037,-45.00066,-52.70541,40.2176
63.686489105,-25.01521,-17.97957,-36.20581,0.992445,0.1755451,-0.7789268,-45.00066,-52.70541,40.2176
63.696486473,-27.35347,-16.31771,-42.36385,1.151299,0.1509727,-0.7275112,-45.00066,-52.70541,40.2176
63.706484795,-25.56901,-13.8249,-50.04617,1.147675,0.0849973,-0.7073876,-42.72245,-54.20668,40.62939
63.716482639,-20.21562,-13.35009,-54.13121,0.9992983,0.07338999,-0.6463469,-42.72245,-54.20668,40.62939
63.726480007,-19.29262,-15.0713,-53.39956,1.002713,0.02155383,-0.6362894,-42.72245,-54.20668,40.62939
63.736477852,-21.07708,-15.13066,-51.75335,1.165857,0.05387748,-0.5896816,-42.72245,-54.20668,40.62939
63.74647522,-26.55354,-13.76555,-52.30209,1.343487,0.06691809,-0.5574515,-42.72245,-54.20668,40.62939
63.756473064,-32.82993,-10.61988,-52.30209,1.36369,0.1073267,-0.5397898,-39.73442,-56.47714,39.43784
63.766470909,-40.09085,-10.44182,-50.29005,1.340172,0.09081038,-0.4354149,-39.73442,-56.47714,39.43784
63.776468277,-50.61304,-10.44182,-48.88773,1.287273,0.05637316,-0.3142341,-39.73442,-56.47714,39.43784
63.786466598,-57.93549,-10.14506,-49.19258,1.264723,0.01173328,-0.3113118,-39.73442,-56.47714,39.43784
63.796464443,-58.92002,-11.74757,-48.58287,1.321173,-0.03397978,-0.2247762,-39.73442,-56.47714,39.43784
63.806461811,-56.45869,-16.67382,-48.27802,1.306524,-0.05639346,-0.146737,-36.6727,-59.13402,37.47477
63.816459656,-51.96677,-22.60905,-52.24112,1.237401,-0.1386272,-0.1686098,-36.6727,-59.13402,37.47477
63.826457024,-33.876,-27.35724,-54.00927,1.156883,-0.1891089,-0.3598869,-36.6727,-59.13402,37.47477
63.836454868,-10.7395,-29.31587,-55.41159,1.035199,-0.06809357,-0.413785,-36.6727,-59.13402,37.47477
63.84645319,1.997879,-27.47595,-53.76538,1.117377,0.02523735,-0.163657,-36.6727,-59.13402,37.47477
63.856450081,12.76619,-19.64144,-51.81432,1.15199,0.1286259,-0.1450795,-33.609,-61.79471,35.0602
63.866448402,14.24299,-17.97957,-49.49743,1.016234,0.2705332,-0.2750521,-33.609,-61.79471,35.0602
63.87644577,5.62834,-22.13424,-51.20461,0.9554399,0.237373,-0.3156165,-33.609,-61.79471,35.0602
63.886443615,7.04360400000002,-22.72776,-53.9483,0.9925477,0.04899843,-0.4300124,-33.609,-61.79471,35.0602
63.89644146,22.24231,-19.16662,-55.65548,1.012893,-0.07465508,-0.4453305,-33.609,-61.79471,35.0602
63.906438827,45.31727,-8.83930499999998,-60.6550799999999,1.040084,-0.06679174,-0.3353074,-30.20737,-62.92082,33.8658
63.916436672,69.1921700000003,5.998787,-64.1913800000001,0.9349408,-0.02073892,-0.3327431,-30.20737,-62.92082,33.8658
63.926434994,81.6834099999999,11.99338,-65.34982,0.7234885,0.07694407,-0.5118657,-30.20737,-62.92082,33.8658
63.936432362,79.7758799999998,8.19482400000001,-63.33779,0.7088745,0.04790393,-0.626691,-30.20737,-62.92082,33.8658
63.946430206,77.9914200000002,2.793759,-56.38713,0.6492282,0.02964985,-0.7400048,-30.20737,-62.92082,33.8658
63.956427574,77.8068199999997,-12.28174,-50.04617,0.4783166,-0.06641864,-1.203422,-26.45325,-63.63597,35.96168
63.966425419,74.7916900000001,-39.58383,-45.29045,0.8291519,-0.09687338,-1.412685,-26.45325,-63.63597,35.96168
63.976423264,51.77826,-27.83206,-38.88852,1.383658,-0.2577555,0.4092858,-26.45325,-63.63597,35.96168
63.986420631,31.84149,24.63543,-1.940238,1.487171,-0.9060891,0.8658338,-26.45325,-63.63597,35.96168
63.996418476,57.6854499999998,44.04366,4.27878,0.830335,-0.07489312,-0.07746575,-23.8565,-62.83487,38.4281
64.006416798,50.1784,28.19657,-8.829934,0.7995636,0.3850148,-0.5187777,-23.8565,-62.83487,38.4281
64.016414166,-1.509515,6.05813900000001,-5.415571,1.037398,0.2733155,-0.7594087,-23.8565,-62.83487,38.4281
64.02641201,-51.53603,-7.53355299999998,6.22984400000002,1.20103,0.06874769,-0.845785,-23.8565,-62.83487,38.4281
64.036409378,-66.9193399999999,-6.70261999999998,19.21662,1.153346,-0.1924037,-0.7647553,-23.8565,-62.83487,38.4281
64.046407223,-58.5508200000002,-4.031764,21.47253,1.026003,-0.1564811,-0.7061563,-22.76961,-60.92847,37.9748
64.056405067,-46.55184,-4.981401,18.48497,0.9404789,-0.04045542,-0.7462373,-22.76961,-60.92847,37.9748
64.066402435,-38.24486,-8.30513400000001,9.58323599999998,0.9160342,-0.03755966,-0.8017104,-22.76961,-60.92847,37.9748
64.076400757,-32.52227,-8.83930499999998,-0.3549984,0.983879,-0.09711203,-0.8712069,-22.76961,-60.92847,37.9748
64.086398602,-24.89214,-6.34650599999999,-9.68352500000001,1.000647,-0.08396833,-0.9578617,-22.76961,-60.92847,37.9748
64.096395969,-16.76976,-2.132488,-19.56079,0.9689018,-0.05615401,-1.035821,-23.87356,-61.34123,35.13047
64.106393814,-5.93990799999998,2.912464,-32.73047,0.8803476,0.01365609,-1.074928,-23.87356,-61.34123,35.13047
64.116391182,8.76653499999999,9.916043,-43.46133,0.8274234,0.0802212,-1.120796,-23.87356,-61.34123,35.13047
64.126389027,19.47332,18.16602,-55.71645,0.8763824,0.09531243,-1.064414,-23.87356,-61.34123,35.13047
64.136386871,33.87209,34.42857,-65.8985599999997,0.861428,0.1136538,-1.045728,-23.87356,-61.34123,35.13047
64.146384239,42.11754,51.04723,-77.8488300000002,0.820007,0.0874393,-1.059528,-22.72825,-62.10386,33.91736
64.156382561,50.363,62.0274199999999,-86.3237700000003,0.7428578,-0.06066039,-1.092855,-22.72825,-62.10386,33.91736
64.166379929,59.0391800000002,71.4644499999999,-92.2379299999998,0.6513625,-0.2245946,-1.179276,-22.72825,-62.10386,33.91736
64.176377773,75.5916200000002,81.0795300000001,-98.7618000000002,0.5348293,-0.3276554,-1.303476,-22.72825,-62.10386,33.91736
64.186375618,97.8051099999999,89.2108099999999,-102.603,0.4249218,-0.3940301,-1.415733,-22.72825,-62.10386,33.91736
64.196372986,117.6188,94.01835,-104.1882,0.3230975,-0.343797,-1.441411,-20.49133,-61.69954,34.77052
64.206370831,124.0798,96.3924399999998,-106.0783,0.2469969,-0.2859401,-1.380036,-20.49133,-61.69954,34.77052
64.216369152,116.8804,99.8942299999997,-105.1028,0.1888351,-0.2747073,-1.301451,-20.49133,-61.69954,34.77052
64.226366043,110.4194,106.6604,-99.37151,0.1376316,-0.2697936,-1.185069,-20.49133,-61.69954,34.77052
64.236364365,97.9897200000001,111.9428,-91.2014299999999,0.08827128,-0.286068,-1.104578,-20.49133,-61.69954,34.77052
64.246361733,88.3905299999998,117.9373,-82.8484300000002,0.04445944,-0.313248,-1.059508,-17.99356,-59.36768,38.38937
64.256359577,84.0832099999999,123.2791,-76.3245599999998,0.005181947,-0.3215613,-0.9804725,-17.99356,-59.36768,38.38937
64.266357422,85.9907400000001,129.6891,-74.1296200000001,0.02995227,-0.3140738,-0.8532164,-17.99356,-59.36768,38.38937
64.27635479,92.51326,140.0758,-75.0441699999998,0.1212985,-0.2699103,-0.6854069,-17.99356,-59.36768,38.38937
64.286352634,96.3283199999998,152.9553,-75.9587400000001,0.1796992,-0.2649908,-0.6457881,-17.99356,-59.36768,38.38937
64.296350956,97.8666500000001,162.8078,-72.7882600000001,0.1595792,-0.3369412,-0.711778,-17.33173,-55.54107,40.43866
64.306348324,102.0509,167.0218,-69.0080699999998,0.09461724,-0.4370666,-0.8920622,-17.33173,-55.54107,40.43866
64.316346169,114.1114,169.3365,-65.7156499999999,0.05796677,-0.5658243,-1.076217,-17.33173,-55.54107,40.43866
64.326343536,135.4019,169.5739,-60.2892600000002,0.0499717,-0.6089128,-1.1475,-17.33173,-55.54107,40.43866
64.336341381,157.3693,167.1405,-55.04577,0.08968762,-0.5695282,-1.124607,-17.33173,-55.54107,40.43866
64.346339226,174.2909,164.529,-52.42403,0.1431427,-0.4303365,-1.057736,-19.97396,-52.11638,42.85242
64.356336594,182.4133,161.2052,-50.41199,0.1799267,-0.2856385,-0.9903579,-19.97396,-52.11638,42.85242
64.366334915,181.798,157.1693,-48.46093,0.2322994,-0.1662383,-0.9067292,-19.97396,-52.11638,42.85242
64.376331806,175.9523,153.3707,-45.90016,0.3099886,-0.07162002,-0.8245739,-19.97396,-52.11638,42.85242
64.386330128,165.6763,150.2251,-41.69318,0.3943473,0.00513702,-0.7438614,-19.97396,-52.11638,42.85242
64.396327973,151.5852,148.9193,-35.90095,0.4869154,0.0603468,-0.6459289,-24.58418,-47.24493,45.63104
64.40632534,135.4635,149.0974,-30.04776,0.5590554,0.08737534,-0.5565678,-24.58418,-47.24493,45.63104
64.416323185,119.7109,150.2844,-23.7068,0.6213499,0.09381737,-0.4652701,-24.58418,-47.24493,45.63104
64.42632103,105.3122,153.1927,-17.85361,0.6839552,0.05734917,-0.3907119,-24.58418,-47.24493,45.63104
64.436318398,96.3898500000002,156.6945,-12.97595,0.7019666,0.03401326,-0.3246938,-24.58418,-47.24493,45.63104
64.446316719,92.5747899999999,159.0685,-10.90294,0.6855673,0.05206826,-0.2811195,-31.07193,-41.95414,47.16788
64.456314087,89.9288600000001,162.511,-10.04935,0.7405095,0.0351495,-0.1778385,-31.07193,-41.95414,47.16788
64.466311932,87.8982700000002,170.2268,-7.67149000000001,0.7862773,0.01363213,-0.07932605,-31.07193,-41.95414,47.16788
64.476309776,85.86767,177.5271,-4.440039,0.8099815,-0.02766325,-0.02336334,-31.07193,-41.95414,47.16788
64.486307144,84.76007,185.7178,0.803446099999999,0.8540565,-0.09000339,0.02539063,-31.07193,-41.95414,47.16788
64.496304989,86.4830000000002,193.0775,5.86401899999998,0.8729585,-0.1105386,0.02392724,-38.26611,-37.84763,44.25473
64.506303311,90.5442,203.2861,7.69314200000002,0.9543869,-0.1133252,0.02139313,-38.26611,-37.84763,44.25473
64.516300202,95.4668599999998,212.7231,7.754113,1.037161,-0.1096627,0.03034083,-38.26611,-37.84763,44.25473
64.526298523,100.2664,219.3112,7.51023000000002,1.142736,-0.1007693,0.03063307,-38.26611,-37.84763,44.25473
64.536295891,102.0509,225.9587,6.35178600000003,1.248035,-0.1030098,0.036193,-38.26611,-37.84763,44.25473
64.546293736,103.5277,230.8849,5.315282,1.291181,-0.09165522,0.01553609,-46.48437,-34.9174,38.11477
64.55629158,104.2046,233.9712,4.461692,1.289371,-0.07406645,-0.02322995,-46.48437,-34.9174,38.11477
64.566288948,102.6047,234.9802,5.254312,1.279838,-0.05979497,-0.03613856,-46.48437,-34.9174,38.11477
64.576286793,97.9897200000001,232.6655,6.59566799999998,1.290326,-0.04746993,-0.03951005,-46.48437,-34.9174,38.11477
64.586285114,90.6672700000001,227.7392,9.46129399999998,1.318512,-0.06923567,-0.03620354,-55.86537,-32.40749,28.29151
64.596282482,81.49881,224,14.70478,1.359063,-0.1010803,-0.04583756,-55.86537,-32.40749,28.29151
64.606280327,72.0842299999999,219.1331,20.13118,1.40929,-0.1286445,-0.03347504,-55.86537,-32.40749,28.29151
64.616277695,66.7308300000001,214.563,26.59408,1.373477,-0.1172571,-0.09228039,-55.86537,-32.40749,28.29151
64.626275539,60.8851799999999,207.5594,32.75212,1.372698,-0.1017136,-0.09132589,-55.86537,-32.40749,28.29151
64.636273384,53.74733,198.8346,39.58085,1.323453,-0.04823913,-0.08886093,-62.59164,-30.66912,14.87976
64.646270752,43.90201,188.1512,46.3486,1.262897,0.01090018,-0.08015621,-62.59164,-30.66912,14.87976
64.656268597,29.68783,177.8239,53.2383,1.195234,0.08636502,-0.02454288,-62.59164,-30.66912,14.87976
64.666265964,12.76619,167.0811,56.71363,1.100532,0.173566,-0.008607229,-62.59164,-30.66912,14.87976
64.676264286,-1.940248,156.457,56.10392,1.02879,0.2058672,0.01208829,-62.59164,-30.66912,14.87976
64.686262131,-14.67763,145.1207,52.26277,0.9294018,0.2048711,0.01178323,-68.16504,-27.45672,2.307535
64.696259499,-25.75361,129.0956,48.11676,0.8724791,0.1476746,-0.008681582,-68.16504,-27.45672,2.307535
64.706257343,-26.24587,109.0345,46.3486,0.8426196,0.04919889,-0.08469776,-68.16504,-27.45672,2.307535
64.716255188,-19.53875,90.6946099999997,43.17812,0.8261774,-0.008707366,-0.05785393,-68.16504,-27.45672,2.307535
64.726252556,-8.77043599999998,72.2953800000001,40.61735,0.7622206,-0.001411679,-0.02520114,-68.16504,-27.45672,2.307535
64.736250877,1.936346,54.72708,34.8861,0.7116967,0.0687262,-0.004552358,-69.69496,-23.75648,-8.62442
64.746248722,8.33580199999998,36.98072,29.09388,0.6743352,0.1650984,0.03999553,-69.69496,-23.75648,-8.62442
64.75624609,8.27426799999999,20.12465,23.66748,0.6533056,0.1946402,0.02136012,-69.69496,-23.75648,-8.62442
64.766243935,7.843536,3.149873,19.0337,0.6644168,0.1732721,-0.001146823,-69.69496,-23.75648,-8.62442
64.776241302,10.61253,-14.00296,14.52187,0.6586785,0.1416032,0.002221367,-69.69496,-23.75648,-8.62442
64.786239147,17.31965,-31.3932,9.58323599999998,0.6471509,0.1061772,-0.02072107,-68.6105,-20.74988,-13.92133
64.796237469,26.36504,-49.08021,4.705575,0.6420074,0.1199222,-0.0475159,-68.6105,-20.74988,-13.92133
64.80623436,31.71843,-66.1736999999999,1.657037,0.6527563,0.09165169,-0.08007052,-68.6105,-20.74988,-13.92133
64.816232681,36.82569,-81.4865999999999,-2.732858,0.6304119,0.05903968,-0.1967957,-68.6105,-20.74988,-13.92133
64.826230526,44.64041,-95.7311800000003,-8.34216799999998,0.5989262,0.1262082,-0.2230798,-68.6105,-20.74988,-13.92133
64.836227894,3.105477,-59.3481699999998,-1.391501,1.700923,0.1735903,2.198017,-68.63408,-19.60881,-13.92741
64.846225738,-8.77043599999998,-16.55511,0.31568,2.431396,0.03730786,3.037159,-68.63408,-19.60881,-13.92741
64.856223106,76.14542,-26.94178,-1.513443,1.434305,0.08085168,0.3957101,-68.63408,-19.60881,-13.92741
64.866220951,76.8222899999997,-88.0153699999999,-10.23226,0.5496672,0.1202383,-0.5560814,-68.63408,-19.60881,-13.92741
64.876219273,50.60913,-114.4272,-12.67109,0.6926374,-0.02614198,0.2367076,-68.63408,-19.60881,-13.92741
64.886216164,68.63837,-121.7275,-4.013244,1.379962,-0.5264963,0.4687048,-69.74009,-20.74796,-12.70416
64.896214485,148.6931,-122.4397,-5.720425,1.410258,-0.5701674,-0.06686337,-69.74009,-20.74796,-12.70416
64.90621233,189.4281,-127.3066,-16.14643,0.9957659,0.1741803,0.01933266,-69.74009,-20.74796,-12.70416
64.916209698,179.029,-141.3731,-19.19496,1.126181,0.3109495,-0.07903799,-69.74009,-20.74796,-12.70416
64.926207542,156.8155,-155.3209,-11.8175,1.351148,0.4458298,-0.2163377,-69.74009,-20.74796,-12.70416
64.93620491,118.4803,-169.3281,-4.013244,1.475289,0.5532439,-0.3228256,-69.76661,-20.69675,-6.641134
64.946202755,70.48436,-182.7417,8.97352800000002,1.447061,0.6001223,-0.4491326,-69.76661,-20.69675,-6.641134
64.956201076,17.44272,-182.9791,24.70398,1.204755,0.4843444,-0.1519632,-69.76661,-20.69675,-6.641134
64.966198444,-20.58482,-176.7471,33.48377,0.9312387,0.2852911,-0.1251134,-69.76661,-20.69675,-6.641134
64.976196289,-41.62918,-172.0583,38.8492,0.7010595,-0.1013825,-0.4088868,-69.76661,-20.69675,-6.641134
64.986194134,-53.19743,-176.3317,51.28724,0.7808627,-0.5383278,-0.4840498,-68.28835,-21.74103,3.502621
64.996191502,-25.99974,-170.3371,58.2988700000002,1.094558,-0.7412044,-0.550588,-68.28835,-21.74103,3.502621
65.006189346,33.07216,-161.0781,42.38551,1.085808,-0.1689362,-0.4444762,-68.28835,-21.74103,3.502621
65.016186714,41.00994,-149.3264,25.31369,1.067741,0.3047834,-0.254572,-68.28835,-21.74103,3.502621
65.026185036,7.65893599999998,-145.053,26.65505,1.091751,0.06117728,-0.3756308,-68.28835,-21.74103,3.502621
65.03618288,8.27426799999999,-135.8534,28.05737,1.038388,0.0227932,-0.3659564,-67.23252,-20.1398,11.95239
65.046180248,22.48845,-124.1609,22.57001,1.045754,-0.004697577,-0.3061402,-67.23252,-20.1398,11.95239
65.056178093,32.45683,-112.4092,17.50943,1.016157,-0.01321626,-0.376437,-67.23252,-20.1398,11.95239
65.066175938,40.76381,-102.6161,15.19255,1.024699,0.05047489,-0.3913042,-67.23252,-20.1398,11.95239
65.076173306,40.33308,-94.2473700000001,16.10711,1.099028,0.14194,-0.3278067,-67.23252,-20.1398,11.95239
65.08617115,31.34923,-86.4722100000002,18.05817,1.148816,0.2410137,-0.3355762,-65.82216,-17.40123,19.62486
65.096168518,20.08865,-79.1125100000001,19.58244,1.111207,0.3225079,-0.3762106,-65.82216,-17.40123,19.62486
65.10616684,5.62834,-71.39671,22.26515,1.104987,0.3174081,-0.3359981,-65.82216,-17.40123,19.62486
65.116164684,-7.84743800000001,-63.6809000000002,25.4966,1.083126,0.287789,-0.3393024,-65.82216,-17.40123,19.62486
65.126162052,-22.00008,-56.26184,29.76456,1.095874,0.2316453,-0.3421816,-65.82216,-17.40123,19.62486
65.136159897,-31.8454,-47.89316,33.4228,1.065103,0.1048144,-0.3818171,-64.06799,-15.45153,23.69167
65.146157742,-34.9836,-40.47412,36.53231,1.048848,0.01093905,-0.3564,-64.06799,-15.45153,23.69167
65.156155109,-36.33733,-34.95435,35.61775,1.03266,-0.06135275,-0.3620962,-64.06799,-15.45153,23.69167
65.166153431,-35.72199,-30.50292,32.44727,1.054966,-0.1589406,-0.3477526,-64.06799,-15.45153,23.69167
65.176150322,-31.107,-25.93279,27.3867,1.07564,-0.2215862,-0.334851,-62.98763,-13.8977,26.52992
65.186148644,-24.15374,-22.19359,22.38709,1.06959,-0.236805,-0.3386651,-62.98763,-13.8977,26.52992
65.196146488,-20.95402,-17.74216,18.36302,1.015553,-0.2135492,-0.3357054,-62.98763,-13.8977,26.52992
65.206143856,-19.78489,-12.75656,14.09507,1.004774,-0.2110614,-0.3591375,-62.98763,-13.8977,26.52992
65.216141701,-18.80035,-8.067724,11.65624,1.013157,-0.1897766,-0.3347502,-62.98763,-13.8977,26.52992
65.226139545,-18.00042,-3.141478,9.15644099999999,1.018303,-0.1785728,-0.3428979,-62.63987,-12.74728,27.30062
65.236136913,-16.46209,2.140883,6.473727,1.00996,-0.1496602,-0.3515051,-62.63987,-12.74728,27.30062
65.246135235,-14.18536,6.117492,3.851984,1.018399,-0.1048078,-0.3008023,-62.63987,-12.74728,27.30062
65.256132603,-14.55456,10.98439,2.69354,1.042531,-0.1177005,-0.274998,-62.63987,-12.74728,27.30062
65.266130447,-11.97016,14.72359,3.303247,1.061105,-0.06713588,-0.2061284,-62.63987,-12.74728,27.30062
65.276128292,-12.15476,15.0797,3.669072,1.048396,-0.03772604,-0.1510776,-61.89485,-12.36784,26.53015
65.28612566,-12.33936,15.25776,5.437224,1.026466,-0.01050794,-0.1031888,-61.89485,-12.36784,26.53015
65.296123505,-13.57003,11.93402,4.949458,0.9598124,0.00939432,-0.120785,-61.89485,-12.36784,26.53015
65.306121826,-15.16989,7.00777700000002,3.669072,0.944855,-0.02364695,-0.08820726,-61.89485,-12.36784,26.53015
65.316118717,-16.46209,1.07254,3.425189,0.9182406,-0.03330477,-0.07715113,-61.89485,-12.36784,26.53015
65.326117039,-19.23109,-6.10909600000003,3.608101,0.8912546,-0.02374282,-0.08907095,-61.89288,-12.37165,26.07865
65.336114407,-25.13828,-14.71519,4.27878,0.8641976,-0.009462276,-0.06318435,-61.89288,-12.37165,26.07865
65.346112251,-32.46073,-23.20258,6.04693200000002,0.8524678,-0.05989075,-0.07894392,-61.89288,-12.37165,26.07865
65.356110096,-34.9836,-30.38422,7.08343500000003,0.8253886,-0.07272,-0.1478084,-61.89288,-12.37165,26.07865
65.366107464,-34.799,-36.61621,7.14440499999997,0.7637597,-0.06180755,-0.20274,-61.89288,-12.37165,26.07865
65.376105309,-31.4762,-42.25469,5.376253,0.7190357,-0.06759006,-0.2069677,-61.526,-11.98849,26.0794
65.38610363,-29.19947,-47.65575,5.010429,0.701766,-0.08351743,-0.2638841,-61.526,-11.98849,26.0794
65.396100998,-23.29228,-50.97948,4.217809,0.691242,-0.06980506,-0.3356557,-61.526,-11.98849,26.0794
65.406098843,-19.16955,-53.94711,1.047329,0.6867217,-0.01129722,-0.3576773,-61.526,-11.98849,26.0794
65.416096211,-19.16955,-56.67731,-0.2940276,0.6925783,0.0404555,-0.3438222,-61.526,-11.98849,26.0794
65.426094055,-21.32322,-59.70428,-2.976741,0.6717699,0.1112419,-0.3165253,-60.77151,-12.72287,28.54003
65.4360919,-26.24587,-64.5711799999999,-3.220624,0.7208398,0.06926178,-0.2309349,-60.77151,-12.72287,28.54003
65.446089268,-24.58448,-65.58017,-2.06218,0.8725565,-0.06893919,-0.2081922,-60.77151,-12.72287,28.54003
65.456087589,-12.27783,-64.86794,-0.5379106,0.9702491,-0.1096291,-0.2988029,-60.77151,-12.72287,28.54003
65.466085434,-2.063314,-63.0873700000003,-0.05014454,1.042723,-0.1037677,-0.3458312,-60.77151,-12.72287,28.54003
65.476082802,5.136074,-61.0100399999999,-0.720822899999998,1.038637,-0.09511116,-0.3999054,-59.65015,-13.07409,31.00141
65.486080647,9.99719900000002,-60.9506899999998,-2.306063,0.9595507,-0.08671798,-0.3739266,-59.65015,-13.07409,31.00141
65.496078491,7.843536,-63.3841299999998,-3.220624,0.890504,-0.171979,-0.3551198,-59.65015,-13.07409,31.00141
65.506075859,8.52040099999998,-65.1647000000001,-3.647419,0.8448291,-0.2834796,-0.3865975,-59.65015,-13.07409,31.00141
65.516073704,18.48878,-64.63053,-6.26916200000001,0.8257243,-0.303614,-0.3683731,-59.65015,-13.07409,31.00141
65.526071072,24.70364,-65.2834099999999,-7.61051899999998,0.8924176,-0.246105,-0.2818819,-58.89735,-13.8052,33.84904
65.536069393,35.16429,-71.2186399999998,-13.52468,0.9190637,-0.1344208,-0.2953572,-58.89735,-13.8052,33.84904
65.546067238,39.65622,-77.7474099999997,-17.18293,0.9988261,-0.04897003,-0.3165756,-58.89735,-13.8052,33.84904
65.556064606,37.81022,-84.8103400000001,-19.92661,0.9854233,0.01580239,-0.3251833,-58.89735,-13.8052,33.84904
65.566062451,37.68715,-90.6268699999998,-20.04856,0.9314326,0.06075882,-0.3935371,-58.89735,-13.8052,33.84904
65.576060295,28.8879,-96.20599,-18.76817,0.9410433,-0.01006895,-0.4011929,-56.29613,-13.37792,37.09149
65.586057663,24.14984,-99.6484299999998,-18.7072,1.004913,-0.03725831,-0.3773684,-56.29613,-13.37792,37.09149
65.596055985,23.78064,-101.8445,-18.89011,1.12215,-0.02593192,-0.3488611,-56.29613,-13.37792,37.09149
65.606052876,18.55032,-105.8804,-18.58526,1.008701,0.01997342,-0.3974899,-56.29613,-13.37792,37.09149
65.616051197,21.01165,-109.7383,-16.2074,0.9780247,0.04305032,-0.4644431,-56.29613,-13.37792,37.09149
65.626049042,12.64313,-109.5009,-15.29283,0.9511517,0.01893445,-0.5457479,-54.06713,-13.32345,41.5587
65.63604641,13.31999,-108.2545,-12.30527,0.834989,0.05125686,-0.6919981,-54.06713,-13.32345,41.5587
65.646044254,4.643808,-106.5927,-11.39071,0.8720162,0.07861964,-0.6494763,-54.06713,-13.32345,41.5587
65.656042099,-3.417045,-104.0405,-9.68352500000001,0.8936259,0.07146986,-0.5748543,-54.06713,-13.32345,41.5587
65.666039467,-15.41603,-101.4884,-7.79343099999999,0.8319961,-0.02021624,-0.5838162,-54.06713,-13.32345,41.5587
65.676037788,-16.21596,-98.5800900000002,-6.20819099999998,0.7707149,-0.1357104,-0.8052604,-51.0808,-13.64371,46.03349
65.686035156,-13.75463,-92.9416100000002,-6.45207400000002,0.7363102,-0.1197672,-0.7941973,-51.0808,-13.64371,46.03349
65.696033001,-14.43149,-89.7959400000002,-7.85440200000002,0.7473407,-0.1079945,-0.69994,-51.0808,-13.64371,46.03349
65.706030846,-13.07776,-86.2941499999997,-6.39110400000002,0.7350324,-0.1543504,-0.7472857,-51.0808,-13.64371,46.03349
65.716028213,-9.93956800000001,-81.6646700000001,-7.54954800000001,0.731225,-0.1337012,-0.7659488,-51.0808,-13.64371,46.03349
65.726026058,-6.001441,-78.16287,-9.92740700000002,0.7764076,-0.1008416,-0.7775219,-47.37304,-12.44347,49.73173
65.73602438,-0.832649800000001,-73.1772800000002,-11.57362,0.8143832,-0.07194967,-0.7292593,-47.37304,-12.44347,49.73173
65.746021271,2.120945,-66.7672200000001,-11.45168,0.8243188,-0.005740836,-0.7905514,-47.37304,-12.44347,49.73173
65.756019592,3.413143,-64.3337699999999,-12.42721,0.8556373,0.09114699,-0.7848881,-47.37304,-12.44347,49.73173
65.766017437,-1.140316,-61.54421,-11.75653,0.8923922,0.1323554,-0.7686912,-43.99706,-13.15489,52.59882
65.776014805,-8.15510499999999,-57.4488899999997,-8.46410900000001,0.823368,0.1472935,-0.8456255,-43.99706,-13.15489,52.59882
65.786012649,-16.46209,-54.42192,-6.81789900000001,0.8176516,0.1404124,-0.8417851,-43.99706,-13.15489,52.59882
65.796010017,-23.84608,-51.39495,-5.110718,0.8256271,0.05389791,-0.8077978,-43.99706,-13.15489,52.59882
65.806007862,-24.76908,-47.71511,-3.586449,0.8466209,0.02554563,-0.8183558,-43.99706,-13.15489,52.59882
65.816006184,-25.44594,-45.04425,-4.622952,0.8485125,0.02843725,-0.8250598,-41.06075,-13.4996,54.23515
65.826003551,-25.99974,-40.88958,-4.379068,0.8276782,0.02225135,-0.8188005,-41.06075,-13.4996,54.23515
65.836001396,-24.95368,-35.90398,-5.476542,0.8143821,0.02904969,-0.843665,-41.06075,-13.4996,54.23515
65.845999241,-22.43081,-30.91838,-7.67149000000001,0.8057674,0.04620231,-0.8623189,-41.06075,-13.4996,54.23515
65.855996609,-20.27715,-25.22056,-9.50061200000003,0.7980205,0.04288358,-0.8895833,-41.06075,-13.4996,54.23515
65.865994453,-18.12349,-19.9382,-12.67109,0.8022642,0.05092233,-0.8699712,-38.7921,-14.61725,55.03191
65.875991821,-17.69275,-14.47778,-16.75613,0.8341888,0.03739936,-0.8767234,-38.7921,-14.61725,55.03191
65.885989666,-16.40056,-10.61988,-20.53632,0.8743208,0.02868396,-0.8538195,-38.7921,-14.61725,55.03191
65.895987987,-16.95436,-6.99938200000001,-25.77981,1.011159,0.008382495,-0.8191168,-38.7921,-14.61725,55.03191
65.905985355,-17.32355,-4.684639,-34.86445,1.169826,-0.03150247,-0.7413752,-38.7921,-14.61725,55.03191
65.9159832,-14.73916,-1.123497,-40.41279,1.116075,-0.02319995,-0.7269263,-36.89481,-15.74426,55.0519
65.925981045,-14.36996,-1.064145,-40.65667,1.103312,0.0340118,-0.7135187,-36.89481,-15.74426,55.0519
65.935978413,-19.29262,-1.123497,-38.76658,1.234374,0.1144756,-0.6472458,-36.89481,-15.74426,55.0519
65.945976257,-30.7378,0.8351307,-38.0959,1.375413,0.1831942,-0.5584943,-36.89481,-15.74426,55.0519
65.955974579,-42.12145,2.200235,-37.48619,1.398456,0.2310947,-0.4188025,-36.89481,-15.74426,55.0519
65.965971947,-58.1816199999998,2.259588,-42.36385,1.368091,0.1630815,-0.3512528,-34.98625,-17.25816,54.29991
65.975969791,-66.6732100000001,1.30995,-42.85162,1.403098,0.03815985,-0.3244815,-34.98625,-17.25816,54.29991
65.985967159,-64.4580200000003,3.505987,-43.5223,1.382513,-0.03231797,-0.2818342,-34.98625,-17.25816,54.29991
65.995965004,-62.2428200000002,3.149873,-44.92463,1.320215,-0.009395529,-0.2444025,-34.98625,-17.25816,54.29991
66.005962849,-56.76636,1.250597,-48.64384,1.309075,-0.01379704,-0.2764466,-34.98625,-17.25816,54.29991
66.015960217,-48.02864,-5.75298199999998,-44.5588,1.242254,-0.06373426,-0.331832,-33.81199,-19.1722,51.86738
66.025958538,-35.90659,-14.12167,-45.47336,1.163031,-0.0200743,-0.2221112,-33.81199,-19.1722,51.86738
66.035956383,-25.07674,-19.70079,-42.66871,1.196942,-0.03314038,-0.1302804,-33.81199,-19.1722,51.86738
66.045953751,-13.38543,-20.53172,-36.32775,1.147027,-0.1012883,-0.194305,-33.81199,-19.1722,51.86738
66.055951595,-1.509515,-26.52631,-35.10833,1.056724,-0.04147191,-0.206606,-33.81199,-19.1722,51.86738
66.065948963,8.33580199999998,-28.84105,-36.0229,1.06557,-0.04502676,-0.1893917,-31.87869,-21.46424,49.05544
66.075946808,23.10378,-32.69896,-35.83998,1.020306,0.001121271,-0.3056187,-31.87869,-21.46424,49.05544
66.085944653,31.2877,-43.73849,-37.36425,0.9809319,0.04493843,-0.4237696,-31.87869,-21.46424,49.05544
66.09594202,29.74937,-58.2798300000002,-38.94949,1.019268,-0.02499379,-0.4487044,-31.87869,-21.46424,49.05544
66.105940342,30.5493,-63.4434900000002,-38.40075,1.145135,-0.1065063,-0.2823584,-31.87869,-21.46424,49.05544
66.115938187,38.54862,-62.9686700000001,-35.41319,1.149195,-0.14162,-0.3048495,-29.99006,-21.84416,47.45886
66.125935555,38.97935,-66.23305,-31.99882,1.112457,-0.1053748,-0.3004876,-29.99006,-21.84416,47.45886
66.135933399,38.17942,-70.50642,-26.32854,1.039155,-0.122861,-0.4065992,-29.99006,-21.84416,47.45886
66.145931244,38.17942,-75.7887800000001,-21.81671,0.9104416,-0.001620268,-0.8979037,-29.99006,-21.84416,47.45886
66.155928612,28.82637,-103.1502,-26.26757,0.9868662,0.1195622,-1.413973,-29.99006,-21.84416,47.45886
66.165926933,13.25846,-111.5189,-26.57243,1.203645,0.1141298,-0.7247215,-26.65302,-19.92415,46.63525
66.175923824,-7.04750599999997,-91.6358599999999,-8.829934,1.29829,-0.165387,-0.2505456,-26.65302,-19.92415,46.63525
66.185922146,-6.92443900000002,-71.9902300000001,-6.33013299999999,0.9171417,0.1694649,-0.5375916,-26.65302,-19.92415,46.63525
66.195919991,-9.01656900000002,-72.5244000000003,-15.84157,0.7536998,0.3024955,-0.8340582,-26.65302,-19.92415,46.63525
66.205917358,-29.50714,-78.4596300000001,-20.96312,0.8387984,0.2055419,-0.9389896,-26.65302,-19.92415,46.63525
66.215915203,-46.92104,-75.7294199999998,-18.09749,0.9662584,0.08633789,-0.9650243,-21.4372,-17.99988,44.66453
66.225913048,-41.13692,-63.6809000000002,-15.7806,0.9282179,0.03671239,-0.9424521,-21.4372,-17.99988,44.66453
66.235910416,-25.44594,-51.27625,-21.51185,0.8159499,0.0487981,-0.8661659,-21.4372,-17.99988,44.66453
66.245908737,-12.70856,-41.2457,-29.07223,0.7303368,0.09436674,-0.7995062,-21.4372,-17.99988,44.66453
66.255906582,-6.98597300000001,-30.79968,-36.75454,0.6412048,0.1433972,-0.8247281,-21.4372,-17.99988,44.66453
66.26590395,-4.401577,-20.11626,-43.40036,0.5891412,0.1651639,-0.8294287,-17.3808,-17.23267,41.85258
66.275901794,-1.878715,-6.70261999999998,-48.46093,0.5381677,0.1556775,-0.8001443,-17.3808,-17.23267,41.85258
66.285899162,1.936346,9.32251899999998,-51.38753,0.4444069,0.1159795,-0.7406272,-17.3808,-17.23267,41.85258
66.295897007,7.53587,25.94118,-55.77742,0.3445406,0.06397299,-0.6854034,-17.3808,-17.23267,41.85258
66.305895329,16.64279,43.50948,-59.9234300000003,0.2575066,0.003578305,-0.6187141,-13.25856,-16.47153,38.26709
66.31589222,28.94943,62.73965,-64.31332,0.315455,-0.1496834,-0.6053755,-13.25856,-16.47153,38.26709
66.325890541,39.65622,84.9967899999999,-62.8500299999999,0.3374438,-0.07556131,-0.624576,-13.25856,-16.47153,38.26709
66.335888386,41.50221,102.209,-68.3373900000001,0.2902905,-0.03068377,-0.66327,-13.25856,-16.47153,38.26709
66.345885754,36.02575,118.7683,-71.5078700000002,0.2757059,-0.05726006,-0.6153801,-13.25856,-16.47153,38.26709
66.355883598,29.87243,135.6837,-72.4224300000002,0.2535124,-0.1728798,-0.6167473,-10.26394,-15.7123,35.44727
66.36588192,25.01131,150.4031,-69.9226299999999,0.3058345,-0.2353431,-0.6522372,-10.26394,-15.7123,35.44727
66.375878811,23.10378,165.6567,-64.9230299999998,0.3287195,-0.261588,-0.7020422,-10.26394,-15.7123,35.44727
66.385877133,22.79611,179.6638,-59.1308100000001,0.3424418,-0.3184835,-0.7360303,-10.26394,-15.7123,35.44727
66.3958745,26.48811,192.8994,-52.42403,0.3557428,-0.3266703,-0.7566302,-10.26394,-15.7123,35.44727
66.405872345,30.48776,204.5918,-41.87609,0.381074,-0.3268927,-0.7825174,-10.28466,-14.21157,32.98814
66.41587019,35.41042,215.9281,-30.96232,0.4174412,-0.2902925,-0.7380826,-10.28466,-14.21157,32.98814
66.425867558,38.67168,228.3328,-20.90215,0.4631866,-0.1586494,-0.7889254,-10.28466,-14.21157,32.98814
66.435865402,40.27155,238.6601,-10.04935,0.512539,-0.1131247,-0.7531299,-10.28466,-14.21157,32.98814
66.445863724,35.71809,245.0701,3.120335,0.5999307,-0.1975175,-0.6589811,-10.28466,-14.21157,32.98814
66.455861092,30.9185,253.4388,18.48497,0.6809598,-0.2045101,-0.6423703,-10.67058,-13.09729,30.14127
66.465858936,34.73355,262.5791,30.80106,0.766757,-0.1292106,-0.6707753,-10.67058,-13.09729,30.14127
66.475856781,41.07148,270.4136,40.25153,0.8624128,-0.08497368,-0.6632962,-10.67058,-13.09729,30.14127
66.485854149,46.42487,278.3668,50.98238,0.9606096,-0.1499926,-0.6524434,-10.67058,-13.09729,30.14127
66.495851994,53.25506,286.2607,62.9936300000003,1.020707,-0.211326,-0.6874685,-10.67058,-13.09729,30.14127
66.505849362,61.86971,293.2643,74.2732199999998,1.060466,-0.2031831,-0.7861265,-12.94343,-11.60636,28.50396
66.515847206,68.8844999999998,297.4783,81.7116499999998,1.118974,-0.1544234,-0.8412773,-12.94343,-11.60636,28.50396
66.525845528,70.7305,301.6923,87.6867799999998,1.206639,-0.07390743,-0.8347508,-12.94343,-11.60636,28.50396
66.535842896,64.94637,305.9657,92.4425000000001,1.228433,0.0111077,-0.8314606,-12.94343,-11.60636,28.50396
66.54584074,51.71673,307.6275,94.9423100000001,1.24504,0.08747955,-0.8056661,-12.94343,-11.60636,28.50396
66.555838585,35.10276,306.9153,95.4910400000002,1.28298,0.09189828,-0.7765403,-18.59852,-9.757124,27.22661
66.565835953,21.75005,305.2534,95.2471500000002,1.287208,0.0745976,-0.7645788,-18.59852,-9.757124,27.22661
66.575833798,15.59672,302.1078,94.2716200000002,1.295779,0.08557608,-0.751675,-18.59852,-9.757124,27.22661
66.585832119,12.15086,296.4099,92.50347,1.239618,0.1195035,-0.6931995,-18.59852,-9.757124,27.22661
66.595829487,9.074201,288.1599,88.4794,1.155668,0.1808657,-0.6035753,-18.59852,-9.757124,27.22661
66.605827332,3.413143,278.7823,83.4188299999999,1.073709,0.2397366,-0.5249611,-26.06517,-7.2514,22.70708
66.615824699,-7.66283799999999,268.9891,76.2852499999997,1.039848,0.2815482,-0.3966544,-26.06517,-7.2514,22.70708
66.625822544,-21.69242,258.3057,69.8833199999998,1.003359,0.306299,-0.3214608,-26.06517,-7.2514,22.70708
66.635820389,-36.21426,244.8327,65.0666300000001,0.974897,0.2920479,-0.2773785,-26.06517,-7.2514,22.70708
66.645817757,-43.59825,230.5882,62.9936300000003,0.9270898,0.2437794,-0.2447395,-26.06517,-7.2514,22.70708
66.655815601,-41.38305,217.9461,60.0060499999998,0.8801326,0.1496079,-0.2384119,-34.70741,-4.715161,15.34039
66.665813923,-28.21494,204.7699,55.00645,0.8047472,0.1145437,-0.2961792,-34.70741,-4.715161,15.34039
66.675811291,-5.201509,190.3472,45.61695,0.6998429,0.1472615,-0.3175407,-34.70741,-4.715161,15.34039
66.685809135,15.71979,174.2034,34.33736,0.5748607,0.2119223,-0.3096822,-34.70741,-4.715161,15.34039
66.695806503,32.21069,156.0416,23.54554,0.5251972,0.2885436,-0.272765,-34.70741,-4.715161,15.34039
66.705804348,41.99448,137.9391,14.39993,0.5453198,0.3349321,-0.1857112,-39.2182,-2.531065,7.68382
66.715802193,43.59434,120.905,7.44925899999998,0.6003689,0.3113297,-0.122629,-39.2182,-2.531065,7.68382
66.72579956,43.90201,103.9895,1.778978,0.6291746,0.2829353,-0.1016146,-39.2182,-2.531065,7.68382
66.735797882,43.77894,88.85469,-4.318098,0.6325526,0.2322623,-0.1236219,-39.2182,-2.531065,7.68382
66.745795727,45.99414,72.5921400000002,-9.50061200000003,0.6523218,0.1912383,-0.1356102,-39.2182,-2.531065,7.68382
66.755793095,48.82467,58.0508199999997,-14.25633,0.6603841,0.2287142,-0.1466412,-42.23062,-0.6997294,1.975408
66.765790939,44.14814,44.99329,-17.73167,0.7153779,0.2072421,-0.1161027,-42.23062,-0.6997294,1.975408
66.775788784,35.10276,35.1408,-19.31691,0.7802294,0.1795512,-0.09610839,-42.23062,-0.6997294,1.975408
66.785786152,23.71911,27.12823,-18.52429,0.7825769,0.1581415,-0.1042428,-42.23062,-0.6997294,1.975408
66.795783997,9.62799900000003,19.23436,-15.65866,0.786037,0.1302841,-0.07600563,-42.23062,-0.6997294,1.975408
66.805782318,-7.60130500000002,12.11208,-12.12236,0.7742238,0.1113709,-0.04630846,-42.61207,0.04073524,-0.09543896
66.815779686,-29.75327,5.93943499999998,-7.06178199999999,0.8323932,0.07627632,-0.02438633,-42.61207,0.04073524,-0.09543896
66.825777531,-51.2899,0.06354995,-1.147618,0.8504559,0.048374,-0.03254642,-42.61207,0.04073524,-0.09543896
66.835774898,-72.8880699999998,-6.64326800000002,4.27878,0.8890426,-0.007350342,0.007601048,-42.61207,0.04073524,-0.09543896
66.845772743,-88.3944400000002,-12.28174,9.40032399999997,0.8765808,-0.044629,-0.003374879,-42.61207,0.04073524,-0.09543896
66.855770588,-101.9933,-15.90224,14.52187,0.8491167,-0.05966556,0.05889176,-43.67046,0.02622938,-0.8773203
66.865767956,-112.5155,-20.94719,17.63138,0.8083881,-0.09641674,0.06040795,-43.67046,0.02622938,-0.8773203
66.875766277,-118.3611,-28.48494,17.38749,0.7990596,-0.1471014,-0.04149944,-43.67046,0.02622938,-0.8773203
66.885764122,-111.654,-37.6252,16.47293,0.8063509,-0.1987216,-0.06925626,-43.67046,0.02622938,-0.8773203
66.89576149,-96.0860900000001,-50.2079,10.61974,0.8241839,-0.2424909,-0.1645127,-44.05644,0.4103107,-0.1081257
66.905759335,-71.4727999999998,-62.2564400000001,0.925387699999998,0.8911013,-0.2780355,-0.2105635,-44.05644,0.4103107,-0.1081257
66.915757179,-43.16751,-74.6610899999998,-8.890904,0.9563504,-0.2495205,-0.2092489,-44.05644,0.4103107,-0.1081257
66.925754547,-21.13862,-88.7275900000003,-15.17089,0.9182706,-0.1418816,-0.2063387,-44.05644,0.4103107,-0.1081257
66.935752869,-9.63190200000001,-105.3463,-19.43885,0.9325288,-0.06979363,-0.1657032,-44.05644,0.4103107,-0.1081257
66.94574976,-3.601645,-120.5405,-21.26797,0.9748507,-0.0917441,-0.1600284,-44.07503,0.8113689,2.340858
66.955748081,-57.6278200000001,-74.54238,-0.720822899999998,2.686574,-0.5527891,4.006461,-44.07503,0.8113689,2.340858
66.965745926,-121.1917,27.00952,26.53311,4.087582,-1.33473,6.067362,-44.07503,0.8113689,2.340858
66.975743294,66.3616299999997,44.57783,42.14162,1.349965,-1.379894,-0.005770599,-44.07503,0.8113689,2.340858
66.985741138,150.7237,-31.09644,-13.34177,-0.3584651,-0.3705704,-1.142542,-44.07503,0.8113689,2.340858
66.995738983,129.2486,-94.2473700000001,-27.48699,-0.2666458,0.8890276,-0.1174377,-44.06018,-0.3128095,4.346452
67.005736351,14.42759,-96.9775799999999,-9.25672899999999,1.198357,1.196716,1.238128,-44.06018,-0.3128095,4.346452
67.015734673,5.81293900000002,-86.0567400000003,-15.90254,1.749062,0.3128207,0.2658862,-44.06018,-0.3128095,4.346452
67.025732517,61.0697799999999,-89.0837100000001,-13.34177,1.174714,0.5392531,0.3367012,-44.06018,-0.3128095,4.346452
67.035729885,47.90167,-105.7024,-21.99962,1.043921,0.5520632,0.4259411,-44.06018,-0.3128095,4.346452
67.04572773,32.39529,-117.098,-19.86564,1.297825,0.1009844,0.07673264,-44.46137,0.4657927,6.790627
67.055725098,37.37949,-122.7365,-19.68273,1.263953,-0.1232164,-0.08203783,-44.46137,0.4657927,6.790627
67.065722942,41.19455,-125.2887,-18.15846,1.219376,-0.2408766,-0.09867998,-44.46137,0.4657927,6.790627
67.075721264,49.37846,-131.6987,-10.3542,1.204403,-0.4328765,-0.23117,-44.46137,0.4657927,6.790627
67.085718155,63.2849799999999,-131.4019,-9.25672899999999,1.13514,-0.1404536,-0.09425181,-44.46137,0.4657927,6.790627
67.095716476,57.00859,-129.2653,-13.46371,1.021779,0.1359003,-0.07785376,-44.46734,0.1121325,9.95317
67.105714321,27.5957,-127.1879,-9.80546599999998,0.9587566,0.2219975,-0.09164478,-44.46734,0.1121325,9.95317
67.115711689,-19.04649,-127.8408,4.888487,0.9481974,0.1584479,-0.2160398,-44.46734,0.1121325,9.95317
67.125709534,-56.95096,-128.6124,17.81429,1.013233,-0.01098277,-0.2855031,-44.46734,0.1121325,9.95317
67.135707378,-70.1805999999999,-126.1789,20.86283,1.143908,-0.1441401,-0.2502819,-44.46734,0.1121325,9.95317
67.145704746,-62.2428200000002,-121.0746,15.86322,1.202395,-0.2732028,-0.195793,-43.36455,0.1619759,14.86354
67.155703068,-43.35212,-113.0027,7.38828800000001,1.103114,-0.4626992,-0.2443859,-43.36455,0.1619759,14.86354
67.165700913,-17.50816,-104.0999,1.047329,0.9589243,-0.5434214,-0.2575139,-43.36455,0.1619759,14.86354
67.17569828,9.62799900000003,-95.1376499999998,-4.257127,0.9138879,-0.4799256,-0.23113,-43.36455,0.1619759,14.86354
67.185696125,30.79543,-86.2941499999997,-8.58605100000002,0.9261751,-0.2508649,-0.1847886,-43.36455,0.1619759,14.86354
67.195693493,33.93362,-81.4272499999998,-10.59809,0.9705748,-0.07128745,-0.145669,-42.33966,0.9715176,19.70488
67.205691338,28.1495,-77.9848199999998,-11.20779,1.049119,-0.0247273,-0.1659181,-42.33966,0.9715176,19.70488
67.215689659,23.28838,-75.49202,-10.65906,1.056852,-0.0218431,-0.1860325,-42.33966,0.9715176,19.70488
67.22568655,17.62732,-73.2366299999997,-8.829934,1.049201,-0.001916185,-0.1161522,-42.33966,0.9715176,19.70488
67.235684872,14.24299,-68.7258499999997,-6.45207400000002,1.033258,-0.08507182,-0.03522361,-42.33966,0.9715176,19.70488
67.245682716,17.01199,-68.1323199999998,-3.830332,0.9781678,-0.1373781,-0.1092934,-40.86516,1.760367,21.71146
67.255680084,25.56511,-62.9093200000001,-5.110718,0.990042,-0.06757829,-0.04807433,-40.86516,1.760367,21.71146
67.265677929,20.58092,-63.9776600000003,-3.586449,1.001799,-0.02092027,-0.1256362,-40.86516,1.760367,21.71146
67.275676251,15.59672,-64.86794,-4.013244,1.050135,0.02633073,-0.1113753,-40.86516,1.760367,21.71146
67.285673142,4.889941,-65.58017,-2.91577,1.121887,0.04721767,-0.0550338,-40.86516,1.760367,21.71146
67.295671463,-6.678307,-68.8445499999999,-1.452472,1.104853,0.0434908,-0.1598113,-39.36905,1.411965,24.17562
67.305669308,-19.47722,-69.14131,-2.06218,1.101434,0.06954566,-0.1727336,-39.36905,1.411965,24.17562
67.315666676,-26.43047,-68.7851999999998,-0.5379106,1.098574,-0.01241659,-0.2019007,-39.36905,1.411965,24.17562
67.32566452,-24.70754,-67.12334,-2.549946,1.07562,-0.06142479,-0.1975408,-39.36905,1.411965,24.17562
67.335661888,-16.58516,-65.2240599999999,-7.48857699999998,1.063384,-0.11168,-0.2463213,-39.36905,1.411965,24.17562
67.345659733,-8.15510499999999,-61.1287499999998,-9.56158399999997,1.07317,-0.06115832,-0.2162011,-38.63618,1.814836,26.17866
67.355658054,-5.693775,-57.8643600000002,-11.63459,1.088573,0.0008781292,-0.2143296,-38.63618,1.814836,26.17866
67.365655422,-6.92443900000002,-54.36257,-12.18333,1.092273,0.08867416,-0.2397232,-38.63618,1.814836,26.17866
67.375653267,-14.12383,-52.64135,-11.57362,1.061738,0.0797397,-0.2473249,-38.63618,1.814836,26.17866
67.385651112,-25.81514,-50.02985,-7.48857699999998,1.038708,0.08661769,-0.2425008,-38.63618,1.814836,26.17866
67.39564848,-31.23007,-48.78345,-10.04935,1.048342,-0.1684044,-0.3056239,-37.51928,1.837438,27.86401
67.405646324,-28.58414,-44.27267,-4.866835,1.053022,-0.1316557,-0.2826699,-37.51928,1.837438,27.86401
67.415644646,-29.6302,-41.18634,-4.744893,1.080498,-0.06341787,-0.2664638,-37.51928,1.837438,27.86401
67.425641537,-32.15306,-38.8716,-6.45207400000002,1.113192,-0.0655867,-0.255513,-37.51928,1.837438,27.86401
67.435639858,-35.35279,-36.49751,-5.415571,1.059119,-0.06757522,-0.3027972,-37.51928,1.837438,27.86401
67.445637703,-38.12179,-35.07305,-5.3546,1.009846,-0.03830629,-0.2902759,-36.01333,1.104865,29.8787
67.455635071,-41.44458,-33.58924,-4.744893,0.9727877,-0.06432151,-0.3447623,-36.01333,1.104865,29.8787
67.465632916,-41.99838,-31.86802,-3.342566,0.9397458,-0.04295344,-0.32796,-36.01333,1.104865,29.8787
67.475630283,-41.93685,-30.38422,-2.610917,0.914575,-0.0780096,-0.3341286,-36.01333,1.104865,29.8787
67.485628128,-40.58312,-28.7817,-1.574414,0.8439651,-0.02824481,-0.3191825,-35.26134,0.7404861,31.1118
67.49562645,-40.39852,-30.91838,-2.367033,0.7811499,-0.004702826,-0.319079,-35.26134,0.7404861,31.1118
67.505623818,-41.87532,-34.24212,-2.8548,0.7485257,-0.004199095,-0.2467573,-35.26134,0.7404861,31.1118
67.515621662,-43.59825,-38.81225,-2.671887,0.6998798,-0.03417632,-0.2313503,-35.26134,0.7404861,31.1118
67.525619507,-40.95232,-45.45972,-3.403537,0.6700398,-0.05433513,-0.2456504,-35.26134,0.7404861,31.1118
67.535616875,-37.32186,-52.34459,-4.440039,0.693063,-0.08628482,-0.2289321,-34.4821,-0.7720432,31.51247
67.54561472,-33.99906,-57.8643600000002,-4.683922,0.6853827,-0.06727085,-0.2585954,-34.4821,-0.7720432,31.51247
67.555613041,-34.18366,-63.6215399999998,-5.29363,0.6632548,-0.03237562,-0.3270021,-34.4821,-0.7720432,31.51247
67.565609932,-37.32186,-68.3697400000001,-4.440039,0.6576126,-0.04387429,-0.349961,-34.4821,-0.7720432,31.51247
67.575608254,-38.42945,-71.39671,-3.403537,0.6479148,-0.02243195,-0.4284361,-34.4821,-0.7720432,31.51247
67.585605621,-39.04479,-73.7114499999998,-3.891303,0.6257252,0.01670051,-0.4585578,-32.97644,-1.504071,33.59166
67.595603466,-41.19845,-75.1952599999999,-2.732858,0.6584849,0.01118403,-0.4418633,-32.97644,-1.504071,33.59166
67.605601311,-42.61372,-77.3319399999998,-0.659852100000001,0.6467298,0.01433145,-0.4442365,-32.97644,-1.504071,33.59166
67.615598678,-38.12179,-78.8751,2.388686,0.6758236,-0.05768861,-0.5179694,-32.97644,-1.504071,33.59166
67.625596523,-32.2146,-76.4416600000001,4.461692,0.7301377,-0.06899997,-0.4907823,-32.97644,-1.504071,33.59166
67.635594845,-17.63122,-72.9398700000002,1.047329,0.8108738,-0.06202099,-0.5397396,-31.45476,-2.997354,35.6104
67.645592213,6.79747099999997,-67.8355599999997,-6.63498599999997,0.8025801,0.01665612,-0.5268239,-31.45476,-2.997354,35.6104
67.655590057,15.71979,-67.0639800000002,-13.2808,0.7347463,0.09911186,-0.5563986,-31.45476,-2.997354,35.6104
67.665587902,17.93499,-65.0459999999999,-16.14643,0.7161453,0.07796731,-0.5434391,-31.45476,-2.997354,35.6104
67.67558527,17.44272,-65.75823,-18.76817,0.7288683,-0.001518653,-0.4951047,-31.45476,-2.997354,35.6104
67.685583115,16.51972,-66.8265700000002,-21.63379,0.7782806,-0.1405672,-0.4501688,-29.57238,-3.730383,37.24087
67.695581436,18.24265,-70.9218800000002,-25.77981,1.133951,-0.2366481,-0.2483265,-29.57238,-3.730383,37.24087
67.705578327,32.14916,-76.6197099999997,-25.35301,1.334007,-0.2264451,-0.3089784,-29.57238,-3.730383,37.24087
67.715576649,43.40974,-83.6232900000001,-30.04776,1.52572,-0.08088,-0.2691497,-29.57238,-3.730383,37.24087
67.725574493,43.71741,-93.8319000000002,-30.71844,1.556763,0.1602875,-0.2678302,-29.57238,-3.730383,37.24087
67.735571861,28.02644,-98.5800900000002,-25.29204,1.241374,0.2928276,-0.3960515,-27.3484,-2.935907,39.25301
67.745569706,7.720469,-102.2599,-23.28,1.010642,0.2723589,-0.7000184,-27.3484,-2.935907,39.25301
67.755567074,-6.61677399999998,-98.9955499999999,-21.02409,0.8624398,0.1699951,-0.7858773,-27.3484,-2.935907,39.25301
67.765564918,-18.86189,-90.74557,-20.90215,0.7414436,-0.004839784,-0.8315647,-27.3484,-2.935907,39.25301
67.77556324,-24.58448,-81.7240099999999,-22.36544,0.6814141,-0.103722,-0.8338276,-27.3484,-2.935907,39.25301
67.785560608,-27.23041,-73.1179199999999,-22.42641,0.7834294,-0.1105699,-0.7406812,-24.35949,-2.895974,41.33926
67.795558453,-29.50714,-62.9093200000001,-24.07262,0.7762609,-0.04257637,-0.8354443,-24.35949,-2.895974,41.33926
67.805556297,-29.50714,-54.95609,-27.30408,0.7531159,-0.03082465,-0.8818289,-24.35949,-2.895974,41.33926
67.815553665,-25.26134,-46.70612,-31.32815,0.7211356,-0.09212023,-0.8731429,-24.35949,-2.895974,41.33926
67.82555151,-11.4779,-41.72052,-38.82755,0.7403303,-0.1786929,-0.8166822,-24.35949,-2.895974,41.33926
67.835549831,8.52040099999998,-37.26909,-44.68074,0.8736603,-0.1664783,-0.7259883,-21.34332,-4.004189,42.59309
67.845547199,18.05805,-34.53888,-47.4854,0.903875,-0.01003792,-0.6887524,-21.34332,-4.004189,42.59309
67.855545044,13.99686,-34.77629,-46.99763,0.8955578,0.1471507,-0.6988284,-21.34332,-4.004189,42.59309
67.865542889,2.305545,-35.72593,-44.43686,0.860718,0.2377843,-0.7026196,-21.34332,-4.004189,42.59309
67.875540256,-10.61643,-36.08204,-43.46133,0.8701973,0.2264713,-0.6849259,-21.34332,-4.004189,42.59309
67.885538101,-18.73882,-35.66658,-43.03453,0.8344325,0.185007,-0.6781528,-20.64395,-4.753207,43.37626
67.895535469,-22.86155,-34.95435,-43.5223,0.8272818,0.1502147,-0.6944029,-20.64395,-4.753207,43.37626
67.905533314,-21.87701,-33.23313,-46.57084,0.8701449,0.1245707,-0.7217499,-20.64395,-4.753207,43.37626
67.915531635,-20.03102,-30.62162,-50.04617,0.8425055,0.11716,-0.7283999,-20.64395,-4.753207,43.37626
67.925529003,-15.78522,-28.54429,-53.70441,0.838144,0.1154625,-0.745142,-20.64395,-4.753207,43.37626
67.935526848,-12.15476,-25.99214,-58.64305,0.8416831,0.1344228,-0.7518531,-18.74835,-5.876943,43.78324
67.945524693,-9.69343500000003,-22.37165,-64.0694400000002,0.8500552,0.1289577,-0.7829737,-18.74835,-5.876943,43.78324
67.95552206,-4.955376,-18.63245,-69.2519500000002,0.861248,0.1032002,-0.807394,-18.74835,-5.876943,43.78324
67.965519905,-0.3403839,-14.53713,-72.7882600000001,0.8531415,0.1202586,-0.7844126,-18.74835,-5.876943,43.78324
67.975518227,-2.370981,-12.69721,-74.9832100000002,0.8770396,0.1457594,-0.7576606,-18.74835,-5.876943,43.78324
67.985515594,-7.17057299999998,-10.97599,-75.4709699999997,0.8938861,0.1839221,-0.7127137,-16.86257,-6.616509,44.63971
67.995513439,-14.67763,-10.67923,-76.2026199999999,0.9556263,0.1649244,-0.744881,-16.86257,-6.616509,44.63971
68.005511284,-17.07742,-9.78894299999998,-76.6903899999998,1.080948,0.1864485,-0.7345763,-16.86257,-6.616509,44.63971
68.015508652,-16.33902,-7.47420100000002,-82.0558199999998,1.257059,0.151001,-0.6874952,-16.86257,-6.616509,44.63971
68.025506496,-8.89350299999999,-4.684639,-88.6406600000002,1.182252,0.1918711,-0.6265962,-16.44814,-8.455352,44.26529
68.035504818,-4.216978,-4.565935,-90.71366,1.075504,0.2193518,-0.63216,-16.44814,-8.455352,44.26529
68.045501709,-5.632242,-6.34650599999999,-89.9210399999999,1.222518,0.1765393,-0.5835906,-16.44814,-8.455352,44.26529
68.055500031,-8.33970399999999,-4.031764,-89.12843,1.44676,0.1476074,-0.5126662,-16.44814,-8.455352,44.26529
68.065497398,-7.17057299999998,-0.411269,-88.1528899999998,1.544963,0.1371475,-0.3812262,-16.44814,-8.455352,44.26529
68.075495243,-8.52430299999999,0.3603118,-87.0554199999999,1.475903,0.105853,-0.3064399,-15.68095,-9.214252,43.8234
68.085493088,-9.26270200000001,-3.43824,-86.3237700000003,1.416227,0.09439216,-0.2087034,-15.68095,-9.214252,43.8234
68.095490456,-7.35517199999998,-6.64326800000002,-84.2507600000001,1.408046,0.01347839,-0.1119959,-15.68095,-9.214252,43.8234
68.1054883,-2.986313,-12.75656,-82.6045499999999,1.379689,-0.08444907,-0.07842096,-15.68095,-9.214252,43.8234
68.115486622,6.18213799999999,-18.33569,-78.7633999999999,1.341475,-0.1535746,-0.1683088,-15.68095,-9.214252,43.8234
68.12548399,19.47332,-28.48494,-73.9467,1.226866,-0.09963388,-0.2920741,-15.28093,-10.35578,43.44527
68.135481834,27.9649,-41.89857,-73.6418500000002,1.133137,0.1173372,-0.275695,-15.28093,-10.35578,43.44527
68.145479679,25.81124,-48.18993,-78.6414499999997,1.186959,0.23638,-0.2341834,-15.28093,-10.35578,43.44527
68.155477047,13.99686,-55.25286,-79.7389299999999,1.251084,0.2476684,-0.2012763,-15.28093,-10.35578,43.44527
68.165474892,3.966942,-60.5352199999999,-76.5074799999999,1.272227,0.1595702,-0.2094263,-15.28093,-10.35578,43.44527
68.175473213,7.10513699999998,-62.6125500000003,-75.5929100000002,1.272656,0.08392436,-0.2457794,-14.52358,-10.73051,43.45286
68.185470581,23.34991,-61.1287499999998,-77.7878600000002,1.264868,0.02805105,-0.3869313,-14.52358,-10.73051,43.45286
68.195468426,47.16327,-63.3841299999998,-81.50708,1.209567,-0.09467985,-0.6155627,-14.52358,-10.73051,43.45286
68.20546627,80.8834799999998,-68.8445499999999,-86.8115299999998,1.112353,-0.3463695,-0.8268591,-14.52358,-10.73051,43.45286
68.215463638,129.064,-73.3553299999999,-93.0915199999999,1.10846,-0.8676882,-0.9138189,-14.52358,-10.73051,43.45286
68.225461483,203.3346,-69.61613,-106.0783,1.069002,-1.367337,-1.157695,-13.04034,-9.958545,43.45992
68.235458851,284.6815,-67.4201000000001,-124.4915,0.8024727,-1.27873,-1.731066,-13.04034,-9.958545,43.45992
68.245456696,348.2454,-78.6376999999997,-120.8942,0.7111526,-0.6476253,-1.813863,-13.04034,-9.958545,43.45992
68.255455017,355.7524,-101.429,-131.2592,0.8634731,0.6024076,-1.008528,-13.04034,-9.958545,43.45992
68.265452385,299.4495,-93.7132,-128.7594,1.052641,1.076891,-0.4930753,-13.04034,-9.958545,43.45992
68.27545023,181.7365,-79.7060300000002,-113.1509,0.9430537,1.278723,-0.6097088,-10.88662,-5.437525,43.83961
68.285448074,29.9955,-76.6790599999998,-88.7626000000001,0.5549603,1.284615,-0.8263073,-10.88662,-5.437525,43.83961
68.295445442,-90.7942400000002,-86.3534999999998,-76.14165,0.3265163,0.8087877,-0.9794095,-10.88662,-5.437525,43.83961
68.305443287,-149.9892,-85.7006199999998,-69.5568100000002,0.5756477,0.314056,-0.779193,-10.88662,-5.437525,43.83961
68.315441609,-169.2491,-66.47046,-58.2162500000001,0.7216713,-0.06417565,-0.6884208,-10.88662,-5.437525,43.83961
68.325438976,-152.8197,-36.91298,-50.53394,0.6723126,-0.2109323,-0.635175,-8.103754,5.225129,42.64407
68.335436821,-107.7159,-5.931039,-59.9234300000003,0.464689,-0.4184001,-0.7142032,-8.103754,5.225129,42.64407
68.345434666,-43.10598,11.93402,-75.7148599999998,0.1684854,-0.3191363,-0.7500842,-8.103754,5.225129,42.64407
68.355432034,16.51972,22.38004,-96.7497699999998,0.06571234,-0.3466015,-0.7149619,-8.103754,5.225129,42.64407
68.365429878,55.71639,32.94476,-109.0049,0.04576598,-0.2956954,-0.68479,-8.103754,5.225129,42.64407
68.3754282,78.8528800000002,47.36739,-111.8705,0.05192545,-0.2086252,-0.6886518,-5.033075,1.820615,42.23306
68.385425091,91.0979999999997,63.7486400000001,-110.1024,0.07496306,-0.08548908,-0.6643162,-5.033075,1.820615,42.23306
68.395423412,91.2210600000001,80.4860099999999,-103.7614,0.07731351,0.07578563,-0.6227257,-5.033075,1.820615,42.23306
68.40542078,79.7758799999998,95.3834500000003,-97.6033599999999,0.0639261,0.1146246,-0.5978264,-5.033075,1.820615,42.23306
68.415418625,63.5926400000002,107.5507,-94.85967,0.1020692,0.02998402,-0.5835139,-5.033075,1.820615,42.23306
68.42541647,48.517,118.4715,-93.4573400000002,0.1479445,-0.05256969,-0.6232944,-6.893848,1.41639,41.06018
68.435413838,35.71809,127.7305,-93.7012300000002,0.2076967,-0.0961757,-0.6851236,-6.893848,1.41639,41.06018
68.445411682,27.10344,135.4463,-97.3594699999998,0.298366,-0.1512799,-0.7426966,-6.893848,1.41639,41.06018
68.455410004,24.51904,146.9013,-103.5175,0.3924329,-0.2308018,-0.7677261,-6.893848,1.41639,41.06018
68.465407372,26.61117,161.5614,-109.0049,0.4200797,-0.3016319,-0.7615346,-6.893848,1.41639,41.06018
68.475405216,31.04156,176.5775,-110.6511,0.3909126,-0.3826815,-0.7404056,-8.815262,4.050652,39.35507
68.485403061,38.05635,191.5936,-107.4806,0.4075998,-0.3907673,-0.8103046,-8.815262,4.050652,39.35507
68.495400429,41.00994,202.9893,-103.3956,0.4635976,-0.3638588,-0.8582667,-8.815262,4.050652,39.35507
68.505398274,44.33274,214.2663,-100.7738,0.5649679,-0.3399895,-0.9115716,-8.815262,4.050652,39.35507
68.515396595,47.28633,225.8993,-98.8227799999999,0.6466549,-0.3026773,-0.8341942,-8.815262,4.050652,39.35507
68.525393963,51.83979,236.7608,-96.5058800000003,0.7497632,-0.3165875,-0.771677,-12.94272,4.760268,36.93392
68.535391808,59.4699099999999,247.8003,-92.4208499999999,0.8255738,-0.3308845,-0.7454837,-12.94272,4.760268,36.93392
68.545389652,70.9766299999998,257.2967,-86.9944499999999,0.8964465,-0.3683772,-0.7475119,-12.94272,4.760268,36.93392
68.55538702,88.5135999999998,267.9801,-82.6655199999998,0.9504029,-0.3872216,-0.7461654,-12.94272,4.760268,36.93392
68.565384865,104.5738,274.4496,-74.0686399999998,0.9814977,-0.4606459,-0.7653438,-12.94272,4.760268,36.93392
68.575383186,124.8797,283.6492,-68.2154500000002,0.9935163,-0.4771444,-0.7356888,-19.2835,3.924503,33.66569
68.585380077,139.4016,288.9315,-58.7040199999999,0.9904763,-0.4980352,-0.7816214,-19.2835,3.924503,33.66569
68.595378399,153.185,292.9675,-47.54637,1.002886,-0.4593138,-0.8252034,-19.2835,3.924503,33.66569
68.605376244,161.3689,296.7661,-36.69357,1.025186,-0.4272957,-0.8262077,-19.2835,3.924503,33.66569
68.615373611,164.4456,300.3865,-25.29204,1.066975,-0.3683535,-0.7947097,-26.71465,4.961846,27.92843
68.625371456,161.2459,303.8883,-13.21983,1.108124,-0.3011191,-0.758427,-26.71465,4.961846,27.92843
68.635368824,152.5697,306.5592,-1.452472,1.139195,-0.2424239,-0.7307388,-26.71465,4.961846,27.92843
68.645366669,139.7708,308.5772,9.217411,1.186389,-0.1857651,-0.6949424,-26.71465,4.961846,27.92843
68.65536499,123.7106,309.8829,17.87526,1.209952,-0.09015498,-0.6528935,-26.71465,4.961846,27.92843
68.665362358,104.7584,309.9423,26.41117,1.206001,-0.008817608,-0.624193,-33.47415,7.494714,18.51163
68.675360203,84.3908799999999,307.9243,34.4593,1.216065,0.05292569,-0.5897689,-33.47415,7.494714,18.51163
68.685358047,61.1313099999997,304.1851,42.62939,1.226451,0.09775512,-0.5457696,-33.47415,7.494714,18.51163
68.695355415,36.88722,297.8344,49.82394,1.2376,0.1016665,-0.514204,-33.47415,7.494714,18.51163
68.70535326,14.11993,290.7715,56.89655,1.25003,0.08895392,-0.4965151,-33.47415,7.494714,18.51163
68.715351582,-4.093911,281.9279,63.0546000000002,1.234118,0.07986629,-0.4993565,-39.44621,8.499253,7.625009
68.725348473,-16.64669,270.7697,67.5054599999999,1.217472,0.05819985,-0.4945361,-39.44621,8.499253,7.625009
68.735346794,-24.27681,258.7212,69.0297300000003,1.195011,0.03504843,-0.4801337,-39.44621,8.499253,7.625009
68.745344639,-27.59961,245.8417,66.9567299999998,1.144708,0.01587392,-0.4489336,-39.44621,8.499253,7.625009
68.755342007,-28.338,232.7248,62.7497400000002,1.108945,-0.02477542,-0.4062675,-39.44621,8.499253,7.625009
68.765339851,-24.89214,219.4893,58.1769299999997,1.091762,-0.09543167,-0.3904264,-40.9402,10.30425,-2.522802
68.775338173,-14.43149,207.322,54.64063,1.071023,-0.132751,-0.3879877,-40.9402,10.30425,-2.522802
68.785335064,1.505613,194.2052,51.40918,1.010819,-0.09270126,-0.3950717,-40.9402,10.30425,-2.522802
68.795333385,14.42759,179.1297,47.62899,0.9436377,-0.01816026,-0.3882737,-40.9402,10.30425,-2.522802
68.805330753,21.19625,162.6297,44.51948,0.8792985,0.08649068,-0.3896242,-40.9402,10.30425,-2.522802
68.815328598,18.24265,145.8923,42.14162,0.8381764,0.1754775,-0.3474608,-41.33614,12.89855,-10.27982
68.825326443,9.19726699999998,131.4103,40.98318,0.821759,0.2209247,-0.2842718,-41.33614,12.89855,-10.27982
68.835323811,-2.92478,119.7773,40.55638,0.8282802,0.1874334,-0.1880808,-41.33614,12.89855,-10.27982
68.845321655,-10.86257,110.8744,40.67832,0.8328555,0.1267952,-0.1335155,-41.33614,12.89855,-10.27982
68.855319977,-11.78556,103.0399,40.86124,0.8445396,0.0763048,-0.1005011,-41.33614,12.89855,-10.27982
68.865316868,-8.52430299999999,97.7575499999998,40.25153,0.847317,0.03209952,-0.1048017,-39.82806,13.62256,-15.94878
68.875315189,-3.417045,92.95,39.45891,0.8619145,0.007793512,-0.08424216,-39.82806,13.62256,-15.94878
68.885313034,2.305545,87.9644,38.97114,0.8564672,0.0126111,-0.07705527,-39.82806,13.62256,-15.94878
68.895310402,6.98206999999997,82.9788100000002,38.05658,0.8281277,0.01703782,-0.06312829,-39.82806,13.62256,-15.94878
68.905308247,10.42793,77.3403300000002,37.62978,0.7590485,0.03719042,-0.04817721,-39.82806,13.62256,-15.94878
68.915306568,13.01233,69.8619299999999,36.47134,0.7457447,0.04528948,-0.03714885,-38.35915,15.82205,-19.5615
68.925303459,14.36606,64.4608700000002,36.22746,0.7418559,0.044696,-0.04049195,-38.35915,15.82205,-19.5615
68.935301781,15.47366,57.5166399999999,34.94707,0.7496372,0.0716467,-0.03285524,-38.35915,15.82205,-19.5615
68.945299625,16.08899,48.79184,32.99601,0.7391049,0.08741328,-0.039541,-38.35915,15.82205,-19.5615
68.955296993,14.98139,38.70194,29.70359,0.7330885,0.09582642,-0.0629829,-38.35915,15.82205,-19.5615
68.965294838,14.91986,26.83147,25.86243,0.7197521,0.1044449,-0.101248,-36.10616,16.1953,-22.38486
68.975292683,14.85832,11.04374,21.71642,0.6743272,0.1345766,-0.1619557,-36.10616,16.1953,-22.38486
68.985290051,12.76619,-7.11808599999999,18.05817,0.6311834,0.1730319,-0.2207552,-36.10616,16.1953,-22.38486
68.995288372,7.04360400000002,-25.27991,16.35099,0.6407304,0.1840823,-0.2021103,-36.10616,16.1953,-22.38486
69.005286217,-0.0942510000000003,-43.20433,14.76575,0.6712309,0.1421974,-0.2251243,-36.10616,16.1953,-22.38486
69.015283585,-1.447982,-60.1791,12.26595,0.6745706,0.09341044,-0.2533535,-35.37489,17.33165,-23.61089
69.025281429,1.25948,-79.1125100000001,9.03449899999999,0.6745726,0.03987262,-0.3155546,-35.37489,17.33165,-23.61089
69.035278797,4.828408,-97.51175,5.80304899999998,0.6886559,0.04035074,-0.3998087,-35.37489,17.33165,-23.61089
69.045276642,4.028476,-116.5045,2.69354,0.7363172,0.07075498,-0.4195212,-35.37489,17.33165,-23.61089
69.055274963,-2.247914,-133.4199,0.2547093,0.8134287,0.1422848,-0.416324,-35.37489,17.33165,-23.61089
69.065271854,-12.2163,-149.6231,-0.2330568,0.8960119,0.05280937,-0.3891661,-35.75867,17.34627,-21.54966
69.075270176,-65.1348799999998,-102.6161,14.0341,2.860935,-0.2579729,4.197033,-35.75867,17.34627,-21.54966
69.085268021,-166.2955,25.64442,21.77739,4.973599,-0.4885688,6.980636,-35.75867,17.34627,-21.54966
69.095265389,89.8057999999998,29.68038,41.40997,1.170994,-0.7760382,-0.009442701,-35.75867,17.34627,-21.54966
69.105263233,176.1985,-39.10901,-17.79264,-0.2581231,-0.5776622,-1.208707,-35.75867,17.34627,-21.54966
69.115261078,169.2452,-93.7725399999998,-23.34098,-0.3878436,-0.06065693,-0.4558138,-38.76087,16.96684,-18.79636
69.125258446,90.7903299999998,-120.5998,22.26515,1.233725,-0.3408129,0.5249053,-38.76087,16.96684,-18.79636
69.135256767,184.8746,-93.8912500000002,-7.00081100000001,1.907407,-0.5531194,-0.1806784,-38.76087,16.96684,-18.79636
69.145254612,287.5736,-87.4811900000001,-19.80467,1.14457,0.8940657,0.1447534,-38.76087,16.96684,-18.79636
69.155252457,246.3463,-106.7114,-27.54796,0.7815086,1.517189,0.09545396,-38.76087,16.96684,-18.79636
69.165249825,149.0008,-120.4811,-18.34137,1.00048,1.740385,0.06342874,-38.76285,16.97065,-18.34486
69.175247669,28.64177,-138.0494,0.7424754,1.409612,1.249996,-0.2439255,-38.76285,16.97065,-18.34486
69.185245037,-59.8430200000002,-147.3084,33.72766,1.530207,0.5348212,-0.3305738,-38.76285,16.97065,-18.34486
69.195243359,-97.8705599999999,-147.7832,48.11676,1.27803,0.02708042,-0.41519,-38.76285,16.97065,-18.34486
69.205241203,-86.6099800000001,-147.8425,50.79947,1.047426,-0.4074067,-0.4007974,-40.19324,13.23613,-16.33653
69.215238571,-60.08915,-149.5044,45.67793,1.000322,-0.6538767,-0.5748535,-40.19324,13.23613,-16.33653
69.225236416,-23.41535,-144.2814,39.82473,1.17069,-0.5890653,-0.4454731,-40.19324,13.23613,-16.33653
69.235234261,12.2124,-133.0638,28.91097,1.100183,-0.1786138,-0.3119331,-40.19324,13.23613,-16.33653
69.245231628,21.38085,-125.1699,20.67991,0.9619731,0.1250102,-0.2356768,-40.19324,13.23613,-16.33653
69.25522995,-3.601645,-116.8013,18.78982,1.039662,0.2196285,-0.1535215,-42.49667,14.72522,-10.68496
69.265226841,-27.72267,-110.2132,21.41156,1.143433,0.01165012,-0.2177781,-42.49667,14.72522,-10.68496
69.275225163,-31.35313,-100.242,21.83836,1.087689,-0.1073771,-0.2004215,-42.49667,14.72522,-10.68496
69.285223007,-26.06128,-92.2293899999998,20.07021,1.011382,-0.1967402,-0.2423802,-42.49667,14.72522,-10.68496
69.295220375,-10.30877,-81.3085500000003,15.98516,1.003568,-0.1688055,-0.1997804,-42.49667,14.72522,-10.68496
69.30521822,4.397675,-72.5837499999998,8.72964499999998,1.029239,-0.08358753,-0.2357403,-43.28135,15.5179,-6.244059
69.315216065,10.67406,-65.6988799999999,4.217809,1.103912,0.01655776,-0.1272596,-43.28135,15.5179,-6.244059
69.325213432,7.35127000000003,-60.83198,3.303247,1.144857,0.04154095,-0.1407375,-43.28135,15.5179,-6.244059
69.335211754,1.936346,-56.79602,3.669072,1.107429,0.03634467,-0.1497639,-43.28135,15.5179,-6.244059
69.345209599,-5.632242,-52.93811,4.583633,1.09187,-0.0159005,-0.09037985,-43.28135,15.5179,-6.244059
69.355206966,-3.847778,-49.08021,3.181306,1.084652,-0.1002172,-0.1549533,-43.99651,16.29743,-3.415198
69.365204811,-1.817181,-44.74749,2.388686,1.058489,-0.05739855,-0.1984691,-43.99651,16.29743,-3.415198
69.375202656,-5.324575,-40.88958,2.75451,1.070441,0.007915244,-0.1496921,-43.99651,16.29743,-3.415198
69.385200024,-11.2933,-38.10002,3.791013,1.066322,0.07066412,-0.18703,-43.99651,16.29743,-3.415198
69.395198345,-20.09255,-35.07305,3.669072,1.0662,0.07763596,-0.1683671,-43.99651,16.29743,-3.415198
69.40519619,-27.47654,-32.46155,4.522663,1.075639,0.0433084,-0.1166885,-44.01143,16.69141,-1.804719
69.415193558,-29.261,-30.56227,4.034896,1.092872,0.008315486,-0.1013951,-44.01143,16.69141,-1.804719
69.425191403,-28.8918,-28.90041,1.90092,1.117396,0.0001978142,-0.08564273,-44.01143,16.69141,-1.804719
69.435189247,-28.1534,-27.89142,0.3766508,1.102507,-0.03765422,-0.1009215,-44.01143,16.69141,-1.804719
69.445186615,-26.18434,-27.71336,-0.964705900000002,1.056692,-0.06350031,-0.1180637,-44.01143,16.69141,-1.804719
69.45518446,-24.46141,-27.5353,-2.549946,1.036788,-0.09282196,-0.09313547,-44.01849,16.70503,-0.1922112
69.465182781,-22.00008,-27.71336,-3.830332,1.010784,-0.1358188,-0.1155721,-44.01849,16.70503,-0.1922112
69.475180149,-18.49269,-27.11983,-4.561981,1.01869,-0.1157741,-0.1194197,-44.01849,16.70503,-0.1922112
69.485177994,-19.04649,-27.71336,-5.78139599999999,1.01766,-0.06085672,-0.1165606,-44.01849,16.70503,-0.1922112
69.495175839,-22.92308,-29.43458,-5.476542,1.012624,-0.02581491,-0.09981067,-44.01849,16.70503,-0.1922112
69.505173206,-28.83027,-31.3932,-4.50101,0.9918309,-0.008907267,-0.1189218,-44.01598,16.33502,1.035323
69.515171051,-34.55286,-32.87701,-4.50101,0.9567475,0.01722288,-0.1083387,-44.01598,16.33502,1.035323
69.525169373,-38.24486,-34.89499,-4.561981,0.9635054,0.02082817,-0.1006942,-44.01598,16.33502,1.035323
69.535166741,-37.75259,-36.02269,-5.29363,0.9592453,-0.01259392,-0.1327428,-44.01598,16.33502,1.035323
69.545164585,-32.89146,-37.56585,-6.87886999999998,0.9422819,-0.04438901,-0.1719483,-44.01598,16.33502,1.035323
69.55516243,-25.32288,-38.63419,-8.890904,0.9236613,-0.0653726,-0.1944035,-44.40762,16.73,3.094524
69.565159798,-18.12349,-39.10901,-10.3542,0.9035878,-0.08689278,-0.2192489,-44.40762,16.73,3.094524
69.575157642,-12.9547,-39.22772,-11.32973,0.8935935,-0.07414965,-0.2388563,-44.40762,16.73,3.094524
69.58515501,-10.49337,-39.58383,-11.87847,0.8888464,-0.05551981,-0.2637388,-44.40762,16.73,3.094524
69.595153332,-12.64703,-39.82124,-11.20779,0.8932361,-0.0560243,-0.2752322,-44.40762,16.73,3.094524
69.605151177,-14.98529,-41.48311,-9.19575899999999,0.8530353,-0.09612375,-0.3220522,-44.0242,15.98572,4.713869
69.615148544,-15.66216,-43.26368,-8.28119799999998,0.8065507,-0.1386762,-0.3578534,-44.0242,15.98572,4.713869
69.625146389,-16.03136,-45.40036,-7.85440200000002,0.7868749,-0.1801462,-0.3334011,-44.0242,15.98572,4.713869
69.635144234,-15.78522,-47.29964,-6.57401600000003,0.803175,-0.2169258,-0.2989625,-44.0242,15.98572,4.713869
69.645141601,-15.23143,-50.02985,-4.805864,0.8398298,-0.2224224,-0.2884963,-44.0242,15.98572,4.713869
69.655139446,-16.46209,-53.70969,-3.281595,0.8667703,-0.2039059,-0.2880695,-44.4043,15.99326,5.936594
69.665137768,-19.10802,-58.8733499999998,-1.696355,0.880945,-0.2059678,-0.2785222,-44.4043,15.99326,5.936594
69.675135136,-21.07708,-65.4614600000002,0.3766508,0.8327783,-0.2361768,-0.2894377,-44.4043,15.99326,5.936594
69.68513298,-18.43115,-72.2869900000002,1.474125,0.7474182,-0.283533,-0.2883195,-44.4043,15.99326,5.936594
69.695130825,-11.04717,-77.3913000000001,-0.5379106,0.6876541,-0.1890096,-0.2911111,-44.4043,15.99326,5.936594
69.705128193,-7.29363900000002,-81.8427199999998,-1.635384,0.6589433,-0.1140683,-0.3236235,-44.0181,14.87843,8.718972
69.715126038,-0.2173175,-84.2168100000003,-4.257127,0.6817846,-0.03370421,-0.3528772,-44.0181,14.87843,8.718972
69.725124359,13.87379,-83.9200500000001,-5.84236700000003,0.7322662,-0.02438099,-0.3989109,-44.0181,14.87843,8.718972
69.735121727,25.87277,-82.1988400000002,-8.22022599999998,0.7693657,-0.02810922,-0.4085461,-44.0181,14.87843,8.718972
69.745119572,36.51802,-81.0117900000002,-7.61051899999998,0.843865,0.0004394182,-0.4235192,-43.33365,14.52339,11.11261
69.755117416,44.57887,-80.0621500000001,-7.85440200000002,0.8675505,0.03625828,-0.4369699,-43.33365,14.52339,11.11261
69.765114784,51.83979,-79.52798,-10.96391,0.8654346,0.01922169,-0.4355261,-43.33365,14.52339,11.11261
69.775112629,59.6545099999999,-78.2815799999998,-14.92701,0.8719364,-0.01410869,-0.3747497,-43.33365,14.52339,11.11261
69.78511095,62.3004499999999,-79.8840900000002,-19.56079,0.8574979,-0.04922823,-0.3579653,-43.33365,14.52339,11.11261
69.795107841,61.6235800000002,-83.9794099999999,-18.52429,0.9276363,-0.04646268,-0.3135807,-42.97918,14.93053,13.95138
69.805106163,60.3929100000001,-89.20242,-16.93905,1.008899,-0.01413319,-0.3017663,-42.97918,14.93053,13.95138
69.815104008,54.54726,-95.1376499999998,-15.59769,1.005794,0.07323109,-0.3065691,-42.97918,14.93053,13.95138
69.825101376,43.04054,-104.5153,-14.62216,1.044588,0.1880807,-0.2659874,-42.97918,14.93053,13.95138
69.83509922,36.02575,-111.3409,-11.8175,1.067616,0.1547381,-0.2952121,-42.97918,14.93053,13.95138
69.845097542,30.30317,-117.6916,-13.82954,1.028236,0.1191001,-0.4932647,-41.86737,14.96294,16.79773
69.855094433,26.73424,-120.1843,-15.53672,0.9941218,0.1458757,-0.467369,-41.86737,14.96294,16.79773
69.865092754,20.02711,-123.4487,-14.50021,0.9412506,0.002007219,-0.515576,-41.86737,14.96294,16.79773
69.875090599,19.28872,-123.33,-16.26837,0.9390947,-0.1452732,-0.6212996,-41.86737,14.96294,16.79773
69.885087967,25.19591,-119.7689,-17.2439,0.9262771,-0.1636072,-0.6322799,-41.86737,14.96294,16.79773
69.895085812,28.76484,-114.7833,-16.8171,0.848054,-0.151727,-0.7048901,-40.37662,14.62489,20.4874
69.905083656,27.90337,-108.7887,-17.06099,0.7265795,-0.04344388,-0.8229145,-40.37662,14.62489,20.4874
69.915081024,23.41144,-102.7348,-19.43885,0.6882034,0.02754181,-0.8420089,-40.37662,14.62489,20.4874
69.925079346,13.38153,-96.85887,-22.85321,0.7390846,0.0962255,-0.7746361,-40.37662,14.62489,20.4874
69.935076237,4.028476,-91.3984499999999,-23.46292,0.7321789,0.04904484,-0.7645618,-40.37662,14.62489,20.4874
69.945074558,1.690213,-89.2617599999998,-22.6703,0.7317399,-0.05665784,-0.7382122,-39.28561,15.42782,24.4907
69.955072403,7.53587,-83.38588,-22.73127,0.7199605,-0.1071024,-0.8616512,-39.28561,15.42782,24.4907
69.965069771,11.6586,-76.5010100000002,-21.02409,0.705641,-0.04594703,-0.8917923,-39.28561,15.42782,24.4907
69.975067616,11.78166,-71.3373500000002,-20.10953,0.7189314,0.02709463,-0.7980334,-39.28561,15.42782,24.4907
69.985065937,5.689873,-69.85354,-18.15846,0.8417411,0.07955199,-0.7475319,-39.28561,15.42782,24.4907
69.995062828,-0.4634504,-66.05499,-16.69516,0.8553104,0.03098028,-0.7743433,-37.01942,14.01063,27.35318
70.00506115,0.705681,-63.7402500000003,-16.51225,0.7923574,0.00971641,-0.7847568,-37.01942,14.01063,27.35318
70.015058994,5.013007,-59.94169,-17.48778,0.7866499,0.001574171,-0.8125021,-37.01942,14.01063,27.35318
70.025056362,7.35127000000003,-55.25286,-17.79264,0.8038689,0.06951632,-0.8594502,-37.01942,14.01063,27.35318
70.035054207,3.597743,-52.87876,-16.2074,0.8043414,0.1226687,-0.8403216,-37.01942,14.01063,27.35318
70.045052052,-2.063314,-51.92912,-16.14643,0.8445039,0.1382335,-0.8193383,-35.13902,13.28142,29.43514
70.055049419,-8.70890300000002,-50.74208,-15.29283,0.902527,0.1357765,-0.8414533,-35.13902,13.28142,29.43514
70.065047741,-13.75463,-48.36798,-13.40274,0.9244902,0.1337061,-0.8496268,-35.13902,13.28142,29.43514
70.075045586,-21.26168,-43.91655,-11.57362,0.8264922,0.160794,-0.9169422,-35.13902,13.28142,29.43514
70.085042954,-27.90727,-41.42376,-12.12236,0.8010677,0.1914489,-0.9106843,-35.13902,13.28142,29.43514
70.095040798,-34.92206,-36.31945,-13.09789,0.7868982,0.1672525,-0.9221391,-34.76964,13.29458,30.66343
70.105038643,-39.78319,-32.16478,-14.80507,0.7958025,0.1088357,-0.8996465,-34.76964,13.29458,30.66343
70.115036011,-38.98325,-26.22955,-17.12196,0.8554295,0.07288481,-0.9212771,-34.76964,13.29458,30.66343
70.125034332,-39.10632,-20.17561,-23.88971,0.9731898,0.02943201,-0.9324785,-34.76964,13.29458,30.66343
70.135032177,-36.27579,-13.88426,-32.0598,0.9417148,-0.03205441,-0.892686,-34.76964,13.29458,30.66343
70.145029545,-31.107,-8.364487,-35.04736,0.8154964,-0.08454841,-0.9398314,-32.88108,12.18447,32.68293
70.15502739,-25.50747,-4.44723,-35.83998,0.9643331,-0.01709509,-0.8999079,-32.88108,12.18447,32.68293
70.165025234,-27.04581,0.1822547,-36.51066,1.20102,0.06921151,-0.8481779,-32.88108,12.18447,32.68293
70.175022602,-32.27613,5.405263,-36.44969,1.265133,0.1601161,-0.7707838,-32.88108,12.18447,32.68293
70.185020447,-41.25998,7.60130100000003,-35.77901,1.26299,0.1989071,-0.6693319,-32.88108,12.18447,32.68293
70.195018768,-52.9513,7.12648200000003,-35.71804,1.335327,0.1895027,-0.5790048,-32.46086,9.908414,33.08488
70.205016136,-62.5504799999999,5.523968,-43.15648,1.429528,0.3380226,-0.536614,-32.46086,9.908414,33.08488
70.215013981,-68.5807400000002,14.48618,-32.97436,1.321585,0.1462913,-0.4392254,-32.46086,9.908414,33.08488
70.225011826,-71.4727999999998,14.96099,-36.51066,1.407616,0.1606406,-0.3316995,-32.46086,9.908414,33.08488
70.235009193,-68.3961399999997,20.95558,-35.77901,1.427621,0.1077183,-0.3168849,-32.46086,9.908414,33.08488
70.245007038,-67.5962100000002,22.43939,-35.71804,1.353033,0.05845661,-0.2818061,-33.55561,8.382367,33.53615
70.25500536,-66.0578799999999,20.42141,-35.83998,1.213241,0.002358649,-0.3217484,-33.55561,8.382367,33.53615
70.265002728,-61.19675,17.27574,-35.10833,1.159501,-0.04262208,-0.3417433,-33.55561,8.382367,33.53615
70.275000572,-52.9513,12.34949,-31.32815,1.111166,0.01348773,-0.3718238,-33.55561,8.382367,33.53615
70.284998417,-41.69072,9.20381500000001,-30.23067,1.127164,0.04554887,-0.3015092,-33.55561,8.382367,33.53615
70.294995785,-35.66046,4.099511,-24.01165,1.161522,-0.07211931,-0.3302534,-34.96442,4.18012,32.70883
70.30499363,-27.90727,-3.022773,-18.34137,1.10833,-0.1462018,-0.345456,-34.96442,4.18012,32.70883
70.314991951,-14.36996,-10.14506,-19.13399,1.055976,-0.1352368,-0.3616392,-34.96442,4.18012,32.70883
70.324989319,0.8287475,-15.90224,-19.56079,1.030857,-0.1235645,-0.4654494,-34.96442,4.18012,32.70883
70.334987164,9.68953300000002,-22.84646,-20.90215,1.040686,-0.02426892,-0.4688421,-36.03191,1.505924,32.32768
70.344985008,6.55133799999999,-29.01911,-18.52429,1.045076,0.02963642,-0.3760199,-36.03191,1.505924,32.32768
70.354982376,-0.894183000000003,-34.18277,-14.86604,1.008392,0.06292755,-0.3759645,-36.03191,1.505924,32.32768
70.364980221,-12.46243,-43.56044,-8.22022599999998,0.9372663,0.1374414,-0.4696606,-36.03191,1.505924,32.32768
70.374978542,-29.01487,-50.74208,1.352183,0.8974607,0.1557909,-0.4494958,-36.03191,1.505924,32.32768
70.384975433,-41.75225,-54.24387,14.27798,0.7689224,0.1465901,-0.5928422,-37.12639,-0.02066803,32.71445
70.394973755,-54.55116,-74.8984900000001,25.25272,0.7222025,-0.08129759,-1.285202,-37.12639,-0.02066803,32.71445
70.4049716,-51.1053,-84.6322800000002,34.27639,0.967492,-0.3133201,-0.8318794,-37.12639,-0.02066803,32.71445
70.414968968,-30.30707,-63.2654300000002,40.12959,1.023535,-0.4273038,-0.1873057,-37.12639,-0.02066803,32.71445
70.424966812,4.397675,-39.64318,36.83717,0.6356159,0.03484506,-0.4619297,-37.12639,-0.02066803,32.71445
70.434964657,18.55032,-40.71152,17.81429,0.3674118,0.5547985,-0.8382354,-37.47504,-1.534552,33.94529
70.444962025,-12.52396,-51.3356,12.38789,0.3742435,0.6035169,-0.9454609,-37.47504,-1.534552,33.94529
70.454960346,-55.10496,-51.92912,16.89973,0.513429,0.5097355,-0.927015,-37.47504,-1.534552,33.94529
70.464957714,-68.15001,-39.04966,20.497,0.4326212,0.3512774,-0.8631827,-37.47504,-1.534552,33.94529
70.474955559,-60.6429500000003,-30.0281,15.19255,0.3182648,0.2935831,-0.7610317,-37.47504,-1.534552,33.94529
70.484953404,-48.95164,-25.10185,6.22984400000002,0.3248352,0.2298142,-0.7342265,-38.24364,-0.7729282,34.70968
70.494950771,-30.86087,-20.94719,-6.02527899999998,0.3268929,0.1447747,-0.7916374,-38.24364,-0.7729282,34.70968
70.504948616,-3.478579,-17.92022,-20.04856,0.3469077,0.08906657,-0.8687087,-38.24364,-0.7729282,34.70968
70.514946938,26.54964,-14.47778,-35.47416,0.3413173,0.1786798,-0.887865,-38.24364,-0.7729282,34.70968
70.524943829,44.94807,-12.28174,-49.92423,0.3370731,0.3019296,-0.8452961,-38.24364,-0.7729282,34.70968
70.53494215,49.6246,-8.83930499999998,-60.1673199999997,0.3405671,0.3248783,-0.7878789,-38.21666,-1.920533,33.94176
70.544939995,49.37846,-2.904068,-66.3253600000002,0.3169762,0.3107191,-0.7442837,-38.21666,-1.920533,33.94176
70.554937363,49.00927,3.802749,-69.5568100000002,0.3160301,0.2836237,-0.7294393,-38.21666,-1.920533,33.94176
70.564935207,46.42487,10.98439,-71.8127300000001,0.3187271,0.2710302,-0.6777545,-38.21666,-1.920533,33.94176
70.574933529,43.71741,19.29372,-74.4344699999998,0.3191669,0.2485418,-0.6404205,-38.21666,-1.920533,33.94176
70.58493042,42.42521,28.61204,-76.2026199999999,0.3211724,0.1944499,-0.6083456,-39.34705,-1.551883,33.54439
70.594928742,44.02507,38.9987,-77.3000899999998,0.3330415,0.1335566,-0.5973433,-39.34705,-1.551883,33.54439
70.604926586,49.2554,49.50407,-78.27563,0.3588438,0.08309954,-0.5911538,-39.34705,-1.551883,33.54439
70.614923954,56.57785,60.3655600000001,-78.8853399999998,0.3821791,0.03469103,-0.5682104,-39.34705,-1.551883,33.54439
70.624921799,63.5926400000002,70.8709299999997,-80.8363999999998,0.4036374,0.00795928,-0.5620194,-39.34705,-1.551883,33.54439
70.634919643,68.63837,81.2575799999998,-82.6045499999999,0.4541881,-0.01082523,-0.5467882,-40.82575,-1.967461,30.69728
70.644917011,70.2997699999998,92.1190699999998,-83.70203,0.5019778,-0.03849019,-0.5401644,-40.82575,-1.967461,30.69728
70.654915333,66.7308300000001,102.209,-83.5191099999999,0.5615237,-0.07004289,-0.5589245,-40.82575,-1.967461,30.69728
70.664913177,60.2698499999997,111.8241,-81.0802800000001,0.6030314,-0.1272955,-0.5857824,-40.82575,-1.967461,30.69728
70.674910545,52.51666,119.7179,-76.14165,0.6243944,-0.2021339,-0.6322222,-40.82575,-1.967461,30.69728
70.68490839,45.25574,126.306,-69.0080699999998,0.651064,-0.2217894,-0.6604996,-42.64854,-3.540538,26.24097
70.694906235,39.96388,133.1316,-63.33779,0.6668695,-0.1554637,-0.6686801,-42.64854,-3.540538,26.24097
70.704903603,39.22548,142.3905,-59.6795499999999,0.7295052,-0.01070482,-0.5443968,-42.64854,-3.540538,26.24097
70.714901924,38.05635,153.6675,-59.7405199999998,0.7963829,0.1404936,-0.4689373,-42.64854,-3.540538,26.24097
70.724899769,29.19557,165.0038,-56.32616,0.8842749,0.003694772,-0.3675971,-42.64854,-3.540538,26.24097
70.734897137,17.56579,175.984,-45.04657,0.9471036,-0.3053612,-0.3436983,-45.91455,-4.38112,19.70593
70.744894981,16.76585,186.9048,-30.53553,0.9552679,-0.458077,-0.4815031,-45.91455,-4.38112,19.70593
70.754892826,29.8109,195.1548,-21.32894,0.9578397,-0.546895,-0.6341505,-45.91455,-4.38112,19.70593
70.764890194,53.99346,199.903,-16.8171,0.9849088,-0.5895275,-0.7313376,-45.91455,-4.38112,19.70593
70.774888039,78.6682799999997,204.117,-14.62216,1.019808,-0.581121,-0.7907441,-45.91455,-4.38112,19.70593
70.78488636,97.3743800000002,207.144,-11.26876,1.056489,-0.5888809,-0.8152134,-48.04544,-8.276736,10.80848
70.794883728,112.1424,209.4587,-5.964308,1.071669,-0.5673925,-0.8363027,-48.04544,-8.276736,10.80848
70.804881573,121.4339,212.7231,0.01082622,1.046885,-0.5193802,-0.846322,-48.04544,-8.276736,10.80848
70.814879417,129.7409,214.7411,4.766546,1.05731,-0.4251287,-0.8181285,-48.04544,-8.276736,10.80848
70.824876785,133.2483,218.4209,8.60770299999997,1.077069,-0.3864664,-0.7779725,-48.04544,-8.276736,10.80848
70.83487463,134.7866,223.1691,12.38789,1.112482,-0.3251722,-0.7411996,-49.51443,-7.615534,0.3442554
70.844872951,130.6023,227.5612,16.41196,1.144557,-0.2934856,-0.6934061,-49.51443,-7.615534,0.3442554
70.854870319,123.4645,233.3777,19.52147,1.186925,-0.2386159,-0.630322,-49.51443,-7.615534,0.3442554
70.864868164,114.7883,238.5414,21.28962,1.225043,-0.1911896,-0.5748859,-49.51443,-7.615534,0.3442554
70.874866009,101.6202,243.1115,24.82593,1.253288,-0.137256,-0.5304415,-49.51443,-7.615534,0.3442554
70.884863377,85.0061999999998,247.2662,30.19135,1.275655,-0.1342133,-0.5118167,-49.13104,-5.803561,-10.62816
70.894861221,68.6998999999999,248.8093,38.23949,1.291649,-0.1815327,-0.5132682,-49.13104,-5.803561,-10.62816
70.904859543,56.63939,248.5126,48.42161,1.293435,-0.2262708,-0.5735603,-49.13104,-5.803561,-10.62816
70.914856911,51.53213,245.2482,57.6281899999999,1.307959,-0.2746711,-0.6367452,-49.13104,-5.803561,-10.62816
70.924854755,51.40906,240.0252,65.5544,1.33397,-0.3114835,-0.679853,-46.42844,-7.397915,-21.56563
70.9348526,55.53179,234.1493,73.2367100000002,1.352022,-0.3381597,-0.660256,-46.42844,-7.397915,-21.56563
70.944849968,56.02406,226.7303,80.3702899999998,1.314022,-0.3639645,-0.6367328,-46.42844,-7.397915,-21.56563
70.954847813,61.3159100000002,220.5576,85.6747499999999,1.256418,-0.3318174,-0.610319,-46.42844,-7.397915,-21.56563
70.964846134,68.5768400000001,212.4263,88.5403699999999,1.212228,-0.2879224,-0.6035532,-46.42844,-7.397915,-21.56563
70.974843025,76.4530899999999,205.3634,90.67435,1.185261,-0.2000435,-0.5537569,-41.61007,-5.918851,-30.82611
70.984841347,81.8680099999998,196.9354,90.4914400000001,1.16489,-0.09976744,-0.4910537,-41.61007,-5.918851,-30.82611
70.994839191,84.4524099999998,189.8131,90.1256100000002,1.137873,-0.03450077,-0.4163655,-41.61007,-5.918851,-30.82611
71.004836559,85.6215400000003,183.0469,86.2844499999999,1.06939,0.05830577,-0.3755911,-41.61007,-5.918851,-30.82611
71.014834404,85.3754000000002,176.5181,75.8584600000001,0.9967698,0.1379189,-0.3338489,-41.61007,-5.918851,-30.82611
71.024832249,79.09901,166.7844,61.2864399999998,0.9268503,0.1250328,-0.3164949,-35.22865,-5.161539,-36.84592
71.034829617,80.2681500000002,155.0919,50.49461,0.8591434,0.07089765,-0.3508204,-35.22865,-5.161539,-36.84592
71.044827938,89.8673300000003,143.815,44.45851,0.8155916,0.002302703,-0.3713056,-35.22865,-5.161539,-36.84592
71.054825783,100.6356,132.0039,42.26356,0.8006672,-0.03278695,-0.3502132,-35.22865,-5.161539,-36.84592
71.064823151,107.1582,119.3618,42.08065,0.7436247,-0.004463557,-0.3180565,-35.22865,-5.161539,-36.84592
71.074820995,109.558,104.5831,39.33697,0.6702663,0.06245666,-0.2810955,-30.31734,-6.297099,-40.48021
71.08481884,105.3122,90.8133200000002,35.9226,0.5794125,0.1000317,-0.2799896,-30.31734,-6.297099,-40.48021
71.094816208,95.7129900000001,75.0255899999999,33.48377,0.5608026,0.07938169,-0.2660731,-30.31734,-6.297099,-40.48021
71.104814529,85.0061999999998,60.4842600000003,33.97154,0.6177855,0.0297205,-0.2403166,-30.31734,-6.297099,-40.48021
71.114812374,75.7762200000001,49.68213,35.12998,0.6719627,-0.05278228,-0.2394326,-30.31734,-6.297099,-40.48021
71.124809742,68.08456,41.66956,35.9226,0.7040046,-0.07188862,-0.2193834,-25.71694,-10.78438,-42.80935
71.134807587,57.8700499999997,33.8944,36.59328,0.7155292,-0.08784518,-0.182549,-25.71694,-10.78438,-42.80935
71.144805431,50.11686,24.39802,37.32493,0.6965818,-0.0384561,-0.1609928,-25.71694,-10.78438,-42.80935
71.154802799,41.50221,18.16602,38.23949,0.7406376,-0.02215304,-0.1208734,-25.71694,-10.78438,-42.80935
71.164801121,36.33342,11.87467,38.78823,0.7564647,-0.0336292,-0.08165479,-25.71694,-10.78438,-42.80935
71.174798965,37.01028,7.54194799999998,38.91017,0.8032873,-0.06108956,-0.0506219,-24.53571,-13.44225,-43.23831
71.184796333,41.68681,5.049149,38.30046,0.8380301,-0.1198581,-0.01620986,-24.53571,-13.44225,-43.23831
71.194794178,52.63972,3.387283,37.08105,0.8629121,-0.1717332,0.04932504,-24.53571,-13.44225,-43.23831
71.204792023,69.49983,1.962826,35.86163,0.867495,-0.2080313,0.05554789,-24.53571,-13.44225,-43.23831
71.214789391,90.9133999999998,-1.242202,34.58125,0.8196233,-0.1511203,0.005844779,-24.53571,-13.44225,-43.23831
71.224787235,106.4813,-8.66124800000001,32.93504,0.7935511,-0.06109769,-0.03050473,-24.47478,-16.48128,-42.77058
71.234785557,110.9732,-15.24936,31.3498,0.7669578,-0.02266193,-0.1271406,-24.47478,-16.48128,-42.77058
71.244782925,110.8502,-24.98315,28.91097,0.6782031,0.0562928,-0.2284644,-24.47478,-16.48128,-42.77058
71.254780769,108.758,-37.86261,24.03331,0.6136574,0.1699084,-0.3116533,-24.47478,-16.48128,-42.77058
71.264778614,100.8818,-52.28524,19.82632,0.6170808,0.2201455,-0.3518726,-24.47478,-16.48128,-42.77058
71.274775982,88.8212699999998,-68.5477899999998,17.69235,0.6281487,0.2517959,-0.4217722,-25.9002,-20.28628,-41.60043
71.284773827,69.0691000000003,-87.5405499999999,16.89973,0.6350832,0.3737191,-0.4950378,-25.9002,-20.28628,-41.60043
71.294772148,28.45717,-85.1664499999997,23.78942,1.758118,0.1502383,1.647561,-25.9002,-20.28628,-41.60043
71.304769516,-47.84404,-3.972411,39.33697,2.666302,0.9336074,4.728285,-25.9002,-20.28628,-41.60043
71.314767361,45.25574,15.96998,32.14242,2.58135,-0.1591181,1.111637,-25.9002,-20.28628,-41.60043
71.324765205,110.8502,-50.74208,-4.927805,0.7060024,0.1722464,-0.7329619,-28.44146,-24.84627,-38.75755
71.334762573,93.2516600000003,-85.3445100000002,-22.30447,0.4137266,0.3354135,-0.220418,-28.44146,-24.84627,-38.75755
71.344760418,76.0223499999999,-110.3319,-5.110718,1.476802,-0.1818407,0.4851974,-28.44146,-24.84627,-38.75755
71.35475874,130.1101,-114.7833,-14.50021,1.810836,0.3438757,0.2337059,-28.44146,-24.84627,-38.75755
71.364755631,160.7536,-130.3929,-16.45128,1.453615,1.092865,0.01351219,-28.44146,-24.84627,-38.75755
71.374753952,82.6679500000002,-152.8281,-14.01245,1.303247,1.158349,-0.04606455,-31.4125,-26.74657,-35.93163
71.384751797,-8.093571,-177.4594,10.92459,1.512022,0.3614315,-0.3343261,-31.4125,-26.74657,-35.93163
71.394749165,-49.93617,-177.5781,24.21622,1.308153,0.1114295,-0.3434778,-31.4125,-26.74657,-35.93163
71.404747009,-62.8581499999998,-167.7849,23.78942,0.9468856,-0.06056506,-0.3562039,-31.4125,-26.74657,-35.93163
71.414745331,-65.75021,-160.722,27.08184,0.7877625,-0.4936491,-0.6080247,-31.4125,-26.74657,-35.93163
71.424742222,-64.2118800000002,-158.3479,33.97154,0.8588264,-0.8070523,-0.8641059,-35.07009,-32.36488,-29.80182
71.434740543,-36.46039,-155.6177,37.56881,1.084819,-0.7413047,-0.5405208,-35.07009,-32.36488,-29.80182
71.444738388,-7.78590499999999,-144.044,25.43563,1.132277,-0.2248344,-0.2282264,-35.07009,-32.36488,-29.80182
71.454735756,-2.001781,-134.6663,11.16848,1.08458,-0.124272,-0.2343906,-35.07009,-32.36488,-29.80182
71.464733601,-8.46277000000003,-129.7994,6.35178600000003,1.021453,-0.3445657,-0.2749028,-39.23164,-31.22425,-26.22648
71.474731445,14.05839,-119.7095,-2.123151,0.9505191,-0.4861596,-0.3010644,-39.23164,-31.22425,-26.22648
71.484728813,46.24027,-109.4416,-7.12275300000002,0.9463736,-0.419592,-0.2398166,-39.23164,-31.22425,-26.22648
71.494727135,64.8233,-98.5800900000002,-7.67149000000001,0.9873841,-0.2938114,-0.2308275,-39.23164,-31.22425,-26.22648
71.50472498,80.9450100000003,-90.8642799999998,-7.73246000000002,0.9948238,-0.1743967,-0.3667868,-39.23164,-31.22425,-26.22648
71.514722347,93.9900599999999,-83.2671700000002,-7.48857699999998,1.023646,0.03081653,-0.3070679,-43.38689,-30.88701,-20.19573
71.524720192,87.8982700000002,-78.40028,-6.33013299999999,1.062415,0.3282437,-0.281369,-43.38689,-30.88701,-20.19573
71.534718037,66.1770400000001,-76.3229500000002,-7.976343,1.122727,0.6467298,-0.2313056,-43.38689,-30.88701,-20.19573
71.544715405,24.14984,-73.1772800000002,-2.245092,1.221759,0.7210277,-0.1324322,-43.38689,-30.88701,-20.19573
71.554713726,-12.27783,-67.9542700000002,8.72964499999998,1.205188,0.408046,-0.206502,-43.38689,-30.88701,-20.19573
71.564711571,-22.12315,-61.4255099999999,16.29002,1.124967,0.2924208,-0.2953475,-45.18945,-32.31723,-15.29937
71.574708939,-26.49201,-55.37156,19.09467,1.138976,0.1700965,-0.2580115,-45.18945,-32.31723,-15.29937
71.584706783,-24.76908,-48.78345,22.44806,1.131038,0.09850092,-0.3115797,-45.18945,-32.31723,-15.29937
71.594704628,-28.64567,-42.90756,24.76495,1.114148,0.08927115,-0.3278195,-45.18945,-32.31723,-15.29937
71.604701996,-28.64567,-37.09103,25.25272,1.109532,0.07633148,-0.2981364,-45.18945,-32.31723,-15.29937
71.61469984,-28.338,-31.3932,22.69195,1.120393,0.01820332,-0.2483684,-46.31455,-32.68913,-13.30618
71.624698162,-30.184,-29.43458,20.98477,1.170353,-0.0707464,-0.146496,-46.31455,-32.68913,-13.30618
71.63469553,-25.07674,-29.49393,16.10711,1.116282,-0.1262596,-0.2545456,-46.31455,-32.68913,-13.30618
71.644693375,-22.43081,-28.42559,10.4978,1.04906,-0.1275921,-0.2549066,-46.31455,-32.68913,-13.30618
71.654691219,-21.63088,-25.99214,5.437224,1.003156,-0.1493121,-0.29885,-46.31455,-32.68913,-13.30618
71.664688587,-20.58482,-18.39504,3.364218,1.053394,-0.2029414,-0.2673378,-47.43091,-33.07792,-13.31249
71.674686432,-16.09289,-12.40045,-0.1111153,1.023484,-0.1678227,-0.2945735,-47.43091,-33.07792,-13.31249
71.684684753,-13.5085,-10.20441,-3.098683,1.021135,-0.1713312,-0.2481466,-47.43091,-33.07792,-13.31249
71.694682121,-12.27783,-9.96700000000001,-6.08625000000001,1.027152,-0.2053808,-0.2117766,-47.43091,-33.07792,-13.31249
71.704679966,-9.07810300000001,-10.20441,-9.86643700000001,0.9915822,-0.1800006,-0.2289498,-47.43091,-33.07792,-13.31249
71.714677811,-5.816842,-10.56052,-13.2808,0.9490484,-0.1725887,-0.2298348,-46.72899,-30.85029,-12.93176
71.724675178,-2.432514,-10.73858,-16.14643,0.9237685,-0.1497454,-0.2278823,-46.72899,-30.85029,-12.93176
71.734673023,-0.586516899999998,-10.97599,-17.91458,0.9246387,-0.1180806,-0.2211918,-46.72899,-30.85029,-12.93176
71.744671345,-0.709583300000001,-11.39146,-18.64623,0.9207191,-0.1437428,-0.2556359,-46.72899,-30.85029,-12.93176
71.754668236,3.597743,-10.79793,-18.82914,0.9177662,-0.1167902,-0.2776522,-46.72899,-30.85029,-12.93176
71.764666557,2.797811,-10.97599,-17.73167,0.9310814,-0.07247221,-0.2427507,-47.08145,-31.93077,-12.92879
71.774664402,-2.74018,-11.92563,-16.2074,0.943611,-0.03847099,-0.218374,-47.08145,-31.93077,-12.92879
71.78466177,-9.81650199999998,-13.8249,-14.62216,0.9299375,-0.01109072,-0.2236215,-47.08145,-31.93077,-12.92879
71.794659615,-16.76976,-15.36807,-13.03692,0.9341993,-0.004798938,-0.235595,-47.08145,-31.93077,-12.92879
71.804657936,-22.06161,-16.91123,-10.72003,0.9350511,0.002187757,-0.2174124,-47.08145,-31.93077,-12.92879
71.814654827,-24.39988,-17.4454,-9.74449500000001,0.930698,-1.746905e-05,-0.2365472,-46.36409,-30.46331,-12.4795
71.824653149,-24.03068,-17.86087,-9.50061200000003,0.9192225,0.01361564,-0.2618953,-46.36409,-30.46331,-12.4795
71.834650993,-23.41535,-17.80151,-9.43964200000003,0.91276,-0.005428676,-0.2580505,-46.36409,-30.46331,-12.4795
71.844648361,-20.83095,-18.51374,-9.25672899999999,0.8947461,-0.007041575,-0.2891261,-46.36409,-30.46331,-12.4795
71.854646206,-19.10802,-18.86986,-9.50061200000003,0.8821008,-0.03464011,-0.3039328,-46.36409,-30.46331,-12.4795
71.864644051,-17.44662,-19.81949,-8.52507999999999,0.8603363,-0.06973865,-0.3220718,-46.35136,-31.15736,-12.08878
71.874641418,-15.47756,-20.0569,-8.58605100000002,0.8582684,-0.06348859,-0.3249412,-46.35136,-31.15736,-12.08878
71.88463974,-16.52362,-20.35367,-8.70799300000002,0.8641144,-0.06335115,-0.3225586,-46.35136,-31.15736,-12.08878
71.894637585,-16.89282,-21.36266,-8.95187600000001,0.8583183,-0.06578133,-0.3101048,-46.35136,-31.15736,-12.08878
71.904634953,-15.29296,-22.72776,-8.46410900000001,0.8441133,-0.1144202,-0.3373464,-46.35136,-31.15736,-12.08878
71.914632797,-11.53943,-23.49934,-8.64702100000002,0.8309052,-0.1630955,-0.3176892,-45.94687,-32.6727,-11.69089
71.924630642,-6.92443900000002,-25.10185,-9.74449500000001,0.8520641,-0.1993941,-0.2942665,-45.94687,-32.6727,-11.69089
71.93462801,-1.509515,-26.94178,-9.74449500000001,0.8947937,-0.1655848,-0.3029641,-45.94687,-32.6727,-11.69089
71.944626331,0.1518819,-27.89142,-9.50061200000003,0.9317828,-0.111453,-0.3087854,-45.94687,-32.6727,-11.69089
71.954624176,-1.447982,-28.7817,-9.43964200000003,0.9597939,-0.07197607,-0.3035801,-45.94687,-32.6727,-11.69089
71.964621544,-3.970845,-29.31587,-8.70799300000002,0.9817,-0.01914054,-0.3122463,-45.97413,-31.52455,-10.85847
71.974619389,-7.17057299999998,-29.37523,-8.40313799999999,0.9744245,0.004246128,-0.3428684,-45.97413,-31.52455,-10.85847
71.984617233,-8.03203799999998,-28.36624,-8.098285,0.9638861,0.01982397,-0.370133,-45.97413,-31.52455,-10.85847
71.994615555,-7.04750599999997,-26.34826,-8.098285,0.9551732,0.01674495,-0.3691598,-45.97413,-31.52455,-10.85847
72.004612446,-4.893843,-24.09286,-9.07381699999998,0.9732096,0.01674695,-0.354834,-45.97413,-31.52455,-10.85847
72.014610767,-1.017249,-22.49035,-9.80546599999998,0.973254,-0.01213327,-0.3777982,-46.33652,-32.28153,-10.08319
72.024608135,3.290077,-21.77812,-10.47614,0.9607623,0.004794563,-0.3595949,-46.33652,-32.28153,-10.08319
72.03460598,2.736278,-21.48136,-11.26876,0.9511122,0.02618272,-0.3380477,-46.33652,-32.28153,-10.08319
72.044603825,1.321013,-21.77812,-11.39071,0.9329176,0.03511316,-0.3317968,-46.33652,-32.28153,-10.08319
72.054602146,1.628679,-22.25294,-11.14682,0.9111982,0.02321351,-0.3638204,-45.95928,-32.64873,-8.852873
72.064599037,2.736278,-21.77812,-11.02488,0.9203138,0.03059939,-0.3729312,-45.95928,-32.64873,-8.852873
72.074597359,3.105477,-20.17561,-12.00041,0.9310907,0.02653877,-0.4150636,-45.95928,-32.64873,-8.852873
72.084595203,4.090009,-19.64144,-12.97595,0.9127502,0.04323701,-0.4092931,-45.95928,-32.64873,-8.852873
72.094592571,-0.7711166,-20.41302,-12.36624,0.9082295,0.02634246,-0.3341444,-45.95928,-32.64873,-8.852873
72.104590416,-6.80137299999998,-23.85546,-11.51265,0.8878784,0.02081435,-0.3101787,-46.32983,-33.02481,-8.015121
72.114588261,-11.2933,-27.47595,-11.69556,0.8895267,0.01126845,-0.2948647,-46.32983,-33.02481,-8.015121
72.124585629,-13.5085,-31.63061,-11.8175,0.8861882,-0.04402378,-0.2761801,-46.32983,-33.02481,-8.015121
72.13458395,-10.80103,-36.85362,-12.06138,0.8456024,-0.06300725,-0.298119,-46.32983,-33.02481,-8.015121
72.144581795,-6.43217400000002,-40.53347,-12.61012,0.8550293,-0.04568145,-0.2837826,-46.32983,-33.02481,-8.015121
72.154579163,-2.986313,-42.78886,-13.89051,0.8914254,0.0392537,-0.3207183,-46.70206,-33.39763,-6.790367
72.164577007,-6.61677399999998,-45.63777,-14.01245,0.9215441,0.1732151,-0.3499984,-46.70206,-33.39763,-6.790367
72.174574852,-18.00042,-48.54604,-12.67109,0.9247593,0.1833869,-0.3605353,-46.70206,-33.39763,-6.790367
72.18457222,-27.96881,-51.69172,-9.62255399999997,0.8804654,0.1027604,-0.3666588,-46.70206,-33.39763,-6.790367
72.194570541,-29.0764,-55.01545,-8.70799300000002,0.8174421,0.007759188,-0.3631745,-46.70206,-33.39763,-6.790367
72.204568386,-22.12315,-56.3212,-9.62255399999997,0.7836856,-0.09079349,-0.4391839,-47.04874,-34.91533,-6.011033
72.214565754,-8.58583600000001,-57.15213,-11.45168,0.7756518,-0.1320091,-0.5181243,-47.04874,-34.91533,-6.011033
72.224563599,5.99753899999999,-55.78703,-14.19536,0.7538261,-0.1115624,-0.5200058,-47.04874,-34.91533,-6.011033
72.234561443,10.67406,-56.3212,-13.95148,0.759245,-0.139832,-0.4879434,-47.04874,-34.91533,-6.011033
72.244558811,16.88892,-59.7636399999998,-11.14682,0.7511784,-0.1502566,-0.4415047,-47.04874,-34.91533,-6.011033
72.254556656,18.36572,-65.1647000000001,-11.14682,0.700361,-0.1166842,-0.433289,-46.30381,-35.26609,-3.16543
72.264554977,14.11993,-72.5837499999998,-9.01284600000001,0.7082952,-0.1229271,-0.3892722,-46.30381,-35.26609,-3.16543
72.274552345,16.51972,-78.16287,-9.31770000000002,0.7180874,-0.1265694,-0.4366674,-46.30381,-35.26609,-3.16543
72.28455019,21.01165,-82.67365,-11.69556,0.7723014,-0.1340751,-0.4712175,-46.30381,-35.26609,-3.16543
72.294548035,26.98037,-86.2941499999997,-12.2443,0.7788458,-0.06580782,-0.4066387,-46.30381,-35.26609,-3.16543
72.304545403,30.1801,-90.5081599999999,-12.854,0.8215051,-0.02803343,-0.4067228,-45.90386,-37.13781,0.07250595
72.314543247,32.76449,-94.3067200000002,-13.76857,0.8873854,-0.008880152,-0.4738432,-45.90386,-37.13781,0.07250595
72.324541569,36.21035,-96.5621099999999,-14.68313,0.9547145,-0.01496282,-0.5404811,-45.90386,-37.13781,0.07250595
72.334538937,42.30214,-95.2563600000002,-17.18293,0.9760451,0.0956367,-0.5017821,-45.90386,-37.13781,0.07250595
72.344536781,44.70194,-93.1790200000002,-23.15806,1.039897,0.2497154,-0.5296905,-45.90386,-37.13781,0.07250595
72.354534626,45.5634,-93.4164399999999,-29.55999,1.097965,0.4530538,-0.5255369,-45.91127,-37.85385,5.365587
72.364531994,33.62596,-95.6718199999999,-32.48659,1.084756,0.5853715,-0.5346409,-45.91127,-37.85385,5.365587
72.374529839,23.84218,-99.2923200000002,-32.0598,1.073849,0.4905062,-0.575755,-45.91127,-37.85385,5.365587
72.38452816,17.62732,-100.5387,-31.69397,0.9472131,0.3555465,-0.6592503,-45.91127,-37.85385,5.365587
72.394525528,16.51972,-99.8264800000001,-30.77941,0.9130754,0.1741139,-0.7108303,-45.91127,-37.85385,5.365587
72.404523373,13.81226,-96.1466399999999,-28.15767,0.8533663,0.1095513,-0.7336812,-46.29733,-38.19997,9.750856
72.414521217,6.05907200000001,-91.0423399999998,-24.37748,0.7887514,0.07176234,-0.7938594,-46.29733,-38.19997,9.750856
72.424518585,-1.324916,-83.6232900000001,-21.26797,0.7372567,0.06043302,-0.9114965,-46.29733,-38.19997,9.750856
72.43451643,-9.07810300000001,-75.7887800000001,-21.14603,0.7229803,0.04137375,-0.9454455,-46.29733,-38.19997,9.750856
72.444514752,-14.43149,-67.9542700000002,-19.07302,0.7225671,0.03750875,-0.9420938,-46.29733,-38.19997,9.750856
72.454511643,-18.18502,-58.9326999999999,-21.207,0.8098837,0.03232103,-0.954209,-43.66215,-39.66411,14.22895
72.464509964,-18.61575,-49.49568,-23.82874,0.8330056,0.02139598,-0.9236177,-43.66215,-39.66411,14.22895
72.474507809,-14.98529,-42.13598,-27.48699,0.8785299,-0.04206382,-0.947131,-43.66215,-39.66411,14.22895
72.484505177,-4.216978,-34.95435,-31.2062,0.9491596,-0.01505823,-0.9630541,-43.66215,-39.66411,14.22895
72.494503021,2.490145,-29.31587,-33.27921,1.027173,0.1147648,-0.8579367,-43.66215,-39.66411,14.22895
72.504500866,-1.017249,-25.39862,-35.1693,1.047872,0.1811092,-0.8216181,-42.59369,-40.39942,16.3049
72.514498234,-9.69343500000003,-21.12525,-34.37668,1.070151,0.2396606,-0.8436866,-42.59369,-40.39942,16.3049
72.524496555,-19.23109,-18.21698,-34.74251,1.065234,0.2691498,-0.7967851,-42.59369,-40.39942,16.3049
72.5344944,-29.4456,-17.14864,-36.57163,1.148882,0.2797039,-0.7270615,-42.59369,-40.39942,16.3049
72.544491768,-39.47552,-13.8249,-42.54676,1.274373,0.18855,-0.7105067,-42.59369,-40.39942,16.3049
72.554489613,-41.07539,-11.39146,-49.13161,1.236782,0.09031823,-0.6371937,-40.69022,-41.90351,16.71391
72.564487457,-39.59859,-12.4598,-50.41199,1.171707,0.05338431,-0.6030919,-40.69022,-41.90351,16.71391
72.574485779,-42.36758,-12.28174,-50.47297,1.27574,0.1451293,-0.5731465,-40.69022,-41.90351,16.71391
72.584483147,-50.98223,-11.56951,-52.485,1.453987,0.2578854,-0.4256063,-40.69022,-41.90351,16.71391
72.594480992,-63.0427500000003,-9.67023799999998,-50.59491,1.44315,0.3446962,-0.3150586,-38.77183,-43.80158,15.51245
72.604478836,-75.0417299999997,-7.29614399999999,-50.71685,1.374947,0.3190043,-0.2670755,-38.77183,-43.80158,15.51245
72.614476204,-80.14899,-6.99938200000001,-49.49743,1.371971,0.1408637,-0.2387885,-38.77183,-43.80158,15.51245
72.624474049,-74.7340599999998,-5.278163,-48.58287,1.297362,-0.01238639,-0.2563263,-38.77183,-43.80158,15.51245
72.63447237,-59.7814899999997,-8.245782,-49.37549,1.211306,-0.1270444,-0.2800756,-38.77183,-43.80158,15.51245
72.644469738,-40.21392,-14.00296,-52.97277,1.131062,-0.2154178,-0.3646209,-36.85426,-45.33291,12.69645
72.654467583,-14.30843,-24.27092,-56.20422,1.074501,-0.2688005,-0.4999456,-36.85426,-45.33291,12.69645
72.664465427,11.78166,-35.66658,-59.1308100000001,1.141202,-0.2382463,-0.4383334,-36.85426,-45.33291,12.69645
72.674462795,32.88756,-39.64318,-58.2162500000001,1.221977,-0.2036308,-0.3351107,-36.85426,-45.33291,12.69645
72.68446064,41.80988,-44.45073,-56.38713,1.184057,-0.2338733,-0.3187652,-36.85426,-45.33291,12.69645
72.694458961,44.27121,-55.31221,-54.9848,1.06658,-0.2862526,-0.4252694,-36.08485,-46.46127,13.5466
72.704455852,48.64007,-69.4380700000001,-54.61898,0.9595651,-0.2470725,-0.532294,-36.08485,-46.46127,13.5466
72.714454174,55.59332,-85.4038599999997,-57.7284899999999,1.040829,-0.2924278,-0.5132809,-36.08485,-46.46127,13.5466
72.724452019,66.1155,-91.6358599999999,-59.6795499999999,1.254576,-0.3844237,-0.4078645,-36.08485,-46.46127,13.5466
72.734449387,86.9137299999999,-88.4308300000002,-61.6915900000001,1.339687,-0.3224933,-0.355864,-36.08485,-46.46127,13.5466
72.744447231,103.6508,-89.9146399999998,-63.8255599999999,1.259946,-0.2277865,-0.3485708,-33.46539,-47.16471,18.02065
72.754445076,115.7113,-89.6178800000002,-66.1424499999998,1.197507,-0.1992295,-0.3853197,-33.46539,-47.16471,18.02065
72.764442444,130.6639,-85.2258100000001,-66.93507,1.060227,-0.07955214,-0.4985337,-33.46539,-47.16471,18.02065
72.774440765,142.7859,-93.00097,-70.04458,1.020246,-0.01078982,-0.9158,-33.46539,-47.16471,18.02065
72.78443861,135.7096,-110.3319,-73.21506,1.095398,-0.1283839,-1.236547,-33.46539,-47.16471,18.02065
72.794435978,123.526,-113.7149,-74.5564100000003,1.194071,-0.08577483,-1.095071,-30.12628,-47.07456,25.72121
72.804433823,119.0341,-99.2329599999999,-60.5941099999999,1.261346,-0.05403622,-0.7994366,-30.12628,-47.07456,25.72121
72.814431667,117.1266,-80.0621500000001,-41.57123,1.106414,0.1812135,-0.6714473,-30.12628,-47.07456,25.72121
72.824429035,100.8818,-68.5477899999998,-41.69318,0.8135734,0.5937435,-0.7327794,-30.12628,-47.07456,25.72121
72.834427357,60.02372,-64.3931300000002,-45.10754,0.705654,0.8122717,-0.7809837,-30.12628,-47.07456,25.72121
72.844425201,-2.494047,-62.9093200000001,-39.98599,0.6469391,0.7981,-0.8220352,-26.45541,-45.07274,34.25291
72.854422569,-61.0121500000001,-57.5676000000001,-29.74291,0.6665912,0.6857367,-0.8234763,-26.45541,-45.07274,34.25291
72.864420414,-96.57836,-42.78886,-19.31691,0.6792245,0.4813927,-0.7717595,-26.45541,-45.07274,34.25291
72.874418259,-107.4082,-22.25294,-10.84197,0.6281849,0.2693165,-0.6840365,-26.45541,-45.07274,34.25291
72.884415626,-100.7626,0.004197581,-6.33013299999999,0.5241975,0.1517975,-0.6101242,-26.45541,-45.07274,34.25291
72.894413948,-83.5948499999999,21.3117,-7.12275300000002,0.3840975,0.03610781,-0.5768285,-24.27074,-42.37649,36.25491
72.904411793,-57.07402,39.23611,-9.19575899999999,0.3074828,-0.1128119,-0.5417204,-24.27074,-42.37649,36.25491
72.914409637,-24.76908,60.30621,-15.35381,0.2265419,-0.2125791,-0.4893889,-24.27074,-42.37649,36.25491
72.924407005,15.28906,83.45362,-24.31651,0.2110424,-0.3476095,-0.5022486,-24.27074,-42.37649,36.25491
72.93440485,56.57785,112.3582,-33.46212,0.1509936,-0.3670774,-0.4820387,-24.27074,-42.37649,36.25491
72.944403172,88.9443399999998,139.3042,-35.5961,0.3438129,-0.3081689,-0.5149332,-24.96064,-44.68822,33.42351
72.954400063,101.6817,162.9858,-30.77941,0.3905201,-0.09764831,-0.5509621,-24.96064,-44.68822,33.42351
72.964398384,95.8360499999999,179.5451,-29.37708,0.5246305,-0.0006655641,-0.5976427,-24.96064,-44.68822,33.42351
72.974396229,81.1296199999999,197.2321,-31.02329,0.5448112,0.09419976,-0.523523,-24.96064,-44.68822,33.42351
72.984393597,61.0697799999999,217.59,-36.69357,0.3693316,0.1249383,-0.4495243,-24.96064,-44.68822,33.42351
72.994391441,34.79509,230.5882,-39.01046,0.5423717,-0.00854784,-0.4885563,-28.37263,-42.81175,33.38834
73.004389286,13.75073,245.8417,-38.64464,0.3270992,-0.01497285,-0.5130653,-28.37263,-42.81175,33.38834
73.014386654,-9.07810300000001,253.4388,-32.60853,0.4848757,-0.1151131,-0.5922796,-28.37263,-42.81175,33.38834
73.024384975,-24.76908,261.7481,-17.48778,0.5847756,-0.09001154,-0.6139962,-28.37263,-42.81175,33.38834
73.03438282,-38.61406,273.6186,-7.18372300000002,0.6306302,-0.1709017,-0.631284,-28.37263,-42.81175,33.38834
73.044380188,-47.47484,276.5862,8.48576300000002,0.681523,-0.2323887,-0.5571777,-34.383,-41.00291,27.65768
73.054378033,-47.96711,280.5628,29.52067,0.8426053,-0.2743997,-0.6105695,-34.383,-41.00291,27.65768
73.064375877,-34.0606,292.4927,46.59249,0.9999056,-0.2957337,-0.6266313,-34.383,-41.00291,27.65768
73.074373245,-10.49337,306.9746,55.61616,1.038666,-0.3101549,-0.6400953,-34.383,-41.00291,27.65768
73.084371567,14.85832,316.8271,61.71323,1.019164,-0.2831389,-0.6194894,-34.383,-41.00291,27.65768
73.094369411,36.57955,325.1365,67.2615800000002,1.057023,-0.2486504,-0.5965926,-41.06326,-41.9096,16.32413
73.104366779,54.60879,331.5465,72.80992,1.10943,-0.1848628,-0.5895218,-41.06326,-41.9096,16.32413
73.114364624,68.63837,339.4998,77.4436999999999,1.207991,-0.1403281,-0.6088482,-41.06326,-41.9096,16.32413
73.124362469,78.2990900000002,345.435,81.10194,1.260636,-0.06427409,-0.6424598,-41.06326,-41.9096,16.32413
73.134359837,80.9450100000003,350.0051,83.60175,1.327547,0.005627034,-0.6358944,-41.06326,-41.9096,16.32413
73.144358158,77.8068199999997,352.3199,84.9431000000003,1.376783,0.08166195,-0.6642358,-48.85329,-40.17537,3.356001
73.154356003,70.7920299999999,352.3199,85.1260100000001,1.425473,0.1363407,-0.6356202,-48.85329,-40.17537,3.356001
73.164353371,62.5465799999997,348.4619,84.7601899999999,1.434371,0.1825897,-0.5925758,-48.85329,-40.17537,3.356001
73.174351215,52.76279,340.7462,81.8945600000001,1.434292,0.2655492,-0.5543109,-48.85329,-40.17537,3.356001
73.18434906,37.93328,333.0303,77.4436999999999,1.375509,0.3867232,-0.5145178,-54.0856,-37.68573,-12.4997
73.194346428,14.05839,321.2192,69.0297300000003,1.306553,0.4791792,-0.4579494,-54.0856,-37.68573,-12.4997
73.204344273,-14.86223,308.7552,59.2134399999999,1.248565,0.5052813,-0.4540264,-54.0856,-37.68573,-12.4997
73.214342594,-45.25964,291.6617,48.78743,1.226566,0.5085676,-0.4721749,-54.0856,-37.68573,-12.4997
73.224340439,-73.1342000000002,274.9837,40.73929,1.226049,0.3793924,-0.5147339,-54.0856,-37.68573,-12.4997
73.234338284,-83.4717799999999,256.5251,39.09308,1.19314,0.2099704,-0.5840265,-51.8587,-33.24515,-29.14843
73.244335651,-77.8722499999998,238.8381,38.30046,1.141745,0.09148782,-0.6226711,-51.8587,-33.24515,-29.14843
73.254333496,-64.9502799999999,220.6763,37.69075,1.008844,0.1108172,-0.6128728,-51.8587,-33.24515,-29.14843
73.264330864,-57.4432299999999,202.099,35.55678,0.8773402,0.1856329,-0.5963912,-51.8587,-33.24515,-29.14843
73.274329186,-57.81242,179.7232,32.3863,0.7734303,0.2951623,-0.6163385,-51.8587,-33.24515,-29.14843
73.28432703,-65.87328,155.5074,29.70359,0.7497536,0.3365469,-0.6096078,-45.91489,-28.04807,-42.09656
73.294324398,-75.5955300000001,128.5614,28.60611,0.7521662,0.3374173,-0.6258838,-45.91489,-28.04807,-42.09656
73.304322243,-85.1947100000001,100.7252,27.9964,0.7646818,0.2676364,-0.6316306,-45.91489,-28.04807,-42.09656
73.314320088,-89.8712400000001,74.3133599999998,27.08184,0.7410386,0.1515809,-0.6243808,-45.91489,-28.04807,-42.09656
73.324317455,-84.0255800000002,50.15695,23.60651,0.703894,0.02799598,-0.6142342,-45.91489,-28.04807,-42.09656
73.334315777,-67.1039399999998,26.89082,18.72885,0.6821832,-0.06133834,-0.6117805,-39.70403,-21.97006,-48.59673
73.344313622,-42.92138,4.040159,10.61974,0.6787254,-0.08469675,-0.6079398,-39.70403,-21.97006,-48.59673
73.354310989,-11.41637,-17.97957,1.535095,0.6761987,-0.1062992,-0.6265943,-39.70403,-21.97006,-48.59673
73.364308834,23.04224,-39.64318,-8.70799300000002,0.656969,-0.09467092,-0.6418782,-39.70403,-21.97006,-48.59673
73.374306679,53.87039,-59.46687,-17.91458,0.643132,-0.05852501,-0.6447349,-39.70403,-21.97006,-48.59673
73.384304047,76.26849,-78.4596300000001,-23.03612,0.6549089,-0.008930553,-0.5610174,-37.55074,-17.02218,-50.21892
73.394302368,87.8367300000001,-95.4937700000003,-25.71884,0.5992068,0.07463931,-0.6542641,-37.55074,-17.02218,-50.21892
73.404300213,92.0209999999999,-112.8247,-28.82834,0.5960672,0.1647791,-0.62126,-37.55074,-17.02218,-50.21892
73.414297581,89.5596599999997,-125.7635,-30.71844,0.6213583,0.2969207,-0.6266025,-37.55074,-17.02218,-50.21892
73.424295426,71.5304300000001,-137.3965,-31.81591,0.6937366,0.3875105,-0.6013875,-37.55074,-17.02218,-50.21892
73.43429327,47.7786,-145.8246,-32.85241,0.8159549,0.3931216,-0.5709731,-39.05006,-17.76309,-46.54946
73.444290638,15.71979,-137.6933,-30.35261,1.746451,0.4243125,1.248857,-39.05006,-17.76309,-46.54946
73.454288483,-157.9885,40.77927,-8.28119799999998,4.245292,0.9006777,7.961672,-39.05006,-17.76309,-46.54946
73.464286804,-74.4264000000001,94.73058,44.03172,2.909124,-0.6973452,1.009267,-39.05006,-17.76309,-46.54946
73.474284649,13.75073,-16.55511,-10.29323,-0.4035309,-0.6334605,-1.787037,-39.05006,-17.76309,-46.54946
73.484282017,13.62766,-83.2078200000001,-31.81591,-0.81252,-0.01193249,-1.115999,-44.55039,-21.20404,-43.73444
73.494279862,-90.9788400000001,-106.3552,16.9607,1.227975,-0.643356,1.089234,-44.55039,-21.20404,-43.73444
73.504277706,26.42657,-91.5171599999998,3.059364,2.060887,-1.004988,0.3958546,-44.55039,-21.20404,-43.73444
73.514275074,176.5061,-95.3157099999998,-10.781,1.162192,0.1200568,0.4885396,-44.55039,-21.20404,-43.73444
73.524273396,165.4301,-117.5135,-26.99922,0.8845873,0.8091992,0.3534091,-44.55039,-21.20404,-43.73444
73.53427124,109.6195,-129.7401,-16.32934,1.198612,0.7909304,0.06859215,-45.32265,-20.43533,-42.13155
73.544268608,43.22514,-140.2454,-13.09789,1.23976,0.4129606,-0.06299068,-45.32265,-20.43533,-42.13155
73.554266453,11.72013,-145.4684,2.510627,1.185509,0.02771134,-0.2527916,-45.32265,-20.43533,-42.13155
73.564264298,-1.017249,-145.2904,15.68031,1.193259,-0.1514699,-0.2551519,-45.32265,-20.43533,-42.13155
73.574261665,-10.1857,-139.1771,18.54594,1.074617,-0.1097702,-0.1152116,-45.32265,-20.43533,-42.13155
73.584259987,-27.10734,-135.4379,17.87526,0.9594318,-0.1293848,-0.2571428,-49.00394,-24.97324,-35.685
73.594257832,-46.92104,-136.5062,26.47214,0.9464611,-0.3522631,-0.475772,-49.00394,-24.97324,-35.685
73.6042552,-58.1200899999999,-139.1178,35.25193,1.098765,-0.4717122,-0.5291287,-49.00394,-24.97324,-35.685
73.614253044,-42.12145,-130.6897,29.94747,1.232702,-0.175964,-0.2556929,-49.00394,-24.97324,-35.685
73.624250889,-28.95334,-120.8372,17.38749,1.134382,0.0008946395,-0.2053165,-49.00394,-24.97324,-35.685
73.634248257,-34.73746,-114.5459,13.11954,1.020586,-0.06377348,-0.2290303,-53.55124,-23.81417,-29.59692
73.644246578,-33.3222,-107.1862,11.16848,0.9870871,-0.1494365,-0.2777646,-53.55124,-23.81417,-29.59692
73.654244423,-16.52362,-97.6304500000001,8.668674,1.011914,-0.1206991,-0.2179933,-53.55124,-23.81417,-29.59692
73.664241791,-4.093911,-89.0837100000001,5.742078,1.073141,-0.05973176,-0.2195514,-53.55124,-23.81417,-29.59692
73.674239635,2.859344,-81.0117900000002,1.90092,1.088466,-0.01809231,-0.1631169,-53.55124,-23.81417,-29.59692
73.68423748,5.751406,-74.9578499999999,-1.086647,1.142645,0.003589437,-0.1412024,-58.12434,-21.14457,-24.80696
73.694234848,2.182479,-69.14131,-3.159653,1.118205,0.03379545,-0.1330318,-58.12434,-21.14457,-24.80696
73.704232693,-5.078443,-66.1736999999999,-2.123151,1.096571,0.04403681,-0.1353896,-58.12434,-21.14457,-24.80696
73.714231014,-10.67797,-61.6629100000002,-2.428004,1.102934,0.01716912,-0.111465,-58.12434,-21.14457,-24.80696
73.724228859,-13.44696,-59.2888199999997,-4.074214,1.134631,-0.009841906,-0.1048132,-58.12434,-21.14457,-24.80696
73.734226227,-14.86223,-57.6862999999997,-4.196156,1.128383,-0.01501775,-0.1258584,-59.67254,-19.60007,-20.76267
73.744224071,-16.09289,-55.78703,-4.50101,1.114136,-0.007536391,-0.07414923,-59.67254,-19.60007,-20.76267
73.754221916,-15.60063,-54.89674,-6.02527899999998,1.148312,-0.0105513,-0.05267211,-59.67254,-19.60007,-20.76267
73.764219284,-16.46209,-53.47229,-6.57401600000003,1.148528,0.004083828,-0.04693334,-59.67254,-19.60007,-20.76267
73.774217606,-19.16955,-53.35358,-5.90333699999997,1.118713,0.008835764,-0.04736117,-61.17437,-19.97098,-18.32076
73.78421545,-20.64635,-54.83739,-8.15925599999997,1.075707,0.04080641,-0.07170181,-61.17437,-19.97098,-18.32076
73.794212818,-24.33834,-54.24387,-10.23226,1.068873,0.04020204,-0.1228974,-61.17437,-19.97098,-18.32076
73.804210663,-26.43047,-53.59099,-11.02488,1.0576,0.06962176,-0.1228853,-61.17437,-19.97098,-18.32076
73.814208507,-29.38407,-51.51366,-12.18333,1.062262,0.08169229,-0.08843905,-61.17437,-19.97098,-18.32076
73.824205875,-32.7684,-50.2079,-13.15886,1.050846,-0.01235165,-0.1448669,-61.57108,-19.56619,-15.10055
73.834204197,-31.2916,-47.24029,-14.7441,1.039736,-0.07094648,-0.2046545,-61.57108,-19.56619,-15.10055
73.844202042,-29.50714,-43.08562,-15.35381,1.030441,-0.09571233,-0.2357393,-61.57108,-19.56619,-15.10055
73.854199409,-31.59927,-41.2457,-15.04895,1.013557,-0.07912567,-0.2452857,-61.57108,-19.56619,-15.10055
73.864197254,-34.30673,-38.69355,-14.7441,0.9741343,-0.05631274,-0.2691517,-61.57108,-19.56619,-15.10055
73.874195099,-38.36792,-36.2601,-15.23186,0.9557215,-0.08776361,-0.2676757,-61.57813,-19.55257,-13.48804
73.884192467,-39.41399,-34.71694,-14.86604,0.9217886,-0.1756413,-0.2920013,-61.57813,-19.55257,-13.48804
73.894190311,-34.18366,-33.70795,-16.14643,0.8956295,-0.2360298,-0.3029474,-61.57813,-19.55257,-13.48804
73.904188633,-27.10734,-32.46155,-17.97555,0.8788766,-0.3038496,-0.2966793,-61.57813,-19.55257,-13.48804
73.914186478,-19.90795,-31.80867,-17.60972,0.8734441,-0.3265252,-0.3201142,-61.57813,-19.55257,-13.48804
73.924183846,-12.2163,-31.80867,-17.73167,0.87533,-0.323818,-0.3469184,-61.95992,-19.54176,-11.87831
73.93418169,-7.84743800000001,-31.98673,-17.97555,0.8813914,-0.2841624,-0.3809181,-61.95992,-19.54176,-11.87831
73.944180012,-7.04750599999997,-32.46155,-16.14643,0.8726309,-0.2584578,-0.3675093,-61.95992,-19.54176,-11.87831
73.954176903,-7.04750599999997,-32.16478,-14.80507,0.8691575,-0.2287041,-0.3478893,-61.95992,-19.54176,-11.87831
73.964175224,-7.66283799999999,-31.21515,-14.13439,0.8633569,-0.1792176,-0.3440633,-61.95992,-19.54176,-11.87831
73.974173069,-8.46277000000003,-30.68097,-12.91498,0.8765554,-0.1292987,-0.3340491,-62.70691,-19.91739,-10.65634
73.984170437,-7.724371,-30.0281,-12.06138,0.8910438,-0.09647189,-0.3359971,-62.70691,-19.91739,-10.65634
73.994168282,-5.139976,-29.07846,-12.30527,0.9126757,-0.05472632,-0.3346098,-62.70691,-19.91739,-10.65634
74.004166126,-2.801713,-27.59465,-12.12236,0.9186116,-0.00742885,-0.3298466,-62.70691,-19.91739,-10.65634
74.014163494,-1.263382,-26.82307,-11.8175,0.9162955,0.06393687,-0.3322538,-62.70691,-19.91739,-10.65634
74.026660919,-1.078783,-27.23854,-12.48818,0.9064844,0.09339862,-0.3308086,-62.31564,-21.04203,-9.034969
74.03415966,-1.878715,-27.11983,-11.87847,0.8994,0.08092589,-0.3508932,-62.31564,-21.04203,-9.034969
74.044157028,-3.232446,-27.11983,-10.72003,0.9144334,0.0596582,-0.3178922,-62.31564,-21.04203,-9.034969
74.054154873,-8.46277000000003,-27.5353,-9.378671,0.9206221,-0.01007668,-0.3049634,-62.31564,-21.04203,-9.034969
74.064152718,-8.40123700000001,-29.61263,-7.48857699999998,0.9188696,-0.09865356,-0.3159449,-62.31564,-21.04203,-9.034969
74.074150085,-7.232106,-33.47054,-5.964308,0.8894616,-0.1407711,-0.2881253,-61.93052,-21.78958,-7.802628
74.084148407,-9.26270200000001,-38.45613,-3.70839,0.8930124,-0.1999201,-0.2809377,-61.93052,-21.78958,-7.802628
74.094146252,-7.84743800000001,-43.44173,-1.635384,0.9020303,-0.2391646,-0.2876433,-61.93052,-21.78958,-7.802628
74.106643677,-3.478579,-49.61438,-0.720822899999998,0.8808746,-0.2284147,-0.2885664,-61.93052,-21.78958,-7.802628
74.116641045,-3.478579,-55.49026,-0.2940276,0.8627192,-0.2221149,-0.3043293,-61.93052,-21.78958,-7.802628
74.126638889,-3.601645,-59.3481699999998,1.047329,0.8024263,-0.1794242,-0.3942075,-62.32188,-21.39514,-5.807926
74.13413763,-4.83231,-62.5532000000002,0.925387699999998,0.7302324,-0.1514546,-0.4740111,-62.32188,-21.39514,-5.807926
74.146634102,-10.43183,-67.8355599999997,3.425189,0.6633523,-0.04012433,-0.4303727,-62.32188,-21.39514,-5.807926
74.154132843,-16.52362,-70.9218800000002,4.888487,0.6124728,0.02255072,-0.4279073,-62.32188,-21.39514,-5.807926
74.166630268,-28.58414,-76.5010100000002,9.09546899999999,0.57771,0.1101966,-0.3867117,-62.70734,-21.37725,-3.359695
74.174128056,-35.84506,-78.5783399999999,9.40032399999997,0.6132971,0.08536501,-0.3097166,-62.70734,-21.37725,-3.359695
74.1841259,-36.64499,-80.2995600000001,9.70517700000002,0.6651142,0.07670503,-0.3059761,-62.70734,-21.37725,-3.359695
74.194124222,-27.29194,-81.6646700000001,7.81508400000003,0.6742829,0.05240297,-0.4323299,-62.70734,-21.37725,-3.359695
74.20662117,-10.3703,-84.7509799999998,4.461692,0.7178349,0.04252885,-0.4371891,-62.70734,-21.37725,-3.359695
74.216618538,13.13539,-83.32653,-0.3549984,0.6868495,0.05729135,-0.4562819,-63.10941,-20.96212,1.086019
74.226616383,19.78098,-84.0981100000001,-6.81789900000001,0.6713275,0.1305627,-0.4873812,-63.10941,-20.96212,1.086019
74.236614704,21.31931,-83.8607000000001,-5.90333699999997,0.7286013,0.1678986,-0.5138123,-63.10941,-20.96212,1.086019
74.246612072,26.24197,-79.05316,-7.48857699999998,0.7271486,0.08889297,-0.5415468,-63.10941,-20.96212,1.086019
74.256609917,28.7033,-76.5603600000002,-9.80546599999998,0.7118614,0.07175749,-0.5754947,-63.10941,-20.96212,1.086019
74.266607761,42.05601,-73.4146900000002,-16.39031,0.7055666,0.07203761,-0.4783328,-63.87836,-20.93015,5.530978
74.276605129,44.70194,-71.69347,-24.07262,0.7828655,-0.02062795,-0.4167074,-63.87836,-20.93015,5.530978
74.286602974,55.77792,-69.37872,-29.1332,0.8555688,-0.1845934,-0.5426574,-63.87836,-20.93015,5.530978
74.296601296,70.6689599999999,-67.8355599999997,-31.38912,0.850494,-0.2012824,-0.6029449,-63.87836,-20.93015,5.530978
74.306598663,82.2372100000002,-70.26901,-37.97396,1.136848,-0.1355881,-0.4153806,-63.87836,-20.93015,5.530978
74.316596508,88.3289999999999,-78.0441699999998,-37.73008,1.710263,-0.07481839,-0.3240307,-63.16129,-20.49677,11.14604
74.326594353,85.8061400000002,-79.2312199999999,-34.80348,1.539896,0.250477,-0.4118754,-63.16129,-20.49677,11.14604
74.336591721,65.25404,-95.2563600000002,-30.29164,1.460203,0.5246682,-0.385964,-63.16129,-20.49677,11.14604
74.346589565,36.82569,-104.5747,-26.81631,1.240092,0.541735,-0.434878,-63.16129,-20.49677,11.14604
74.356587887,13.87379,-109.5009,-23.58486,1.024593,0.3082267,-0.6871304,-63.16129,-20.49677,11.14604
74.366584778,5.93600600000003,-105.1682,-19.62176,0.8485442,0.1040474,-0.8466154,-62.78778,-21.58708,16.83093
74.376583099,1.505613,-97.1556300000001,-17.79264,0.6992656,0.007726157,-0.9071094,-62.78778,-21.58708,16.83093
74.386580944,-7.17057299999998,-89.4991800000001,-16.39031,0.6726293,-0.0003075926,-0.8778678,-62.78778,-21.58708,16.83093
74.396578789,-17.01589,-81.7833700000003,-15.47575,0.7517224,-0.03258884,-0.806211,-62.78778,-21.58708,16.83093
74.406576157,-25.63054,-68.6071399999999,-12.79303,0.7413551,-0.05350243,-0.8918526,-62.78778,-21.58708,16.83093
74.416574478,-29.38407,-59.5855799999998,-13.70759,0.7034284,-0.1119009,-0.9783937,-61.29791,-22.2886,22.52214
74.426572323,-24.27681,-50.68272,-16.2074,0.7050757,-0.1471227,-0.9544588,-61.29791,-22.2886,22.52214
74.436569691,-11.04717,-42.90756,-23.21903,0.7262203,-0.2079678,-0.9051866,-61.29791,-22.2886,22.52214
74.446567536,9.68953300000002,-34.95435,-29.49902,0.8078866,-0.1448887,-0.8795021,-61.29791,-22.2886,22.52214
74.45656538,17.31965,-29.67199,-33.64503,0.8384054,0.02048787,-0.8752907,-61.29791,-22.2886,22.52214
74.466562748,13.50459,-27.71336,-34.5596,0.8968614,0.1009838,-0.8079341,-59.4192,-23.01455,24.99111
74.476560593,1.936346,-24.09286,-31.81591,0.8781046,0.165011,-0.8332824,-59.4192,-23.01455,24.99111
74.486558914,-11.72403,-21.77812,-28.82834,0.8800773,0.1634956,-0.8438142,-59.4192,-23.01455,24.99111
74.496556282,-21.87701,-17.68281,-27.2431,0.8667504,0.120351,-0.8567014,-59.4192,-23.01455,24.99111
74.506554127,-26.36894,-14.24037,-27.85281,0.8944472,0.09928966,-0.8285083,-59.4192,-23.01455,24.99111
74.516551972,-27.90727,-9.07671499999999,-27.85281,0.9001009,0.05677792,-0.8663146,-58.63576,-24.90035,26.23231
74.526549339,-26.98427,-4.922049,-29.74291,0.8844133,0.08746297,-0.877781,-58.63576,-24.90035,26.23231
74.536547184,-27.96881,-0.411269,-31.99882,0.9263754,0.0843343,-0.8855106,-58.63576,-24.90035,26.23231
74.546545506,-26.36894,4.811739,-34.92542,1.078736,0.1189789,-0.8805208,-58.63576,-24.90035,26.23231
74.556542874,-25.93821,8.43223400000003,-43.88812,1.193059,0.1048701,-0.8108444,-58.63576,-24.90035,26.23231
74.566540718,-21.56935,12.17143,-48.76578,1.0942,0.0516274,-0.7336076,-57.48007,-26.41333,26.24877
74.576538563,-22.24621,12.40884,-44.74171,0.9826149,0.07696795,-0.7501697,-57.48007,-26.41333,26.24877
74.586536408,-32.3992,10.45021,-41.87609,1.147338,0.1558162,-0.6676835,-57.48007,-26.41333,26.24877
74.596533775,-47.47484,9.916043,-40.10794,1.395601,0.1718559,-0.5666623,-57.48007,-26.41333,26.24877
74.606532097,-61.07368,11.93402,-41.57123,1.382457,0.1726085,-0.5092105,-57.48007,-26.41333,26.24877
74.616529941,-72.7649999999998,9.14446299999999,-40.71764,1.347071,0.1136992,-0.3918824,-57.06683,-27.94557,24.64715
74.626527309,-81.9334500000001,6.53295800000002,-41.87609,1.407372,0.01841719,-0.3139551,-57.06683,-27.94557,24.64715
74.636525154,-79.04139,5.286559,-38.0959,1.454162,0.01944347,-0.2499078,-57.06683,-27.94557,24.64715
74.646522999,-78.3029899999997,4.930444,-42.30288,1.448366,0.01933086,-0.1436538,-57.06683,-27.94557,24.64715
74.656520367,-76.45699,2.912464,-45.5953,1.426334,-0.0002438261,-0.1110671,-57.06683,-27.94557,24.64715
74.666518688,-76.33392,-3.913059,-44.37589,1.369956,-0.03306575,-0.07123859,-55.86244,-31.31764,22.2224
74.676516533,-74.0571999999997,-13.23138,-42.059,1.268069,-0.1619982,-0.1337212,-55.86244,-31.31764,22.2224
74.686513901,-67.2885400000003,-28.01012,-37.91299,1.122901,-0.2179927,-0.2038044,-55.86244,-31.31764,22.2224
74.696511745,-55.41263,-43.02627,-36.08387,1.029873,-0.22185,-0.264899,-55.86244,-31.31764,22.2224
74.70650959,-41.69072,-52.93811,-34.25474,1.096663,-0.1169659,-0.1525771,-55.86244,-31.31764,22.2224
74.716507912,-33.1376,-58.7546500000002,-34.1328,1.14276,-0.02850677,-0.1440658,-55.03316,-34.75265,20.1822
74.726504803,-38.36792,-70.50642,-30.84038,1.087384,0.06315508,-0.2564583,-55.03316,-34.75265,20.1822
74.736503124,-52.33597,-83.4452399999998,-32.97436,1.08178,0.07464901,-0.3157949,-55.03316,-34.75265,20.1822
74.746500969,-56.08949,-90.4488099999999,-33.27921,1.248335,-0.02346425,-0.2988312,-55.03316,-34.75265,20.1822
74.756498337,-42.85985,-89.20242,-32.30368,1.226377,-0.02429818,-0.3954651,-53.5106,-35.88247,20.19941
74.766496181,-25.50747,-88.31213,-34.49863,1.081052,0.03121628,-0.4933342,-53.5106,-35.88247,20.19941
74.776494026,-5.263042,-90.6862300000002,-37.66911,0.9369968,-0.05917576,-0.6074395,-53.5106,-35.88247,20.19941
74.786491394,25.13437,-87.3624899999999,-37.30328,0.96292,-0.5043895,-0.5671696,-53.5106,-35.88247,20.19941
74.796489716,83.4063400000002,-80.5369700000001,-35.04736,0.9358991,-0.8657268,-0.963769,-53.5106,-35.88247,20.19941
74.80648756,147.2163,-80.5963200000002,-39.80308,0.7581133,-0.8805419,-1.401352,-51.26331,-36.22852,22.28213
74.816484928,196.9967,-92.6448500000001,-50.04617,0.5592402,-0.250818,-1.243716,-51.26331,-36.22852,22.28213
74.826482773,200.7502,-95.4937700000003,-60.5941099999999,0.7912079,0.4422795,-0.4560844,-51.26331,-36.22852,22.28213
74.836480617,170.722,-74.8391400000001,-64.8620599999998,0.785023,0.7265387,-0.1795298,-51.26331,-36.22852,22.28213
74.846477985,116.0805,-57.5082500000001,-67.3008900000002,0.6148865,0.936417,-0.2419807,-51.26331,-36.22852,22.28213
74.856476307,37.01028,-48.30863,-62.0574099999997,0.5216623,0.9410782,-0.3806065,-49.80909,-35.03534,27.12469
74.866474152,-41.56765,-38.27808,-44.61977,0.5992692,0.5948641,-0.4663177,-49.80909,-35.03534,27.12469
74.876471996,-82.7333800000002,-21.00654,-27.97475,0.6411754,0.2566223,-0.5065042,-49.80909,-35.03534,27.12469
74.886469364,-91.16344,0.8351307,-16.87807,0.6760928,0.03248786,-0.4883214,-49.80909,-35.03534,27.12469
74.896467209,-77.3184599999997,26.05989,-13.40274,0.6501691,-0.09187362,-0.4810655,-49.80909,-35.03534,27.12469
74.90646553,-52.0283,47.24868,-19.43885,0.5679104,-0.09694864,-0.4861851,-46.87405,-31.96999,27.13071
74.916462898,-22.00008,62.50224,-33.15727,0.5571148,-0.1462956,-0.5450184,-46.87405,-31.96999,27.13071
74.926460743,10.24333,76.1532800000002,-49.07064,0.5370131,-0.2199885,-0.6421154,-46.87405,-31.96999,27.13071
74.936458588,42.60981,90.5759100000002,-60.6550799999999,0.481993,-0.1985662,-0.7310401,-46.87405,-31.96999,27.13071
74.946455955,68.6998999999999,103.1586,-68.82516,0.454581,-0.1948108,-0.845373,-46.87405,-31.96999,27.13071
74.9564538,92.5747899999999,113.6046,-75.5929100000002,0.4218685,-0.194759,-0.9812315,-46.45457,-33.14911,22.30205
74.966452122,111.8962,120.7269,-81.2632000000002,0.3859167,-0.176909,-1.076889,-46.45457,-33.14911,22.30205
74.976449013,123.4645,124.7035,-85.65309,0.3815804,-0.1552554,-1.143887,-46.45457,-33.14911,22.30205
74.986447334,128.5102,126.7215,-90.1649200000003,0.3902849,-0.12757,-1.217132,-46.45457,-33.14911,22.30205
74.996445179,129.9255,126.8996,-96.6278299999999,0.4038466,-0.1250926,-1.294207,-46.45457,-33.14911,22.30205
75.006442547,128.3256,124.4068,-103.8833,0.3889093,-0.1613571,-1.348251,-47.14079,-35.46792,18.63214
75.016440392,125.1259,120.7863,-109.3707,0.3672394,-0.201979,-1.38601,-47.14079,-35.46792,18.63214
75.026438236,123.526,116.2755,-114.9191,0.3544733,-0.2520579,-1.520455,-47.14079,-35.46792,18.63214
75.036436558,117.4958,112.3582,-122.0526,0.2883494,-0.2044086,-1.374864,-47.14079,-35.46792,18.63214
75.046433926,112.5116,108.7377,-125.9548,0.3025796,-0.2078122,-1.299752,-47.14079,-35.46792,18.63214
75.05643177,107.5274,107.9068,-127.479,0.308507,-0.2369428,-1.256683,-44.89314,-35.08431,17.03429
75.066429615,101.8048,108.2036,-127.54,0.2956402,-0.25142,-1.217892,-44.89314,-35.08431,17.03429
75.076426983,96.7590599999997,107.4913,-127.2352,0.294056,-0.2437235,-1.170034,-44.89314,-35.08431,17.03429
75.086424828,98.2973900000001,107.7881,-127.1132,0.3048775,-0.2728091,-1.079594,-44.89314,-35.08431,17.03429
75.096423149,98.48199,108.7377,-127.54,0.3609206,-0.297311,-1.010771,-44.89314,-35.08431,17.03429
75.106420517,102.6047,112.5363,-128.7594,0.4077388,-0.3241408,-0.9639449,-42.62147,-38.88508,15.45828
75.116418362,111.6501,117.4625,-130.7105,0.4329323,-0.367618,-0.9371773,-42.62147,-38.88508,15.45828
75.126416206,124.3259,122.3888,-133.0274,0.4442492,-0.3987438,-0.911346,-42.62147,-38.88508,15.45828
75.136413574,136.3249,126.6028,-134.5517,0.4533674,-0.4169197,-0.8993928,-42.62147,-38.88508,15.45828
75.146411419,147.8932,131.0542,-134.8565,0.467005,-0.4423394,-0.8922314,-42.62147,-38.88508,15.45828
75.15640974,157.5539,134.4967,-133.3322,0.4630086,-0.4370467,-0.8893543,-39.55107,-42.28905,15.11178
75.166407585,165.3686,137.8798,-130.3447,0.5037869,-0.4802994,-0.871707,-39.55107,-42.28905,15.11178
75.176404953,173.1218,140.6693,-126.6864,0.5350275,-0.4830268,-0.8655393,-39.55107,-42.28905,15.11178
75.186402798,178.5983,143.6369,-122.2965,0.5932043,-0.4922479,-0.8307022,-39.55107,-42.28905,15.11178
75.196400642,182.6594,146.5452,-116.0775,0.6401815,-0.5015675,-0.7824455,-39.55107,-42.28905,15.11178
75.20639801,185.9207,149.9283,-108.822,0.672875,-0.4773419,-0.7547514,-36.48772,-45.6794,16.37778
75.216396332,186.9052,152.5991,-101.2616,0.6968939,-0.4580814,-0.7198621,-36.48772,-45.6794,16.37778
75.226394177,185.1208,156.6351,-92.96958,0.7376467,-0.4469872,-0.6577212,-36.48772,-45.6794,16.37778
75.236391544,182.5364,161.5614,-84.0678500000003,0.7670593,-0.4288235,-0.5950836,-36.48772,-45.6794,16.37778
75.246389389,179.2751,167.0811,-74.8612700000003,0.7971899,-0.3970656,-0.5353224,-36.48772,-45.6794,16.37778
75.256387234,174.0448,174.3815,-65.2888599999997,0.8618635,-0.3877136,-0.4497724,-34.19665,-48.30104,19.24667
75.266384602,169.1837,183.4624,-55.65548,0.8849155,-0.368244,-0.3899955,-34.19665,-48.30104,19.24667
75.276382446,163.7072,193.1368,-45.96113,0.8967085,-0.3204624,-0.3450423,-34.19665,-48.30104,19.24667
75.286380768,157.8616,202.5145,-37.48619,0.9122669,-0.2915624,-0.3005692,-34.19665,-48.30104,19.24667
75.296378613,151.0929,211.7141,-29.25514,0.9262794,-0.2583986,-0.264709,-34.19753,-48.66451,21.24821
75.30637598,143.4628,221.0324,-21.81671,0.9452953,-0.2325652,-0.24417,-34.19753,-48.66451,21.24821
75.316373825,137.2479,229.5792,-14.43924,0.9615529,-0.215529,-0.2231454,-34.19753,-48.66451,21.24821
75.326372147,132.3253,240.0845,-6.08625000000001,1.001508,-0.1894707,-0.2232218,-34.19753,-48.66451,21.24821
75.336369038,127.6487,248.5126,0.7424754,0.9458166,-0.07839745,-0.2317677,-34.19753,-48.66451,21.24821
75.346367359,121.0031,258.187,6.96149300000002,1.057021,-0.1096865,-0.2271677,-36.46421,-47.55067,19.99994
75.356365204,113.9884,264.3596,11.77818,1.109564,-0.1052775,-0.2306105,-36.46421,-47.55067,19.99994
75.366362572,108.2658,269.464,16.47293,1.165726,-0.1383944,-0.2536715,-36.46421,-47.55067,19.99994
75.376360416,105.7429,273.7373,21.22865,1.264745,-0.1965729,-0.2935509,-36.46421,-47.55067,19.99994
75.386358261,108.6965,276.6456,26.65505,1.327428,-0.2398842,-0.3295422,-36.46421,-47.55067,19.99994
75.396355629,115.3421,278.1888,30.43524,1.356759,-0.2452676,-0.3439493,-40.94783,-47.24493,15.12702
75.406353951,124.2644,279.1384,32.56921,1.362429,-0.2359972,-0.3520973,-40.94783,-47.24493,15.12702
75.416351795,133.8636,277.0611,33.78863,1.345418,-0.1861804,-0.3410733,-40.94783,-47.24493,15.12702
75.426349163,138.6017,271.6006,33.54474,1.31101,-0.0926358,-0.3463017,-40.94783,-47.24493,15.12702
75.436347008,133.9251,263.7068,33.66669,1.298063,-0.02498605,-0.3070533,-40.94783,-47.24493,15.12702
75.446344853,121.5569,251.7769,35.37387,1.275471,0.0362778,-0.3075083,-46.87493,-46.20614,8.239876
75.456343174,104.3892,241.1529,38.54435,1.288485,0.04378017,-0.3123187,-46.87493,-46.20614,8.239876
75.466340542,84.1447399999998,230.6475,43.05618,1.252173,0.0571112,-0.3170446,-46.87493,-46.20614,8.239876
75.476338387,61.68511,215.6907,47.44608,1.251876,0.07328617,-0.3012552,-46.87493,-46.20614,8.239876
75.486336231,37.99482,200.6152,51.40918,1.24178,0.06567914,-0.3141572,-46.87493,-46.20614,8.239876
75.496333599,13.99686,185.243,55.55519,1.194216,0.08111228,-0.3303498,-50.24101,-45.14868,1.307233
75.506331444,-11.6625,165.0631,58.6647000000001,1.127607,0.09933045,-0.3197098,-50.24101,-45.14868,1.307233
75.516329765,-35.59893,144.7053,62.8107100000001,1.029318,0.0658199,-0.3176154,-50.24101,-45.14868,1.307233
75.526326656,-54.92036,125.5938,67.38352,0.9106276,0.02907396,-0.3063918,-50.24101,-45.14868,1.307233
75.536324978,-68.6422700000001,107.432,72.0782699999998,0.8144116,0.01512537,-0.2952133,-50.24101,-45.14868,1.307233
75.546322823,-76.45699,89.0921,73.2976800000002,0.7761228,-0.04708688,-0.2668945,-52.49154,-43.33569,-7.233631
75.556320667,-74.1802600000001,71.4644499999999,71.7734099999998,0.762013,-0.07326874,-0.2300128,-52.49154,-43.33569,-7.233631
75.566318035,-62.1197500000001,54.25226,68.1151700000002,0.7460445,-0.07875413,-0.2108405,-52.49154,-43.33569,-7.233631
75.576316357,-45.13658,38.46453,61.9571200000001,0.7333871,-0.07800067,-0.1543467,-52.49154,-43.33569,-7.233631
75.586314201,-23.78455,23.32968,53.96995,0.6967269,-0.01907603,-0.1145761,-52.49154,-43.33569,-7.233631
75.596311569,-4.893843,8.076119,45.92181,0.6761191,0.01537836,-0.07530586,-54.36232,-42.2599,-13.31665
75.606309414,14.73526,-6.94003,37.14202,0.6933774,0.05736212,-0.0384964,-54.36232,-42.2599,-13.31665
75.616307259,33.37983,-18.33569,29.09388,0.7207444,0.07938951,-0.02706395,-54.36232,-42.2599,-13.31665
75.626304626,51.77826,-31.33385,19.76535,0.6757787,0.1630277,-0.0830005,-54.36232,-42.2599,-13.31665
75.636302471,65.0694400000001,-46.64676,9.76614900000002,0.6809103,0.2530239,-0.08351119,-54.36232,-42.2599,-13.31665
75.646300793,70.2382300000002,-60.41651,1.778978,0.737726,0.2648425,-0.03001276,-57.80041,-38.87236,-14.58543
75.65629816,74.5455599999998,-72.4056899999998,-4.683922,0.7994145,0.2496226,-0.02102344,-57.80041,-38.87236,-14.58543
75.666296005,76.6992200000003,-82.1988400000002,-10.41517,0.8140176,0.2783247,0.05695161,-57.80041,-38.87236,-14.58543
75.67629385,68.9460300000002,-89.6772299999997,-14.13439,0.8637756,0.3018366,0.07600186,-57.80041,-38.87236,-14.58543
75.686291218,57.6854499999998,-90.8642799999998,-17.12196,0.9026296,0.3339185,0.04625415,-57.80041,-38.87236,-14.58543
75.696289062,44.02507,-90.5081599999999,-17.12196,0.8361279,0.2918494,-0.05268433,-59.69527,-38.84556,-9.76181
75.706287384,-5.078443,-54.42192,-14.56119,1.72036,0.4428144,2.475488,-59.69527,-38.84556,-9.76181
75.716285229,-68.2730700000003,22.85486,3.303247,2.60523,0.03703913,3.799228,-59.69527,-38.84556,-9.76181
75.726282597,20.02711,24.16061,18.72885,1.28292,-0.3181518,0.3463049,-59.69527,-38.84556,-9.76181
75.736280441,47.65553,-32.10543,-7.30566500000003,0.3951533,-0.2465175,-0.7916556,-59.69527,-38.84556,-9.76181
75.746278286,42.67134,-65.10535,-17.42681,0.487333,0.0456509,-0.3415514,-61.53423,-41.11779,-6.925533
75.756275654,29.9955,-72.9398700000002,-5.476542,1.208561,-0.005860864,0.8062656,-61.53423,-41.11779,-6.925533
75.766273975,53.43966,-75.1359000000001,-4.622952,1.541727,-0.2926447,0.4501767,-61.53423,-41.11779,-6.925533
75.77627182,104.8814,-79.9434400000003,-12.67109,1.089562,0.1947364,0.3101381,-61.53423,-41.11779,-6.925533
75.786269188,103.097,-90.9236299999999,-17.12196,0.8956126,0.3786983,0.3874796,-61.53423,-41.11779,-6.925533
75.796267033,82.7294800000001,-104.0999,-8.40313799999999,1.123864,0.2097248,0.2808813,-61.91888,-41.46663,-2.862766
75.806264877,67.34617,-116.92,-5.537513,1.194211,0.2984619,0.0553265,-61.91888,-41.46663,-2.862766
75.816263199,50.1784,-126.7725,-5.110718,1.23256,0.3268838,-0.1605855,-61.91888,-41.46663,-2.862766
75.826260567,25.38051,-138.0494,4.705575,1.285236,0.2446477,-0.2333997,-61.91888,-41.46663,-2.862766
75.836258411,3.782343,-142.2634,15.4974,1.262069,0.2867354,-0.1510551,-61.91888,-41.46663,-2.862766
75.846256256,-9.878035,-140.839,17.38749,1.134822,0.342044,-0.1513261,-62.67863,-42.54795,4.877794
75.856253624,-23.23075,-135.2598,15.80225,0.9988916,0.1838694,-0.2027346,-62.67863,-42.54795,4.877794
75.866251469,-40.27545,-131.2239,20.19215,0.9824668,-0.1127639,-0.3490739,-62.67863,-42.54795,4.877794
75.87624979,-42.24451,-128.9685,27.63058,1.060691,-0.3366928,-0.4549178,-62.67863,-42.54795,4.877794
75.886247635,-22.06161,-120.4811,26.47214,1.153227,-0.3050623,-0.3316147,-62.69253,-43.25146,11.65438
75.896245003,2.428612,-111.2221,16.10711,1.137136,-0.1458579,-0.2110265,-62.69253,-43.25146,11.65438
75.906242847,9.87413200000002,-102.3786,8.85158600000001,1.066005,-0.1197216,-0.175016,-62.69253,-43.25146,11.65438
75.916240215,4.397675,-95.8498799999999,8.54673300000003,1.013253,-0.2426869,-0.169628,-62.69253,-43.25146,11.65438
75.92623806,9.935666,-87.7779500000002,7.937025,0.9898131,-0.422187,-0.1925126,-62.69253,-43.25146,11.65438
75.936235905,27.65724,-78.8751,4.400721,0.980072,-0.3951614,-0.1389021,-62.74094,-42.06245,17.32433
75.946234226,41.37915,-71.1592900000003,0.0717969800000001,0.9900644,-0.2517857,-0.1049775,-62.74094,-42.06245,17.32433
75.956231594,44.33274,-67.1826900000001,-1.147618,0.9939598,-0.06993594,-0.1016811,-62.74094,-42.06245,17.32433
75.966229439,39.96388,-63.6215399999998,-0.5379106,1.023527,0.06972497,-0.03811796,-62.74094,-42.06245,17.32433
75.976227283,30.3647,-62.7906100000002,1.90092,1.048108,0.1356855,-0.05205651,-62.74094,-42.06245,17.32433
75.986224651,20.39631,-61.6035600000001,3.851984,1.030848,0.09363154,-0.09652317,-61.66344,-40.86826,22.61561
75.996222496,14.30453,-60.6539200000001,6.65663900000001,1.016606,-0.004354794,-0.09982313,-61.66344,-40.86826,22.61561
76.006220818,15.35059,-58.5172299999999,7.87605399999997,1.003651,-0.06671038,-0.08877724,-61.66344,-40.86826,22.61561
76.016218185,18.18112,-55.01545,7.81508400000003,1.00789,-0.03164667,-0.03662888,-61.66344,-40.86826,22.61561
76.02621603,16.70432,-54.71869,7.08343500000003,1.02315,0.01183344,-0.04432389,-61.66344,-40.86826,22.61561
76.036213875,13.56613,-54.89674,6.96149300000002,1.053053,0.08063152,-0.02525069,-60.55699,-40.8255,26.68747
76.04621172,1.690213,-57.15213,7.51023000000002,1.040704,0.114556,-0.06160968,-60.55699,-40.8255,26.68747
76.056209087,-6.862906,-58.2204699999998,8.79061600000001,1.046689,0.1315716,-0.1267108,-60.55699,-40.8255,26.68747
76.066207409,-18.80035,-59.2888199999997,7.81508400000003,1.059118,0.1716873,-0.071228,-60.55699,-40.8255,26.68747
76.076205254,-28.27647,-59.5855799999998,7.937025,1.115253,0.08797492,-0.1004975,-60.55699,-40.8255,26.68747
76.086202621,-34.12213,-59.2888199999997,8.85158600000001,1.121641,0.00674712,-0.1225022,-59.82608,-40.41882,29.14202
76.096200466,-32.82993,-57.6862999999997,8.97352800000002,1.093775,-0.04133017,-0.1650345,-59.82608,-40.41882,29.14202
76.106198311,-27.23041,-54.30322,5.80304899999998,1.018625,-0.08830575,-0.1974346,-59.82608,-40.41882,29.14202
76.116195679,-21.75395,-52.34459,3.791013,0.9753801,-0.1206805,-0.1901722,-59.82608,-40.41882,29.14202
76.126194,-18.73882,-50.97948,2.144803,1.008883,-0.1125882,-0.1217963,-59.82608,-40.41882,29.14202
76.136191845,-15.47756,-49.91114,-0.05014454,1.056516,-0.1328102,-0.1510673,-59.8427,-40.02158,31.1395
76.146189213,-12.46243,-47.24029,-0.964705900000002,1.026189,-0.07680951,-0.2319082,-59.8427,-40.02158,31.1395
76.156187058,-13.8777,-45.28166,-1.147618,0.9896194,-0.025082,-0.2883297,-59.8427,-40.02158,31.1395
76.166184902,-16.27749,-42.78886,-1.452472,1.014593,-0.005650029,-0.289814,-59.8427,-40.02158,31.1395
76.176183224,-18.43115,-38.7529,-1.330531,1.035923,-0.05278604,-0.3357823,-59.8427,-40.02158,31.1395
76.186180115,-19.29262,-34.71694,-0.8427644,1.028209,-0.05738209,-0.3434249,-57.96229,-40.75079,33.22147
76.196178436,-20.58482,-30.0281,-1.147618,1.019617,-0.09312648,-0.354408,-57.96229,-40.75079,33.22147
76.206176281,-21.20015,-26.2889,-1.513443,1.031268,-0.0895113,-0.3032216,-57.96229,-40.75079,33.22147
76.216173649,-18.98495,-22.78711,-3.098683,1.037739,-0.09659798,-0.2950953,-57.96229,-40.75079,33.22147
76.226171494,-16.70822,-20.59108,-3.70839,0.9984841,-0.08242342,-0.3074735,-57.96229,-40.75079,33.22147
76.236169815,-14.43149,-18.8105,-4.440039,0.9667998,-0.05578842,-0.3021607,-56.84145,-40.73581,34.00381
76.246166706,-14.06229,-17.92022,-4.50101,0.9561056,-0.004791616,-0.282055,-56.84145,-40.73581,34.00381
76.256165028,-16.58516,-18.03892,-3.769361,0.9377695,-0.01359378,-0.2485205,-56.84145,-40.73581,34.00381
76.266162872,-19.16955,-19.28532,-3.403537,0.8892204,0.0038041,-0.2072828,-56.84145,-40.73581,34.00381
76.276160717,-22.67695,-22.66841,-3.464507,0.873982,-0.01411712,-0.1680084,-56.84145,-40.73581,34.00381
76.286158085,-24.95368,-26.76372,-2.549946,0.8480336,-0.007178361,-0.1502576,-56.46053,-41.11009,34.39562
76.29615593,-25.01521,-31.57126,-1.26956,0.8511112,-0.04179925,-0.1698757,-56.46053,-41.11009,34.39562
76.306154251,-23.59995,-36.02269,-2.245092,0.816668,0.001661979,-0.1784412,-56.46053,-41.11009,34.39562
76.316151619,-23.59995,-41.48311,-2.184121,0.819195,-0.003909794,-0.2085945,-56.46053,-41.11009,34.39562
76.326149464,-21.81548,-46.29065,-2.610917,0.7629,0.009433412,-0.2218999,-56.46053,-41.11009,34.39562
76.336147308,-20.46175,-51.92912,-3.220624,0.7201858,0.02739743,-0.1845011,-55.70068,-41.85483,35.63074
76.346144676,-19.23109,-57.4488899999997,-4.622952,0.7183963,-0.007967861,-0.2218178,-55.70068,-41.85483,35.63074
76.356142521,-14.12383,-60.7726200000002,-5.171688,0.730128,0.01379698,-0.3113376,-55.70068,-41.85483,35.63074
76.366140843,-7.78590499999999,-61.9003299999999,-5.171688,0.7636264,0.07072619,-0.3755398,-55.70068,-41.85483,35.63074
76.376138687,-1.632582,-60.7132799999998,-7.00081100000001,0.7601211,0.177957,-0.4387334,-55.70068,-41.85483,35.63074
76.386136055,-2.247914,-61.48486,-8.890904,0.7314492,0.2005149,-0.4075817,-53.80874,-42.97148,36.87624
76.3961339,-6.98597300000001,-61.9003299999999,-7.42760699999997,0.7142844,0.05039607,-0.4194776,-53.80874,-42.97148,36.87624
76.406131744,-7.35517199999998,-62.1377300000002,-4.50101,0.6820189,-0.09848772,-0.3700897,-53.80874,-42.97148,36.87624
76.416129112,-0.955716300000001,-62.1377300000002,-5.476542,0.6309912,-0.2635311,-0.4527519,-53.80874,-42.97148,36.87624
76.426127434,8.028135,-60.7132799999998,-6.33013299999999,0.621723,-0.2882253,-0.4230576,-53.80874,-42.97148,36.87624
76.436125279,18.91952,-62.9093200000001,-10.04935,0.776816,-0.2394183,-0.2572747,-51.92385,-44.07451,39.73424
76.446122646,26.48811,-67.3607400000003,-11.63459,1.06808,-0.2842412,-0.2620781,-51.92385,-44.07451,39.73424
76.456120491,38.85628,-69.4974299999998,-13.89051,1.279574,-0.1024002,-0.230429,-51.92385,-44.07451,39.73424
76.466118336,48.7016,-81.7240099999999,-21.75574,1.520844,0.1589125,-0.02225773,-51.92385,-44.07451,39.73424
76.476115704,44.14814,-90.1520499999998,-16.93905,1.401148,0.1996551,-0.09049593,-49.687,-44.4004,44.20348
76.486114025,37.01028,-101.4884,-15.29283,1.073097,0.3304775,-0.2727738,-49.687,-44.4004,44.20348
76.49611187,25.07284,-112.884,-16.57322,1.067976,0.2384973,-0.3296917,-49.687,-44.4004,44.20348
76.506109715,17.01199,-113.0027,-14.92701,0.9059848,0.03862803,-0.4734092,-49.687,-44.4004,44.20348
76.516107082,16.21206,-113.893,-16.02448,0.7767873,-0.1167226,-0.6023597,-49.687,-44.4004,44.20348
76.526104927,18.36572,-108.7293,-19.92661,0.8365911,-0.2907905,-0.583276,-47.099,-43.58241,48.6694
76.536103249,21.13471,-102.0225,-19.98759,0.8234207,-0.3685611,-0.6100333,-47.099,-43.58241,48.6694
76.54610014,31.41076,-92.82291,-21.02409,0.9095795,-0.3392138,-0.6690558,-47.099,-43.58241,48.6694
76.556098461,34.54896,-85.1664499999997,-24.19457,0.8794975,-0.06172325,-0.7083181,-47.099,-43.58241,48.6694
76.566096306,26.11891,-83.08912,-25.84078,0.8814009,0.07052116,-0.7050055,-47.099,-43.58241,48.6694
76.576093674,16.27359,-76.2042500000001,-26.69437,0.8141198,0.04474911,-0.7737964,-42.34608,-41.97695,54.373
76.586091519,13.44306,-73.65209,-32.48659,0.852459,-0.07636387,-0.7628249,-42.34608,-41.97695,54.373
76.596089363,18.91952,-67.8949099999998,-31.93785,0.8455086,-0.06748572,-0.6805,-42.34608,-41.97695,54.373
76.606087685,19.16565,-67.5388000000002,-33.27921,0.8378485,-0.02142341,-0.6221122,-42.34608,-41.97695,54.373
76.616085052,17.93499,-65.1647000000001,-31.69397,0.8246161,-0.01803418,-0.6479331,-42.34608,-41.97695,54.373
76.626082897,13.93533,-64.63053,-30.71844,0.7851757,0.03141309,-0.681856,-38.2383,-41.91822,57.6931
76.636080742,13.31999,-63.3841299999998,-30.84038,0.7994494,0.04884247,-0.7196928,-38.2383,-41.91822,57.6931
76.64607811,8.15120200000001,-60.35716,-30.35261,0.7739927,0.08080549,-0.7297068,-38.2383,-41.91822,57.6931
76.656075954,1.197947,-59.8823399999999,-29.74291,0.7957,0.06745349,-0.6957623,-38.2383,-41.91822,57.6931
76.666074276,-2.001781,-57.15213,-29.1332,0.8215749,0.01309716,-0.6910077,-38.2383,-41.91822,57.6931
76.676071644,-4.032378,-54.59998,-29.1332,0.7825682,0.03909621,-0.7392825,-34.50918,-41.48959,60.10539
76.686069488,-4.893843,-52.87876,-29.62096,0.7719414,0.0339742,-0.7450056,-34.50918,-41.48959,60.10539
76.696067333,-5.01691,-50.86078,-30.29164,0.8286108,0.05355177,-0.6929446,-34.50918,-41.48959,60.10539
76.706065178,-5.570708,-47.65575,-31.26718,0.7778016,0.03224177,-0.7876087,-34.50918,-41.48959,60.10539
76.716062546,-1.878715,-45.87518,-33.40115,0.7881717,0.07734188,-0.7670596,-34.50918,-41.48959,60.10539
76.726060867,-4.955376,-42.84821,-34.68154,0.8048458,0.1232182,-0.7814577,-29.98618,-42.96691,61.37238
76.736058712,-9.38576900000002,-38.7529,-33.34018,0.7769107,0.1304667,-0.8316614,-29.98618,-42.96691,61.37238
76.74605608,-16.33902,-34.59823,-33.58406,0.7711741,0.1501367,-0.8469709,-29.98618,-42.96691,61.37238
76.756053925,-22.67695,-29.67199,-33.21824,0.7664843,0.1402901,-0.8507888,-29.98618,-42.96691,61.37238
76.766051769,-27.16887,-24.74574,-34.68154,0.7871791,0.1280338,-0.8541718,-29.98618,-42.96691,61.37238
76.776049137,-28.338,-19.70079,-37.30328,0.80143,0.09577916,-0.8517954,-26.60145,-43.69523,62.23997
76.786047459,-28.1534,-14.35908,-38.0959,0.7929037,0.05592484,-0.8871849,-26.60145,-43.69523,62.23997
76.796045303,-25.99974,-9.49218100000001,-39.86405,0.8095107,0.05381447,-0.8881705,-26.60145,-43.69523,62.23997
76.806043148,-25.32288,-4.20982,-41.14444,0.823478,0.08864929,-0.8819823,-26.60145,-43.69523,62.23997
76.816040516,-26.43047,-0.648678499999998,-42.72968,0.8827218,0.07386705,-0.8729888,-26.60145,-43.69523,62.23997
76.826038361,-26.86121,2.734407,-44.31492,0.9789352,0.114924,-0.8425382,-23.93526,-45.5844,61.43107
76.836036682,-29.261,3.56534,-45.47336,1.102831,0.1359964,-0.772409,-23.93526,-45.5844,61.43107
76.846033573,-32.64533,4.57433,-47.72928,1.219104,0.1981303,-0.765449,-23.93526,-45.5844,61.43107
76.856031895,-34.49133,3.56534,-53.5215,1.303082,0.1912496,-0.6899787,-23.93526,-45.5844,61.43107
76.866029739,-35.66046,4.336921,-56.14325,1.167665,0.1900768,-0.6318346,-23.93526,-45.5844,61.43107
76.876027107,-37.01419,1.488007,-56.20422,1.21037,0.199028,-0.6486615,-22.39162,-47.48528,60.22682
76.886024952,-38.98325,-1.538964,-57.36266,1.358758,0.2397247,-0.5580012,-22.39162,-47.48528,60.22682
76.896023273,-43.22905,-1.895078,-61.6306200000001,1.439616,0.2427853,-0.5045424,-22.39162,-47.48528,60.22682
76.906021118,-42.67525,-4.565935,-62.7890500000002,1.517582,0.1916213,-0.4759505,-22.39162,-47.48528,60.22682
76.916018486,-36.39886,-9.78894299999998,-67.3008900000002,1.630319,0.08105945,-0.3756177,-22.39162,-47.48528,60.22682
76.926016331,-35.10666,0.953835399999999,-63.1548800000002,1.334055,0.2156339,-0.1640838,-20.51658,-50.15106,58.25495
76.936014175,-42.05992,-7.35549600000001,-69.4348700000003,1.481092,0.09278094,-0.1533013,-20.51658,-50.15106,58.25495
76.946011543,-40.64465,-5.100106,-68.2154500000002,1.536086,-0.08410465,-0.1131512,-20.51658,-50.15106,58.25495
76.956009388,-35.29126,-8.245782,-66.0205099999999,1.444885,-0.2347835,-0.07945306,-20.51658,-50.15106,58.25495
76.966007709,-22.92308,-11.68822,-68.3373900000001,1.30432,-0.2751756,-0.1007335,-20.51658,-50.15106,58.25495
76.976005077,-11.90863,-18.39504,-64.1304100000002,1.201259,-0.2900401,-0.1747293,-17.82343,-53.18784,56.67812
76.986002922,-1.571049,-26.46696,-63.1548800000002,1.06983,-0.1708604,-0.3018321,-17.82343,-53.18784,56.67812
76.996000767,4.520741,-33.52989,-65.65468,1.041668,-0.04733156,-0.3362723,-17.82343,-53.18784,56.67812
77.005998611,1.936346,-38.69355,-65.0449799999999,1.082456,0.1443942,-0.2363704,-17.82343,-53.18784,56.67812
77.015995979,-13.01623,-42.37339,-60.3502300000001,1.147578,0.2076727,-0.153228,-17.82343,-53.18784,56.67812
77.025994301,-27.04581,-44.15396,-55.41159,1.186754,0.1459006,-0.1379659,-14.00539,-56.1566,54.65781
77.035992146,-25.38441,-43.08562,-51.63141,1.21259,0.06776745,-0.1293765,-14.00539,-56.1566,54.65781
77.045989513,-7.04750599999997,-40.59282,-50.77782,1.122937,0.03958771,-0.2005208,-14.00539,-56.1566,54.65781
77.055987358,17.62732,-40.88958,-53.09471,1.014607,0.01734551,-0.3788351,-14.00539,-56.1566,54.65781
77.065985203,43.59434,-44.39137,-53.21665,0.98536,-0.2177422,-0.4629529,-11.01531,-55.75375,54.67803
77.075982571,83.2832700000001,-44.86619,-47.0586,1.030421,-0.7520773,-0.5911523,-11.01531,-55.75375,54.67803
77.085980892,150.2314,-39.16837,-41.75415,1.070904,-1.407696,-0.7934918,-11.01531,-55.75375,54.67803
77.095978737,241.7929,-27.77271,-49.25355,0.9797012,-1.436374,-1.074728,-11.01531,-55.75375,54.67803
77.105976582,329.8469,-14.35908,-51.75335,0.888308,-0.9498488,-0.8669921,-11.01531,-55.75375,54.67803
77.115973949,354.1526,-13.17203,-56.32616,0.8176051,0.4139043,-0.3747652,-7.644682,-56.45482,58.77063
77.125971794,305.4182,-6.64326800000002,-66.8131300000001,0.759937,1.076477,-0.171919,-7.644682,-56.45482,58.77063
77.135970116,184.0132,-9.72959,-66.56924,0.7473381,1.382156,-0.2485479,-7.644682,-56.45482,58.77063
77.145967484,18.73492,-5.515573,-39.37629,0.8101772,1.457314,-0.4018211,-7.644682,-56.45482,58.77063
77.155965328,-106.2391,5.76137699999998,-4.988776,0.5965257,0.7637226,-0.5936577,-7.644682,-56.45482,58.77063
77.165963173,-154.4811,15.55452,14.76575,0.7354857,0.1646637,-0.5104735,-5.708233,-43.48045,69.23225
77.175960541,-160.696,38.10842,29.58164,0.8768176,-0.1208993,-0.4785817,-5.708233,-43.48045,69.23225
77.185958386,-146.1741,62.8583500000001,36.53231,0.8170022,-0.1787608,-0.4593195,-5.708233,-43.48045,69.23225
77.195956707,-117.5612,79.41766,30.00844,0.8372288,-0.3248245,-0.5866184,-5.708233,-43.48045,69.23225
77.205954552,-77.5030600000002,89.80433,14.70478,0.9196083,-0.4596177,-0.7317358,-5.708233,-43.48045,69.23225
77.21595192,-28.338,102.3277,1.474125,0.8856512,-0.4961933,-0.8316896,-6.869196,-41.22691,66.82523
77.225949764,22.42691,113.4859,-8.58605100000002,0.7135077,-0.466925,-0.9783199,-6.869196,-41.22691,66.82523
77.235947609,69.1306300000001,120.1334,-14.37827,0.6388873,-0.4915465,-1.064806,-6.869196,-41.22691,66.82523
77.245944977,106.8505,126.7809,-17.67069,0.6270915,-0.4345306,-1.07485,-6.869196,-41.22691,66.82523
77.255942822,129.8639,137.1675,-19.98759,0.6182293,-0.2481173,-1.076318,-6.869196,-41.22691,66.82523
77.265941143,143.032,148.3851,-20.71923,0.6122528,-0.006117074,-1.010327,-14.99559,-46.99412,66.79447
77.275938988,130.3562,156.2196,-22.2435,0.6468913,0.1734421,-1.005169,-14.99559,-46.99412,66.79447
77.285936356,112.0808,164.529,-22.30447,0.6994352,0.2322565,-0.9047747,-14.99559,-46.99412,66.79447
77.2959342,90.0519300000002,175.8653,-21.69477,0.7400237,0.2015749,-0.7875864,-14.99559,-46.99412,66.79447
77.305932522,71.2842900000001,188.7447,-21.51185,0.7435483,0.1703391,-0.7569556,-14.99559,-46.99412,66.79447
77.315929413,57.6854499999998,199.4282,-19.86564,0.7665759,0.0336401,-0.7698821,-24.81348,-40.59418,67.46217
77.325927734,52.14746,208.9245,-16.02448,0.796581,-0.1639225,-0.8110411,-24.81348,-40.59418,67.46217
77.335925579,53.80886,217.9461,-10.72003,0.8176423,-0.3019929,-0.916329,-24.81348,-40.59418,67.46217
77.345922947,60.70058,224,-5.537513,0.8295451,-0.3423603,-1.051776,-24.81348,-40.59418,67.46217
77.355920792,71.4073600000001,227.3831,-1.391501,0.8511852,-0.3547305,-1.12264,-24.81348,-40.59418,67.46217
77.365918636,82.79101,228.9263,2.75451,0.858552,-0.3845169,-1.154231,-38.4018,-34.66423,60.87959
77.375916958,96.3283199999998,229.6979,6.53469799999998,0.8495291,-0.3974876,-1.171441,-38.4018,-34.66423,60.87959
77.385914326,109.9272,229.3418,10.98556,0.835182,-0.3853988,-1.147012,-38.4018,-34.66423,60.87959
77.395912171,121.4954,229.5792,15.00963,0.8503414,-0.3350508,-1.094408,-38.4018,-34.66423,60.87959
77.405910015,129.3717,229.4605,18.60691,0.8716362,-0.2737723,-1.028896,-38.4018,-34.66423,60.87959
77.415907383,132.756,229.5792,21.65545,0.8954514,-0.2167342,-0.9542941,-51.82928,-32.57549,49.80273
77.425905228,132.0791,229.1637,24.27719,0.9182876,-0.1334483,-0.876826,-51.82928,-32.57549,49.80273
77.435903549,126.9103,228.5108,26.53311,0.9537456,-0.07381634,-0.809424,-51.82928,-32.57549,49.80273
77.445900917,118.3572,227.3238,30.49621,0.9711249,-0.03807287,-0.7644774,-51.82928,-32.57549,49.80273
77.455898762,106.2967,225.1277,35.06901,0.9646905,-0.00649097,-0.7510741,-51.82928,-32.57549,49.80273
77.465896607,92.4517300000002,221.5666,40.37347,0.965267,0.01502028,-0.7381591,-62.05443,-24.83686,36.72084
77.475894451,77.7452899999999,216.1062,44.76336,0.9527506,0.0334888,-0.7108632,-62.05443,-24.83686,36.72084
77.485891819,62.9157800000001,210.4677,49.51908,0.9366034,0.03784153,-0.678293,-62.05443,-24.83686,36.72084
77.495890141,49.93226,204.2951,53.6651,0.9007558,0.05355097,-0.6365985,-62.05443,-24.83686,36.72084
77.505887985,37.37949,196.8167,55.43325,0.8666728,0.07897903,-0.5987381,-62.05443,-24.83686,36.72084
77.515885353,25.50357,188.5667,56.7746,0.846083,0.06116263,-0.5364828,-69.16008,-19.6847,22.45001
77.525883198,16.76585,180.1386,58.6037300000002,0.817187,0.0439303,-0.4986204,-69.16008,-19.6847,22.45001
77.535881043,10.3664,172.0667,59.0914899999998,0.7973847,0.03571669,-0.4507261,-69.16008,-19.6847,22.45001
77.545879364,5.81293900000002,164.2322,58.6647000000001,0.7782769,0.01703665,-0.3798588,-69.16008,-19.6847,22.45001
77.555876732,2.059412,159.2466,58.1159599999998,0.7377422,0.02221624,-0.3635178,-69.16008,-19.6847,22.45001
77.565874577,1.874812,149.5128,56.10392,0.6804983,0.009918338,-0.3093358,-71.84451,-14.10856,9.435564
77.575872421,1.997879,139.8384,53.2383,0.6330074,0.02225401,-0.292506,-71.84451,-14.10856,9.435564
77.585869789,-0.6480501,131.2916,50.43364,0.6460252,0.005013865,-0.2398809,-71.84451,-14.10856,9.435564
77.595867634,1.136414,124.5255,49.51908,0.695959,-0.03114419,-0.157165,-71.84451,-14.10856,9.435564
77.605865955,-0.1557842,118.7089,49.21423,0.7234014,-0.06421876,-0.1136539,-71.88699,-10.00964,-0.6487932
77.615862846,2.736278,113.842,49.64103,0.7283937,-0.09599926,-0.09259704,-71.88699,-10.00964,-0.6487932
77.625861168,8.705001,107.9068,48.90937,0.6738563,-0.09803549,-0.09106571,-71.88699,-10.00964,-0.6487932
77.635859013,13.68919,102.209,48.42161,0.6519907,-0.07420893,-0.04221898,-71.88699,-10.00964,-0.6487932
77.645856857,15.22752,95.9176300000001,48.11676,0.6485457,-0.04511078,0.01185863,-71.88699,-10.00964,-0.6487932
77.655854225,12.15086,89.2108099999999,47.38511,0.6723085,-0.06432804,0.03766526,-71.54616,-6.715665,-8.790964
77.66585207,10.61253,82.7413899999999,46.47055,0.71032,-0.0894582,0.07684871,-71.54616,-6.715665,-8.790964
77.675850391,10.98173,78.2899699999997,46.10472,0.7165717,-0.1362035,0.106043,-71.54616,-6.715665,-8.790964
77.685847759,13.62766,73.3637199999998,45.06822,0.7293819,-0.143743,0.1041083,-71.54616,-6.715665,-8.790964
77.695845604,14.91986,68.9716500000002,43.8488,0.7774247,-0.1330267,0.1092861,-71.54616,-6.715665,-8.790964
77.705843449,12.45853,64.2234600000001,43.17812,0.8453199,-0.08919784,0.1321281,-70.46197,-3.708511,-14.02337
77.715840816,5.689873,58.9411,44.09269,0.9080335,-0.08101524,0.1473311,-70.46197,-3.708511,-14.02337
77.725838661,-2.063314,54.01485,45.12919,0.9272492,-0.0666705,0.1334152,-70.46197,-3.708511,-14.02337
77.735836983,-12.15476,50.03825,45.79987,0.915105,-0.06817526,0.1544941,-70.46197,-3.708511,-14.02337
77.745834827,-22.80001,46.41775,47.20219,0.9242586,-0.1139702,0.1750688,-70.46197,-3.708511,-14.02337
77.755832195,-29.4456,42.20373,48.78743,0.8945195,-0.1402303,0.1310983,-68.66859,-1.834544,-18.9221
77.76583004,-29.9994,34.60663,48.17773,0.8915858,-0.1406348,0.09329606,-68.66859,-1.834544,-18.9221
77.775827885,-31.6608,28.37463,47.01928,0.9313607,-0.1296739,0.1429958,-68.66859,-1.834544,-18.9221
77.785825252,-33.6914,21.78652,44.76336,0.9518901,-0.1316796,0.1979968,-68.66859,-1.834544,-18.9221
77.795823574,-32.89146,15.13905,42.50745,0.905572,-0.1300772,0.2076486,-68.66859,-1.834544,-18.9221
77.805821419,-31.23007,8.01676800000001,38.78823,0.8651106,-0.1023587,0.2440838,-67.97157,1.193769,-21.31927
77.815819263,-27.53807,-1.064145,33.91057,0.830447,-0.09934459,0.2235647,-67.97157,1.193769,-21.31927
77.825816631,-22.98461,-11.0947,28.11835,0.8142994,-0.07090629,0.1800351,-67.97157,1.193769,-21.31927
77.835814476,-20.09255,-22.07488,21.65545,0.7599173,-0.03067663,0.1269976,-67.97157,1.193769,-21.31927
77.845812798,-21.01555,-36.79427,16.10711,0.7206852,0.007545455,0.08733433,-67.97157,1.193769,-21.31927
77.855810165,-22.92308,-51.39495,10.80265,0.7495298,0.002152449,0.07292815,-68.03867,4.609888,-22.17603
77.86580801,-20.58482,-63.6215399999998,6.29081499999999,0.7667273,-0.03238247,0.0322281,-68.03867,4.609888,-22.17603
77.875805855,-14.86223,-79.29057,1.047329,0.7169055,-0.05480716,-0.08014464,-68.03867,4.609888,-22.17603
77.885803223,-7.29363900000002,-95.01894,-4.50101,0.7330701,-0.1122105,-0.1217942,-68.03867,4.609888,-22.17603
77.895801067,7.35127000000003,-106.3552,-11.45168,0.7863775,-0.1486625,-0.1314492,-68.03867,4.609888,-22.17603
77.905799389,29.56477,-114.3678,-20.23147,0.8083341,-0.1237518,-0.1118723,-68.41054,6.91365,-19.3525
77.915797234,52.57819,-121.7275,-30.41358,0.8224683,0.00654139,-0.08273735,-68.41054,6.91365,-19.3525
77.925794601,-14.30843,-57.3301900000001,-10.04935,2.381474,-0.2643583,4.004525,-68.41054,6.91365,-19.3525
77.935792446,-70.3036699999999,34.36922,27.63058,3.866039,-1.731551,5.081983,-68.41054,6.91365,-19.3525
77.945790291,86.6676000000001,23.8045,15.13157,0.8891718,-0.9301433,-0.3094575,-68.41054,6.91365,-19.3525
77.955787659,138.4171,-46.64676,-30.53553,-0.1510915,0.2438127,-0.8841519,-71.79483,6.545573,-14.92497
77.96578598,76.6992200000003,-98.0459099999998,-55.53354,0.3408523,1.062628,0.2815481,-71.79483,6.545573,-14.92497
77.975783825,-25.93821,-96.3246999999999,-40.10794,1.283352,0.8136855,0.8839321,-71.79483,6.545573,-14.92497
77.98578167,-29.4456,-98.9955499999999,-25.04816,1.797775,-0.02491029,0.2137234,-71.79483,6.545573,-14.92497
77.995779037,1.136414,-109.0261,-21.69477,1.195004,0.02922683,0.3162184,-71.79483,6.545573,-14.92497
78.005776882,17.93499,-122.0243,-28.7064,1.338755,-0.2885978,0.05713998,-72.53564,5.792857,-13.31397
78.015775204,59.9621799999998,-127.544,-35.04736,1.438256,-0.4813458,-0.1918434,-72.53564,5.792857,-13.31397
78.025772095,107.4658,-127.544,-49.68034,1.372023,-0.3563159,-0.2984826,-72.53564,5.792857,-13.31397
78.035770416,114.9729,-134.0134,-49.74131,1.279663,-0.21528,-0.4050803,-72.53564,5.792857,-13.31397
78.045768261,108.635,-133.776,-42.48579,1.160096,-0.04540564,-0.2225782,-72.53564,5.792857,-13.31397
78.055765629,81.0680799999997,-129.7994,-36.69357,0.9994007,0.133282,-0.1031786,-74.02718,3.941393,-6.02642
78.065763474,43.96354,-122.2617,-29.25514,0.8686984,0.1381151,-0.1421953,-74.02718,3.941393,-6.02642
78.075761318,0.2749484,-117.2761,-15.71963,0.8243123,0.03512804,-0.2019134,-74.02718,3.941393,-6.02642
78.08575964,-30.61473,-113.0621,-4.744893,0.982034,-0.1390333,-0.2452153,-74.02718,3.941393,-6.02642
78.095757008,-38.98325,-108.1952,0.1937385,1.116458,-0.290035,-0.2032961,-74.02718,3.941393,-6.02642
78.105754852,-30.43013,-103.3876,-1.147618,1.155779,-0.3603811,-0.2224896,-74.72823,0.190505,0.8898325
78.115752697,-12.64703,-97.27434,-6.513045,1.082746,-0.3902762,-0.2515477,-74.72823,0.190505,0.8898325
78.125750065,6.48980500000002,-89.7365900000001,-11.32973,1.017157,-0.2959897,-0.2146073,-74.72823,0.190505,0.8898325
78.13574791,16.82739,-82.6142999999999,-13.21983,0.9866664,-0.1496789,-0.1442411,-74.72823,0.190505,0.8898325
78.145746231,17.44272,-77.3913000000001,-13.2808,0.9926586,-0.07883579,-0.1155552,-74.72823,0.190505,0.8898325
78.155744076,15.65826,-74.2456199999999,-11.57362,0.9860071,-0.141966,-0.2026282,-74.37749,-0.125474,8.183176
78.165741444,17.68885,-72.5244000000003,-10.59809,0.9829258,-0.08104737,-0.1767954,-74.37749,-0.125474,8.183176
78.175739288,17.19659,-69.4974299999998,-11.63459,1.041933,0.02169872,-0.1218885,-74.37749,-0.125474,8.183176
78.185737133,8.52040099999998,-67.0639800000002,-12.00041,1.054846,0.08659284,-0.1209706,-74.37749,-0.125474,8.183176
78.195734501,-7.17057299999998,-66.1143400000001,-9.13478800000001,1.053102,0.05034525,-0.09559365,-73.62978,-0.8467822,12.19181
78.205732822,-14.30843,-65.10535,-7.85440200000002,1.058507,-0.03042043,-0.1180754,-73.62978,-0.8467822,12.19181
78.215730667,-16.21596,-63.3247799999997,-6.93983999999998,1.009232,-0.05404555,-0.1505266,-73.62978,-0.8467822,12.19181
78.225728035,-17.13896,-61.24745,-7.54954800000001,0.999973,-0.08076321,-0.1825681,-73.62978,-0.8467822,12.19181
78.23572588,-17.63122,-59.6449299999999,-8.64702100000002,1.01652,-0.07859246,-0.1404828,-73.62978,-0.8467822,12.19181
78.245723724,-16.95436,-57.9237099999997,-10.11032,1.035109,-0.1083272,-0.1376361,-73.63013,-1.576439,15.87239
78.255722046,-18.30809,-56.38055,-11.45168,1.012481,-0.09640645,-0.1136709,-73.63013,-1.576439,15.87239
78.265719414,-19.60028,-55.78703,-12.54915,1.021602,-0.1409241,-0.1127182,-73.63013,-1.576439,15.87239
78.275717259,-15.84676,-54.06581,-13.2808,1.01804,-0.1590489,-0.1208432,-73.63013,-1.576439,15.87239
78.285715103,-12.7701,-52.28524,-14.86604,1.022621,-0.1433381,-0.113198,-73.63013,-1.576439,15.87239
78.295712471,-10.49337,-50.62337,-16.08545,1.022338,-0.1290769,-0.14718,-72.14079,-1.911767,19.88456
78.305710316,-9.57036899999999,-49.08021,-16.45128,1.014871,-0.09471814,-0.1466973,-72.14079,-1.911767,19.88456
78.315708637,-11.4779,-47.29964,-15.47575,1.025104,-0.06873035,-0.1433718,-72.14079,-1.911767,19.88456
78.325706482,-11.53943,-45.51907,-15.53672,1.024124,-0.06895149,-0.1653845,-72.14079,-1.911767,19.88456
78.33570385,-12.2163,-44.33202,-15.47575,1.013736,-0.06100977,-0.1778114,-72.14079,-1.911767,19.88456
78.345701695,-12.33936,-43.44173,-15.29283,0.9915547,-0.07365794,-0.1844696,-71.75854,-3.018967,23.56994
78.355699539,-12.4009,-42.78886,-15.04895,0.9736774,-0.08256605,-0.2165007,-71.75854,-3.018967,23.56994
78.365696907,-10.43183,-41.72052,-14.86604,0.9507107,-0.07989455,-0.2466116,-71.75854,-3.018967,23.56994
78.375695229,-9.20116899999999,-41.72052,-15.65866,0.943839,-0.07703133,-0.2375075,-71.75854,-3.018967,23.56994
78.385693073,-8.46277000000003,-41.3644,-15.41478,0.9308957,-0.06285793,-0.2537601,-71.75854,-3.018967,23.56994
78.395690918,-8.15510499999999,-40.94894,-14.86604,0.9710926,-0.07494293,-0.2275054,-71.74398,-4.1426,25.64003
78.405688286,-5.87837500000002,-39.93995,-14.37827,0.9825321,-0.08739088,-0.2318294,-71.74398,-4.1426,25.64003
78.415686131,-3.478579,-39.76189,-14.50021,0.9578319,-0.07012276,-0.2561981,-71.74398,-4.1426,25.64003
78.425684452,-2.863246,-40.53347,-14.86604,0.9466067,-0.04307039,-0.2494854,-71.74398,-4.1426,25.64003
78.435681343,-3.355512,-40.59282,-14.80507,0.9543926,-0.04238676,-0.2447134,-71.74398,-4.1426,25.64003
78.445679665,-3.109379,-40.65217,-14.7441,0.9458008,-0.05247273,-0.2662318,-70.59875,-5.635428,28.043
78.455677509,-1.755648,-40.65217,-14.43924,0.9556304,-0.05726077,-0.2796478,-70.59875,-5.635428,28.043
78.465675354,0.705681,-40.29606,-14.7441,0.9619599,-0.05722344,-0.2892304,-70.59875,-5.635428,28.043
78.475672722,2.797811,-39.52448,-14.68313,0.9621135,-0.03988441,-0.3064638,-70.59875,-5.635428,28.043
78.485670567,3.597743,-38.51549,-14.43924,0.9491141,-0.02284035,-0.3275029,-70.59875,-5.635428,28.043
78.495668888,3.720809,-37.80326,-14.13439,0.9304333,-0.01466425,-0.349487,-69.46782,-6.370268,30.11941
78.505666256,3.290077,-36.49751,-13.58565,0.9075501,-0.01631633,-0.3743326,-69.46782,-6.370268,30.11941
78.515664101,3.228544,-35.42916,-13.95148,0.871708,-0.001973438,-0.3757095,-69.46782,-6.370268,30.11941
78.525661945,2.859344,-34.36082,-14.07342,0.8677178,-0.0229039,-0.3709114,-69.46782,-6.370268,30.11941
78.535660267,3.413143,-34.00471,-14.80507,0.8705723,-0.07086799,-0.3613325,-69.46782,-6.370268,30.11941
78.545657158,3.105477,-33.94535,-14.25633,0.9225318,-0.08509671,-0.2762329,-68.77551,-7.105665,32.51507
78.55565548,5.81293900000002,-33.35183,-13.89051,1.05208,-0.1322032,-0.2343319,-68.77551,-7.105665,32.51507
78.565653324,12.39699,-32.10543,-13.34177,1.026963,-0.01634198,-0.3166331,-68.77551,-7.105665,32.51507
78.575650692,9.13573400000002,-33.64859,-14.13439,1.000535,0.06698007,-0.3410158,-68.77551,-7.105665,32.51507
78.585648537,5.566806,-33.23313,-13.2808,0.9986202,0.09054282,-0.3639902,-68.77551,-7.105665,32.51507
78.595646382,1.07488,-32.87701,-12.06138,0.9935313,0.102911,-0.3290485,-68.02102,-7.840049,34.9757
78.605644703,-5.078443,-33.70795,-10.23226,1.012906,0.08423775,-0.2874413,-68.02102,-7.840049,34.9757
78.615642071,-11.78556,-34.77629,-8.46410900000001,1.000453,0.04722684,-0.2692242,-68.02102,-7.840049,34.9757
78.625639915,-16.27749,-36.49751,-6.81789900000001,0.9734488,0.004949659,-0.3170238,-68.02102,-7.840049,34.9757
78.63563776,-19.04649,-38.04067,-7.18372300000002,0.9526151,-0.0276306,-0.3275078,-68.02102,-7.840049,34.9757
78.645635128,-20.89248,-39.46513,-7.366636,0.9579674,-0.07899518,-0.3231967,-66.50683,-8.892853,36.60508
78.655632973,-20.58482,-39.70254,-8.15925599999997,0.9933989,-0.09789511,-0.3409609,-66.50683,-8.892853,36.60508
78.665631294,-22.24621,-39.64318,-8.52507999999999,0.9945171,-0.0544234,-0.3720815,-66.50683,-8.892853,36.60508
78.675628662,-25.93821,-39.64318,-8.098285,0.9967622,0.007146918,-0.39268,-66.50683,-8.892853,36.60508
78.685626507,-32.2146,-39.22772,-8.03731400000003,0.9809709,0.04307439,-0.4151548,-66.50683,-8.892853,36.60508
78.695624351,-37.38339,-38.99031,-8.46410900000001,0.9784909,0.01984933,-0.398873,-65.75652,-9.253963,38.22517
78.705622196,-40.09085,-38.10002,-8.70799300000002,0.9839137,-0.009839489,-0.4156249,-65.75652,-9.253963,38.22517
78.715619564,-41.19845,-37.15038,-9.07381699999998,0.9906435,-0.00556992,-0.4414808,-65.75652,-9.253963,38.22517
78.725617886,-41.62918,-35.42916,-9.86643700000001,0.9861639,-0.0009349845,-0.4563101,-65.75652,-9.253963,38.22517
78.73561573,-42.85985,-33.58924,-10.3542,0.9619024,-0.00696584,-0.4787593,-65.75652,-9.253963,38.22517
78.745613098,-45.25964,-32.34284,-11.20779,0.9496859,-0.005333616,-0.4863957,-63.86994,-10.36027,40.69617
78.755610943,-48.76704,-30.56227,-11.02488,0.9459704,-0.01516095,-0.4902153,-63.86994,-10.36027,40.69617
78.765608787,-53.44357,-28.663,-11.02488,0.9329478,-0.02217317,-0.4849264,-63.86994,-10.36027,40.69617
78.775607109,-58.0585600000001,-27.06048,-11.51265,0.922296,-0.02576328,-0.4825141,-63.86994,-10.36027,40.69617
78.785604477,-63.7196099999998,-26.11085,-11.57362,0.9175186,-0.03063812,-0.4738901,-62.34319,-11.86336,41.55391
78.795602322,-69.25761,-25.51732,-11.45168,0.9244886,-0.03813512,-0.4585859,-62.34319,-11.86336,41.55391
78.805600166,-73.5034,-25.63603,-11.87847,0.9250027,-0.01317964,-0.4408859,-62.34319,-11.86336,41.55391
78.815597534,-78.73372,-25.69538,-13.64662,0.9640568,-0.01667625,-0.4294673,-62.34319,-11.86336,41.55391
78.825595379,-80.4566500000003,-26.40761,-15.65866,1.009284,-0.06399619,-0.4410197,-62.34319,-11.86336,41.55391
78.8355937,-79.59518,-25.99214,-15.59769,0.9632619,-0.0008664313,-0.4524416,-61.54206,-14.51368,42.34767
78.845591545,-83.2256500000001,-27.59465,-18.03652,1.010514,-0.02550355,-0.4324175,-61.54206,-14.51368,42.34767
78.855588913,-82.4872499999998,-27.11983,-19.31691,1.05074,-0.03974227,-0.4291338,-61.54206,-14.51368,42.34767
78.865586758,-81.13352,-27.47595,-18.58526,1.00939,-0.01786034,-0.4443818,-61.54206,-14.51368,42.34767
78.875584602,-84.3332399999998,-30.62162,-17.42681,0.9814147,-0.007245171,-0.4452929,-61.54206,-14.51368,42.34767
78.88558197,-91.3480399999999,-33.70795,-14.37827,0.9144793,-0.02431952,-0.4671864,-60.3409,-18.30553,42.7633
78.895579815,-103.4701,-38.04067,-9.31770000000002,0.8861596,-0.07364864,-0.4862674,-60.3409,-18.30553,42.7633
78.905578136,-118.3611,-41.95792,-4.257127,0.904807,-0.158263,-0.4800566,-60.3409,-18.30553,42.7633
78.915575981,-132.883,-44.74749,1.718008,0.9014801,-0.1890922,-0.4963144,-60.3409,-18.30553,42.7633
78.925573349,-147.7125,-47.53705,6.53469799999998,0.9459749,-0.2232535,-0.5021262,-60.3409,-18.30553,42.7633
78.935571194,-160.0191,-48.36798,11.9611,1.013857,-0.2575528,-0.5204215,-58.38857,-22.09503,42.79748
78.945569515,-169.003,-47.24029,20.67991,1.022574,-0.2294723,-0.5505943,-58.38857,-22.09503,42.79748
78.955566406,-182.048,-45.34101,31.04494,0.9782322,-0.1259148,-0.5553294,-58.38857,-22.09503,42.79748
78.965564728,-197.9236,-44.39137,41.40997,0.9283718,-0.06567124,-0.555258,-58.38857,-22.09503,42.79748
78.975562572,-216.6912,-42.4921,51.89694,0.9202143,-0.04558859,-0.5203128,-58.38857,-22.09503,42.79748
78.985560417,-235.8896,-36.97233,64.0911000000001,0.9301827,-0.1088877,-0.5026066,-57.53964,-26.66348,41.66637
78.995557785,-242.5967,-30.50292,77.3217500000003,0.8946647,-0.1106218,-0.4561224,-57.53964,-26.66348,41.66637
79.00555563,-250.1653,-22.31229,88.2964900000001,0.908204,-0.1562775,-0.4298125,-57.53964,-26.66348,41.66637
79.015553951,-254.7803,-10.14506,102.4417,0.921602,-0.1419546,-0.3805462,-57.53964,-26.66348,41.66637
79.025551319,-254.4111,-7.17743899999998,108.112,0.7201446,-0.05467962,-0.4443467,-57.53964,-26.66348,41.66637
79.035549164,-258.9646,-19.70079,107.8681,0.4730183,0.1302831,-0.4611923,-56.30499,-31.25037,38.02253
79.045547009,-293.2386,-17.92022,97.01531,0.7952648,-0.007863488,-0.4822972,-56.30499,-31.25037,38.02253
79.055544853,-286.9622,-25.33926,106.5267,0.9175852,0.06939259,-0.4820518,-56.30499,-31.25037,38.02253
79.065542221,-308.4373,-31.3932,118.2331,0.8486686,-0.1267131,-0.4689596,-56.30499,-31.25037,38.02253
79.075540543,-306.6528,-32.04608,129.7566,0.786458,-0.03103809,-0.4468613,-56.30499,-31.25037,38.02253
79.085538387,-300.8687,-35.84463,137.9267,0.6684041,-0.001594123,-0.5849715,-58.48105,-33.53719,31.95465
79.095535755,-285.7315,-48.72409,142.9263,0.6421829,-0.06238494,-0.7457117,-58.48105,-33.53719,31.95465
79.1055336,-252.5651,-63.7995999999998,143.7189,0.8201521,-0.4068214,-0.8009695,-58.48105,-33.53719,31.95465
79.115531445,-194.6623,-70.9218800000002,139.6339,1.031994,-0.8401318,-0.7643769,-58.48105,-33.53719,31.95465
79.125528812,-119.8379,-70.50642,135.7927,0.9665737,-0.9083375,-0.6422084,-58.48105,-33.53719,31.95465
79.135527134,-55.22803,-66.9452699999998,131.4028,0.843289,-0.5688308,-0.5535443,-60.30385,-35.11027,27.49833
79.145524979,-23.59995,-66.05499,128.2323,0.9093242,-0.2176297,-0.4987137,-60.30385,-35.11027,27.49833
79.155522823,-17.50816,-66.6485100000002,125.5496,1.013033,0.04715673,-0.4630694,-60.30385,-35.11027,27.49833
79.165520191,-32.09153,-67.5981499999997,124.3302,1.059511,0.2192668,-0.4478803,-60.30385,-35.11027,27.49833
79.175518036,-59.3507499999997,-70.09095,124.757,1.02115,0.3412547,-0.4693808,-60.30385,-35.11027,27.49833
79.185516357,-90.3019699999998,-73.2959799999998,127.6836,0.959235,0.3422374,-0.4936805,-61.51244,-31.36492,29.08256
79.195513725,-118.7919,-76.9164699999998,130.0005,0.8968959,0.2877399,-0.5261009,-61.51244,-31.36492,29.08256
79.20551157,-134.7905,-79.52798,129.9395,0.8935518,0.1802106,-0.5337247,-61.51244,-31.36492,29.08256
79.215509415,-136.5134,-79.29057,127.3178,0.9135228,0.1036607,-0.4988037,-61.51244,-31.36492,29.08256
79.225507259,-130.237,-76.1448900000003,122.9279,0.9126055,0.1287511,-0.410272,-61.51244,-31.36492,29.08256
79.235504627,-123.5299,-71.5154100000001,118.1112,0.9098855,0.1973126,-0.3466343,-62.42543,-24.11655,32.26348
79.245502949,-117.7458,-66.1736999999999,114.331,0.8996948,0.2224206,-0.2891938,-62.42543,-24.11655,32.26348
79.255500794,-109.5619,-65.10535,112.6848,0.8780352,0.02285907,-0.4369847,-62.42543,-24.11655,32.26348
79.265498161,-100.578,-51.15754,115.0627,1.074609,0.07410508,-0.04155818,-62.42543,-24.11655,32.26348
79.275496006,-78.9798600000001,-37.86261,100.9784,1.008595,0.5813861,0.04313425,-62.42543,-24.11655,32.26348
79.285493851,-91.04037,-23.26193,88.8452299999999,1.028944,0.8789654,0.2842245,-62.14003,-20.28948,34.69699
79.295492172,-126.6066,-12.04433,84.2114500000001,1.172811,0.7994068,0.4658531,-62.14003,-20.28948,34.69699
79.305489063,-151.466,8.43223400000003,86.9551300000002,1.292372,0.7955257,0.6857906,-62.14003,-20.28948,34.69699
79.315487385,-173.6795,33.53829,89.8207599999999,1.358973,0.9696733,1.091941,-62.14003,-20.28948,34.69699
79.32548523,-191.5241,53.65874,89.1500800000002,1.462889,0.8859867,1.121453,-61.10766,-16.08677,35.90853
79.335482597,-177.31,53.48068,79.21185,1.040214,0.8968932,0.09516268,-61.10766,-16.08677,35.90853
79.345480442,-139.5285,32.648,55.79907,1.338777,0.9227405,-0.2207461,-61.10766,-16.08677,35.90853
79.355478764,-72.08813,17.39444,13.30245,1.690005,0.7198485,-0.2638994,-61.10766,-16.08677,35.90853
79.365476608,8.27426799999999,10.0941,-4.866835,1.191793,0.2935387,-0.1054696,-61.10766,-16.08677,35.90853
79.375473976,62.85424,4.396273,-14.43924,0.990986,-0.1733925,-0.1959287,-62.5984,-15.74872,32.21886
79.385471821,109.9272,1.844121,-12.48818,0.9995165,-0.4496222,-0.3437525,-62.5984,-15.74872,32.21886
79.395469666,127.0334,3.090521,-1.330531,1.094107,-0.2731093,-0.4291494,-62.5984,-15.74872,32.21886
79.405467033,98.6050499999997,5.286559,7.14440499999997,1.126486,0.1016597,-0.540332,-62.5984,-15.74872,32.21886
79.415464878,35.84116,2.912464,14.27798,1.010546,0.3601627,-0.5043033,-62.5984,-15.74872,32.21886
79.4254632,-29.69173,-1.95443,23.05777,0.8196455,0.3019086,-0.510177,-62.97681,-15.74445,33.05459
79.435461044,-69.5037399999998,-2.904068,24.4601,0.8515133,0.1086422,-0.5637832,-62.97681,-15.74445,33.05459
79.445458412,-80.4566500000003,1.903473,20.98477,0.9198905,-0.02949846,-0.5667383,-62.97681,-15.74445,33.05459
79.455456257,-71.22667,7.304539,13.72925,0.9518659,-0.1742807,-0.5265564,-62.97681,-15.74445,33.05459
79.465454102,-46.98257,12.34949,6.59566799999998,0.9364688,-0.2632982,-0.5561783,-62.97681,-15.74445,33.05459
79.475452423,-17.07742,17.27574,2.998394,0.9163516,-0.2046302,-0.5800872,-63.00629,-14.22684,32.59497
79.485449791,4.828408,21.37105,0.925387699999998,0.8956836,-0.03767283,-0.5580797,-63.00629,-14.22684,32.59497
79.495447636,13.19693,23.21097,0.1327677,0.9165705,0.09683434,-0.5079002,-63.00629,-14.22684,32.59497
79.50544548,15.53519,24.10126,0.7424754,0.9290658,0.1328488,-0.4758666,-63.00629,-14.22684,32.59497
79.515442848,15.59672,24.21996,2.083832,0.9335825,0.1527091,-0.4395079,-63.00629,-14.22684,32.59497
79.525440693,11.96626,23.27032,4.095867,0.9310561,0.1583028,-0.4069617,-62.99504,-14.61374,31.823
79.535439015,6.36673800000001,21.78652,6.04693200000002,0.9148343,0.1400727,-0.3992715,-62.99504,-14.61374,31.823
79.545436382,0.3980148,20.24335,7.937025,0.9124929,0.1088428,-0.4083523,-62.99504,-14.61374,31.823
79.555434227,-6.24757399999999,18.75954,9.27838200000003,0.9215211,0.09556396,-0.3920931,-62.99504,-14.61374,31.823
79.565432072,-12.2163,16.80092,10.01003,0.9417163,0.05803319,-0.3949901,-62.99504,-14.61374,31.823
79.575429917,-16.89282,14.84229,10.071,0.9637493,0.02711039,-0.3701346,-63.74703,-14.24936,30.5899
79.585427284,-19.23109,13.06172,10.25391,0.9644893,-0.01220555,-0.3667757,-63.74703,-14.24936,30.5899
79.595425606,-17.81582,10.92503,10.55877,0.9459948,-0.01362617,-0.375836,-63.74703,-14.24936,30.5899
79.605423451,-15.47756,9.916043,10.31489,0.9324427,0.006755926,-0.4026179,-63.74703,-14.24936,30.5899
79.615421295,-14.86223,8.84769999999998,10.43683,0.9207221,0.059956,-0.4050041,-63.74703,-14.24936,30.5899
79.625418663,-15.04683,7.48259600000002,10.19294,0.9100993,0.05496128,-0.3968485,-64.49902,-13.88498,29.35681
79.635416508,-13.20083,6.29554899999997,9.217411,0.9266108,0.006286355,-0.3882504,-64.49902,-13.88498,29.35681
79.645414829,-9.01656900000002,6.117492,8.54673300000003,0.9377361,-0.01540946,-0.3935285,-64.49902,-13.88498,29.35681
79.655412197,-3.970845,5.286559,7.26634699999998,0.9239956,-0.03601591,-0.3853634,-64.49902,-13.88498,29.35681
79.665410042,-1.509515,4.514977,6.10790299999999,0.9174551,-0.0256869,-0.4107192,-64.49902,-13.88498,29.35681
79.675407886,-2.370981,4.277568,5.376253,0.9202952,0.004374772,-0.4241321,-64.87993,-13.5107,28.965
79.685405731,-6.24757399999999,3.32793,4.583633,0.9065621,0.009646192,-0.4025736,-64.87993,-13.5107,28.965
79.695403099,-10.0011,2.912464,3.973926,0.910611,0.001368679,-0.4131072,-64.87993,-13.5107,28.965
79.705401421,-11.78556,2.853111,3.242276,0.9153046,-0.01507815,-0.4150254,-64.87993,-13.5107,28.965
79.715399265,-11.90863,2.734407,2.510627,0.916253,-0.01355334,-0.4097631,-64.87993,-13.5107,28.965
79.725396633,-11.4779,2.793759,2.022861,0.9106248,0.0002567028,-0.4284213,-65.62575,-13.52341,28.12093
79.735394478,-10.1857,2.734407,1.474125,0.9092838,0.01961085,-0.4346454,-65.62575,-13.52341,28.12093
79.745392322,-8.15510499999999,2.675054,1.047329,0.9084414,0.03856347,-0.4327345,-65.62575,-13.52341,28.12093
79.755390644,-5.87837500000002,3.624692,0.803446099999999,0.9059029,0.04377533,-0.4418244,-65.62575,-13.52341,28.12093
79.765388012,-2.74018,4.218216,0.803446099999999,0.8998277,0.05574682,-0.4480384,-65.62575,-13.52341,28.12093
79.775385857,-1.263382,5.464615,0.864416900000002,0.9011234,0.06447551,-0.4528287,-65.23725,-14.2775,28.57927
79.785383701,-1.017249,6.35490099999999,1.474125,0.9033695,0.07479484,-0.445178,-65.23725,-14.2775,28.57927
79.795381069,-1.817181,7.06713000000001,1.96189,0.9102992,0.06912237,-0.4427958,-65.23725,-14.2775,28.57927
79.805378914,-3.417045,7.95741500000002,2.571598,0.9124588,0.05802787,-0.4384895,-65.23725,-14.2775,28.57927
79.815377235,-4.83231,8.55093899999998,2.876452,0.9135793,0.0502881,-0.4370537,-65.23725,-14.2775,28.57927
79.82537508,-6.24757399999999,9.67863400000001,3.181306,0.9250211,0.03791038,-0.4337205,-65.23359,-14.28458,27.74077
79.835372448,-7.29363900000002,10.0941,3.608101,0.9153813,0.03244037,-0.4265236,-65.23359,-14.28458,27.74077
79.845370293,-8.03203799999998,10.15345,3.608101,0.9077733,0.02267211,-0.4155006,-65.23359,-14.28458,27.74077
79.855368137,-7.724371,9.916043,2.937423,0.909446,0.01157675,-0.4102363,-65.23359,-14.28458,27.74077
79.865365505,-6.92443900000002,9.73798600000003,2.510627,0.9032991,0.001828591,-0.400173,-65.23359,-14.28458,27.74077
79.87536335,-5.078443,9.61928199999999,1.657037,0.9029053,-0.002972805,-0.3929924,-65.60466,-14.29448,26.89948
79.885361671,-3.109379,9.26316700000002,1.1083,0.9149926,0.002151736,-0.3901433,-65.60466,-14.29448,26.89948
79.895359516,-1.324916,9.50057699999998,0.4376215,0.9188698,0.003156358,-0.3949361,-65.60466,-14.29448,26.89948
79.905356884,0.2749484,9.38187199999997,-0.2330568,0.9147242,0.01612031,-0.403068,-65.60466,-14.29448,26.89948
79.915354729,1.382547,9.44122399999999,-0.598881400000002,0.9165922,0.02058332,-0.3973295,-65.24395,-13.53422,26.51121
79.92535305,1.874812,9.67863400000001,-0.5379106,0.9139656,0.03075374,-0.3954133,-65.24395,-13.53422,26.51121
79.935349941,1.997879,9.97539500000001,-0.4159691,0.9222105,0.03287795,-0.3935139,-65.24395,-13.53422,26.51121
79.945348263,1.813279,10.45021,-0.2940276,0.9348314,0.03560965,-0.3877937,-65.24395,-13.53422,26.51121
79.955346107,0.951813900000003,10.56892,-0.05014454,0.9504021,0.03693741,-0.3825568,-65.24395,-13.53422,26.51121
79.965343952,0.705681,11.04374,0.0717969800000001,0.9578017,0.03227683,-0.3768256,-65.60127,-14.30101,26.12548
79.97534132,0.767214200000001,10.98439,0.1327677,0.9531496,0.04616318,-0.389264,-65.60127,-14.30101,26.12548
79.985339165,0.1518819,11.16244,0.4985923,0.9471852,0.05234942,-0.390691,-65.60127,-14.30101,26.12548
79.995337486,-1.140316,11.63726,0.7424754,0.9510468,0.05440896,-0.386391,-65.60127,-14.30101,26.12548
80.005334854,-2.92478,11.87467,1.230241,0.9529237,0.05837744,-0.3816096,-65.60127,-14.30101,26.12548
80.015332699,-4.893843,12.29014,2.144803,0.949011,0.05934658,-0.3734672,-65.60547,-13.92774,25.28495
80.025330544,-6.98597300000001,12.34949,2.815481,0.9571375,0.06779446,-0.3706121,-65.60547,-13.92774,25.28495
80.035328388,-8.64737,12.34949,3.425189,0.9591418,0.06495351,-0.3667862,-65.60547,-13.92774,25.28495
80.045325756,-10.12417,12.46819,3.973926,0.9459422,0.06705663,-0.3739424,-65.60547,-13.92774,25.28495
80.055324078,-11.60097,12.46819,4.217809,0.9474854,0.06270926,-0.3744226,-65.60547,-13.92774,25.28495
80.065321922,-12.2163,12.52755,4.705575,0.9432916,0.05237337,-0.3796769,-66.35944,-13.55955,24.50335
80.07531929,-12.64703,13.12107,4.766546,0.9435301,0.03978748,-0.3748884,-66.35944,-13.55955,24.50335
80.085317135,-13.44696,13.41783,5.193341,0.9391569,0.03926338,-0.3696162,-66.35944,-13.55955,24.50335
80.09531498,-13.75463,13.41783,4.888487,0.9438088,0.02536826,-0.358135,-66.35944,-13.55955,24.50335
80.105313301,-14.49303,13.41783,4.705575,0.9636763,0.03176754,-0.3390282,-66.35944,-13.55955,24.50335
80.115310669,-14.73916,13.71459,4.705575,0.9691358,0.02655636,-0.3361649,-66.71648,-14.32688,24.05313
80.125308514,-15.47756,13.53654,4.27878,0.980912,0.04817484,-0.3357124,-66.71648,-14.32688,24.05313
80.135306358,-15.60063,13.35848,4.156838,0.9857824,0.04824913,-0.3381138,-66.71648,-14.32688,24.05313
80.145304203,-15.90829,13.35848,4.400721,0.9901977,0.07264222,-0.3371706,-66.71648,-14.32688,24.05313
80.155301571,-17.20049,13.00237,4.461692,0.9855046,0.0891066,-0.3333381,-66.71648,-14.32688,24.05313
80.165299892,-17.69275,12.88366,4.644604,0.9783325,0.08160121,-0.3414595,-65.96361,-14.3278,23.28468
80.175297737,-17.44662,12.82431,4.33975,0.9703515,0.06536798,-0.3457485,-65.96361,-14.3278,23.28468
80.185295105,-16.89282,13.29913,4.217809,0.970525,0.05614729,-0.3447893,-65.96361,-14.3278,23.28468
80.19529295,-17.26202,13.89265,3.973926,0.9659568,0.0400736,-0.3390343,-65.96361,-14.3278,23.28468
80.205290794,-18.67729,14.18941,4.27878,0.9599313,0.02333166,-0.3500267,-65.96361,-14.3278,23.28468
80.215289116,-20.27715,14.24877,4.461692,0.9439934,0.01571887,-0.3509541,-66.70773,-14.34377,22.05362
80.225286484,-21.38475,14.84229,4.095867,0.9314342,0.009521008,-0.3638522,-66.70773,-14.34377,22.05362
80.235284329,-21.81548,15.43581,3.851984,0.9168846,0.005823187,-0.364783,-66.70773,-14.34377,22.05362
80.245282173,-21.38475,16.08869,3.730042,0.9136614,-0.00383212,-0.3508962,-66.70773,-14.34377,22.05362
80.255279541,-20.33868,16.91962,3.364218,0.9090157,-0.01615579,-0.3599779,-66.70773,-14.34377,22.05362
80.265277386,-18.18502,17.51315,2.69354,0.9014135,-0.02651514,-0.3604406,-67.07711,-14.35694,20.82533
80.275275707,-15.90829,17.80991,2.144803,0.8986953,-0.03714113,-0.3475116,-67.07711,-14.35694,20.82533
80.285273552,-13.8777,18.46278,1.839949,0.8993183,-0.04444865,-0.3508608,-67.07711,-14.35694,20.82533
80.29527092,-12.33936,18.8189,1.657037,0.8856503,-0.04330911,-0.3561016,-67.07711,-14.35694,20.82533
80.305268765,-10.3703,19.05631,1.1083,0.8758932,-0.04242911,-0.3450775,-67.07711,-14.35694,20.82533
80.315266609,-8.89350299999999,19.23436,0.925387699999998,0.8712355,-0.02794289,-0.3450732,-67.44819,-14.36683,19.98405
80.325264931,-8.03203799999998,18.64084,0.4985923,0.8555721,-0.02368587,-0.3239896,-67.44819,-14.36683,19.98405
80.335262299,-6.678307,17.33509,-0.2940276,0.8546842,-0.02717424,-0.2785224,-67.44819,-14.36683,19.98405
80.345260143,-5.693775,15.25776,-0.8427644,0.8778757,-0.04132405,-0.2287873,-67.44819,-14.36683,19.98405
80.355257988,-4.093911,13.12107,-0.4769399,0.921914,-0.05121049,-0.2360402,-67.44819,-14.36683,19.98405
80.365255356,-0.3403839,11.69661,-0.598881400000002,0.9568158,-0.04195384,-0.255725,-67.80213,-15.14016,18.82432
80.375253201,4.459208,10.80633,-1.330531,0.9683227,-0.006401892,-0.2720258,-67.80213,-15.14016,18.82432
80.385251522,8.397335,9.67863400000001,-2.123151,0.9721943,0.02084346,-0.2768253,-67.80213,-15.14016,18.82432
80.395249367,11.474,9.26316700000002,-3.037712,0.9736481,0.04705162,-0.2835347,-67.80213,-15.14016,18.82432
80.405246735,13.87379,8.610291,-3.647419,0.9625633,0.06616062,-0.2954847,-67.80213,-15.14016,18.82432
80.415244579,14.61219,8.55093899999998,-4.074214,0.9583929,0.08066086,-0.2950026,-67.80016,-15.14398,18.37281
80.425242424,14.18146,8.076119,-4.318098,0.9467135,0.08000996,-0.2878034,-67.80016,-15.14398,18.37281
80.435239792,14.24299,7.83871000000002,-4.561981,0.9332296,0.07148255,-0.2877777,-67.80016,-15.14398,18.37281
80.445237637,13.31999,7.18583399999999,-5.110718,0.9359729,0.05571123,-0.2648068,-67.80016,-15.14398,18.37281
80.455235958,12.45853,6.59230999999998,-5.110718,0.9572434,0.03929459,-0.2461752,-67.80016,-15.14398,18.37281
80.465233803,11.6586,6.473606,-4.622952,0.9946756,0.01821063,-0.2414492,-68.54258,-15.16322,16.75475
80.475231171,9.87413200000002,6.17684400000002,-3.525478,1.028255,0.02022661,-0.2529941,-68.54258,-15.16322,16.75475
80.485229015,8.27426799999999,6.05813900000001,-3.281595,1.032583,0.04882476,-0.2702378,-68.54258,-15.16322,16.75475
80.495227337,6.73593800000001,6.23619700000001,-3.403537,1.019913,0.07483283,-0.268308,-68.54258,-15.16322,16.75475
80.505224228,4.151542,5.642673,-3.586449,1.000329,0.0798132,-0.2658823,-67.79507,-15.15378,17.21181
80.51522255,2.490145,5.642673,-3.464507,0.9934197,0.08457559,-0.2615643,-67.79507,-15.15378,17.21181
80.525220394,1.874812,5.464615,-3.464507,0.9886156,0.08117557,-0.2510264,-67.79507,-15.15378,17.21181
80.535218239,1.136414,5.227206,-3.220624,0.9795033,0.0731196,-0.2620157,-67.79507,-15.15378,17.21181
80.545215607,0.3980148,4.514977,-2.976741,0.9665242,0.06361273,-0.2639049,-67.79507,-15.15378,17.21181
80.555213452,1.136414,3.624692,-3.159653,0.9615203,0.04528495,-0.2380484,-68.16784,-15.16041,16.75753
80.565211773,2.736278,2.971816,-3.403537,0.973533,0.02860206,-0.2284935,-68.16784,-15.16041,16.75753
80.575209618,4.151542,2.437645,-3.403537,0.9789159,0.02716725,-0.2375954,-68.16784,-15.16041,16.75753
80.585206986,5.074541,1.725416,-3.281595,0.9779067,0.02913933,-0.2323299,-68.16784,-15.16041,16.75753
80.59520483,5.320673,1.191245,-2.976741,0.9807635,0.03253594,-0.2390358,-68.16784,-15.16041,16.75753
80.605202675,5.566806,0.894483100000001,-3.037712,0.9869173,0.04172812,-0.2567562,-68.15997,-15.54077,16.75955
80.615200043,5.689873,0.4196641,-3.037712,0.9741791,0.04534644,-0.2586493,-68.15997,-15.54077,16.75955
80.625198364,5.81293900000002,0.3603118,-2.8548,0.9711356,0.05153336,-0.2663027,-68.15997,-15.54077,16.75955
80.635196209,5.44374,0.2416071,-2.8548,0.9755466,0.05015391,-0.2672672,-68.15997,-15.54077,16.75955
80.645194054,5.136074,0.3603118,-2.610917,0.9772194,0.0647038,-0.2739739,-68.15997,-15.54077,16.75955
80.655191421,4.151542,0.2416071,-2.428004,0.9786999,0.06379187,-0.2706263,-68.16784,-15.16041,16.75753
80.665189266,3.720809,0.4790165,-2.245092,0.9808024,0.0555417,-0.2739778,-68.16784,-15.16041,16.75753
80.675187588,3.105477,0.657073599999999,-2.001209,0.9826399,0.06136105,-0.2792469,-68.16784,-15.16041,16.75753
80.685184956,2.797811,1.07254,-2.001209,0.9802871,0.05696303,-0.2768487,-68.16784,-15.16041,16.75753
80.6951828,2.059412,1.131893,-1.879267,0.9763729,0.0578839,-0.2739707,-68.16784,-15.16041,16.75753
80.705180645,1.321013,1.784769,-1.513443,0.9856741,0.0556555,-0.272072,-68.54874,-14.78613,16.36572
80.71517849,0.767214200000001,2.615702,-1.26956,0.9749005,0.05827934,-0.2806683,-68.54874,-14.78613,16.36572
80.725175857,-0.5249836,2.912464,-1.086647,0.9694957,0.06057155,-0.2840095,-68.54874,-14.78613,16.36572
80.735174179,-1.263382,3.743397,-1.025677,0.9774269,0.05345668,-0.2821072,-68.54874,-14.78613,16.36572
80.745172024,-1.386449,4.277568,-1.025677,0.9759387,0.05490264,-0.2801907,-68.54874,-14.78613,16.36572
80.755169868,-1.447982,5.227206,-0.964705900000002,0.9806705,0.06221069,-0.2883366,-68.54089,-15.16649,16.36774
80.765167236,-1.878715,5.642673,-0.964705900000002,0.9699565,0.06206919,-0.2806607,-68.54089,-15.16649,16.36774
80.775165081,-1.878715,6.17684400000002,-0.720822899999998,0.9767882,0.06181473,-0.2701439,-68.54089,-15.16649,16.36774
80.785163403,-1.817181,7.06713000000001,-0.5379106,0.9754182,0.05693263,-0.2696616,-68.54089,-15.16649,16.36774
80.79516077,-1.632582,7.24518699999998,-0.3549984,0.9700503,0.05729497,-0.2715667,-68.54089,-15.16649,16.36774
80.805158615,-1.201849,7.00777700000002,-0.2330568,0.9691235,0.05490398,-0.2653429,-68.53133,-15.55012,15.98277
80.81515646,-1.078783,6.948425,-0.4769399,0.9657249,0.0544123,-0.2586368,-68.53133,-15.55012,15.98277
80.825154304,-0.955716300000001,6.71101499999999,-0.1111153,0.9749261,0.05754044,-0.2553036,-68.53133,-15.55012,15.98277
80.835151672,-1.386449,6.71101499999999,0.01082622,0.9755008,0.053345,-0.2371177,-68.53133,-15.55012,15.98277
80.845149994,-1.755648,6.473606,0.31568,0.9720882,0.05318986,-0.2466832,-68.53133,-15.55012,15.98277
80.855147839,-2.063314,6.117492,0.3766508,0.9725247,0.05624572,-0.2323275,-67.79758,-14.78378,15.98427
80.865145206,-2.309447,6.117492,0.681504599999997,0.971684,0.04883471,-0.2438099,-67.79758,-14.78378,15.98427
80.875143051,-2.432514,5.108501,0.620533899999998,0.9725976,0.05235524,-0.2328052,-67.79758,-14.78378,15.98427
80.885140896,-2.247914,4.752387,0.681504599999997,0.972154,0.04985097,-0.2399824,-67.79758,-14.78378,15.98427
80.895139217,-1.817181,3.980806,0.3766508,0.9790194,0.04756568,-0.2390366,-67.79758,-14.78378,15.98427
80.905136585,-1.201849,3.862102,0.2547093,0.9755113,0.05290313,-0.2323318,-68.53133,-15.55012,15.98277
80.91513443,-1.263382,3.149873,0.2547093,0.9765384,0.04995075,-0.2385543,-68.53133,-15.55012,15.98277
80.925132275,-0.894183000000003,2.734407,0.2547093,0.9800302,0.04564627,-0.2385593,-68.53133,-15.55012,15.98277
80.935130119,-0.7711166,2.496997,0.2547093,0.9751672,0.04502916,-0.2423793,-68.53133,-15.55012,15.98277
80.945127487,-0.832649800000001,2.31894,0.3766508,0.9736129,0.04980522,-0.2481207,-68.53133,-15.55012,15.98277
80.955125809,-1.324916,1.903473,0.4376215,0.9721712,0.04884872,-0.2433322,-68.52766,-15.5572,15.14426
80.965123653,-1.509515,1.844121,0.4376215,0.9741096,0.04934226,-0.2466857,-68.52766,-15.5572,15.14426
80.975121021,-1.817181,1.962826,0.4376215,0.9696531,0.0531549,-0.2452432,-68.52766,-15.5572,15.14426
80.985118866,-2.309447,1.844121,0.2547093,0.9776118,0.04459151,-0.2423834,-68.52766,-15.5572,15.14426
80.995116711,-2.001781,1.784769,0.01082622,0.9746986,0.04405678,-0.2414211,-68.52766,-15.5572,15.14426
81.005115032,-1.755648,1.962826,-0.2330568,0.9688333,0.04486015,-0.2471539,-68.52936,-15.55393,15.53127
81.015111923,-1.817181,1.488007,-0.2940276,0.9762514,0.03923682,-0.2404654,-68.52936,-15.55393,15.53127
81.025110245,-1.817181,1.547359,-0.4159691,0.9791551,0.04024414,-0.2428636,-68.52936,-15.55393,15.53127
81.035108089,-1.324916,1.488007,-0.598881400000002,0.978649,0.04117971,-0.2457344,-68.52936,-15.55393,15.53127
81.045105457,-1.386449,1.131893,-0.903735200000002,0.9815178,0.04418274,-0.2423901,-68.15462,-15.55112,15.53405
81.055103302,-1.201849,1.369302,-0.7817937,0.9776403,0.04316934,-0.2385545,-68.15462,-15.55112,15.53405
81.065101624,-1.017249,1.191245,-0.903735200000002,0.9760506,0.04991918,-0.2409464,-68.15462,-15.55112,15.53405
81.075099468,-0.709583300000001,1.30995,-1.086647,0.9725676,0.05372913,-0.2418984,-68.15462,-15.55112,15.53405
81.085096836,-0.2173175,1.250597,-1.330531,0.9799838,0.04804874,-0.2414313,-68.15462,-15.55112,15.53405
