Time (s),Gyroscope X (deg/s),Gyroscope Y (deg/s),Gyroscope Z (deg/s),Accelerometer X (g),Accelerometer Y (g),Accelerometer Z (g),Magnetometer X (uT),Magnetometer Y (uT),Magnetometer Z (uT)
9.629322052,25.26964,27.61317,26.90785,1.034554,-0.1972008,0.281455,-44.04377,-18.96199,-12.18958
9.639234066,26.5084,31.63256,30.28281,1.052932,-0.1312198,0.3388635,-44.04377,-18.96199,-12.18958
9.64914608,24.52638,38.15678,34.21003,1.08185,-0.1025295,0.3791205,-44.04377,-18.96199,-12.18958
9.659058094,20.0049,45.43827,38.5668,1.100836,-0.1064759,0.4139701,-44.04377,-18.96199,-12.18958
9.668970108,15.29761,53.6518,42.73948,1.087564,-0.1220396,0.4365566,-43.6822,-18.21617,-13.02901
9.678882122,10.90001,59.4770000000002,45.62354,1.060176,-0.1665273,0.4317119,-43.6822,-18.21617,-13.02901
9.688793182,7.30760400000002,62.0983400000003,47.09624,1.052053,-0.1467811,0.4256766,-43.6822,-18.21617,-13.02901
9.698705196,2.166745,64.0788999999997,46.97352,1.042378,-0.1066103,0.4351567,-43.6822,-18.21617,-13.02901
9.70861721,-1.177909,64.5449099999998,47.77124,1.069072,-0.1261283,0.4405417,-43.6822,-18.21617,-13.02901
9.718529224,-1.859228,66.1759699999999,50.22575,1.09078,-0.1611195,0.4660363,-44.08205,-16.72488,-14.76628
9.728441238,-0.06302445,68.1565400000002,54.82797,1.097259,-0.1929232,0.4883319,-44.08205,-16.72488,-14.76628
9.738353252,5.015896,71.7681599999998,59.9210900000001,1.108014,-0.2349803,0.4865119,-44.08205,-16.72488,-14.76628
9.748264313,10.90001,76.9525800000001,63.7256000000001,1.110411,-0.2727749,0.4852776,-44.08205,-16.72488,-14.76628
9.758176327,17.03188,82.6612800000001,65.1369400000003,1.089033,-0.2944367,0.473327,-44.08205,-16.72488,-14.76628
9.768088341,23.59731,88.2534599999997,64.8914900000003,1.06149,-0.2997419,0.4514592,-42.98924,-15.23843,-17.73199
9.778000355,26.38452,91.98159,64.5846799999999,1.013037,-0.2340391,0.4288172,-42.98924,-15.23843,-17.73199
9.787912369,24.21669,94.7194299999999,62.62106,0.9851857,-0.1470697,0.4373367,-42.98924,-15.23843,-17.73199
9.797824383,16.35056,95.8844700000002,60.1665499999998,1.003407,-0.08897529,0.470206,-42.98924,-15.23843,-17.73199
9.810214043,3.28163,99.5543399999999,59.9210900000001,1.033563,-0.1135475,0.5211403,-42.98924,-15.23843,-17.73199
9.82012558,-7.681405,102.4669,61.3937999999997,1.028107,-0.1736465,0.5385562,-43.40962,-12.63015,-21.14309
9.830037594,-14.24684,105.03,63.9096899999997,1.00256,-0.2220724,0.5178231,-43.40962,-12.63015,-21.14309
9.839949608,-16.72436,107.6514,65.8733,0.9611598,-0.2527528,0.4978349,-43.40962,-12.63015,-21.14309
9.849861145,-17.21987,109.8649,66.6710099999997,0.9356592,-0.2496954,0.4942498,-43.40962,-12.63015,-21.14309
9.859773159,-17.09599,111.6125,66.6096499999999,0.9333456,-0.2408772,0.5173777,-43.40962,-12.63015,-21.14309
9.869685173,-17.40568,113.3601,65.9346599999997,0.9290984,-0.2359743,0.5380964,-42.32189,-10.76937,-24.17419
9.87959671,-18.21087,115.1076,65.3210299999999,0.9232107,-0.2504442,0.5668639,-42.32189,-10.76937,-24.17419
9.889508724,-19.3877,115.7484,65.6892099999997,0.9080006,-0.262608,0.5952529,-42.32189,-10.76937,-24.17419
9.899420738,-18.83025,113.3601,66.5482900000002,0.8851647,-0.3069621,0.6052519,-42.32189,-10.76937,-24.17419
9.909332275,-17.52956,111.6125,68.5118999999998,0.8684051,-0.3406509,0.6003808,-42.32189,-10.76937,-24.17419
9.919244289,-15.4856,111.729,69.2482600000001,0.8533149,-0.3573909,0.5874446,-40.11897,-8.91713,-29.33121
9.929156303,-13.25583,112.7775,69.3096199999999,0.840214,-0.3343373,0.5766758,-40.11897,-8.91713,-29.33121
9.939068317,-12.57451,113.7678,69.4937100000001,0.8084465,-0.2920489,0.5801322,-40.11897,-8.91713,-29.33121
9.948979855,-13.87521,114.5834,68.14372,0.7530138,-0.2660052,0.5933025,-40.11897,-8.91713,-29.33121
9.958891869,-15.54754,114.6416,65.8733,0.7156816,-0.2619212,0.6292067,-40.11897,-8.91713,-29.33121
9.968803406,-17.40568,113.1271,64.4005899999997,0.7031117,-0.2900502,0.657945,-38.68235,-5.564735,-34.03924
9.97871542,-18.39669,110.8552,63.66423,0.7003732,-0.3341273,0.6730417,-38.68235,-5.564735,-34.03924
9.988627434,-16.97211,109.6902,63.3574200000002,0.7049556,-0.3903148,0.672625,-38.68235,-5.564735,-34.03924
9.998539448,-13.81327,110.0397,63.4801399999998,0.697429,-0.4151363,0.6725293,-38.68235,-5.564735,-34.03924
10.008451462,-10.2828,110.564,61.7006100000001,0.6557313,-0.4118251,0.6633338,-38.68235,-5.564735,-34.03924
10.018362999,-7.309776,110.0397,60.2279100000001,0.616765,-0.3812654,0.6662986,-35.74086,-2.583419,-37.91872
10.028274536,-6.75233400000001,108.3504,59.6142800000003,0.5851193,-0.3491576,0.6696861,-35.74086,-2.583419,-37.91872
10.03818655,-8.176909,104.3893,59.0006499999999,0.5790503,-0.3529901,0.6932444,-35.74086,-2.583419,-37.91872
10.048098564,-9.97311299999999,101.3019,58.6938400000001,0.567485,-0.3957272,0.7074714,-35.74086,-2.583419,-37.91872
10.058010578,-9.72536099999999,100.4281,58.5097499999999,0.5539936,-0.4331075,0.7308749,-35.74086,-2.583419,-37.91872
10.067922592,-7.43365200000003,101.3019,56.79158,0.5163774,-0.4399029,0.7263759,-32.41381,-0.3494327,-41.34812
10.080312729,-2.912175,101.4767,54.82797,0.4718391,-0.4390189,0.7234326,-32.41381,-0.3494327,-41.34812
10.090223789,-0.806281,98.9135700000001,54.2757,0.4500438,-0.4467517,0.6870907,-32.41381,-0.3494327,-41.34812
10.100135803,1.237675,94.0204099999999,53.96889,0.45442,-0.4471971,0.6841663,-32.41381,-0.3494327,-41.34812
10.110047817,4.148763,91.5155700000002,53.35526,0.444112,-0.4512489,0.6755917,-28.69657,0.7623658,-44.39054
10.119959831,7.05985200000002,90.2340300000001,51.51437,0.4113091,-0.4302178,0.6962019,-28.69657,0.7623658,-44.39054
10.129871845,9.53737299999999,89.1854900000001,48.87577,0.3774219,-0.3912055,0.7275053,-28.69657,0.7623658,-44.39054
10.139783859,10.28063,88.6612299999999,46.85079,0.3388741,-0.3436032,0.743544,-28.69657,0.7623658,-44.39054
10.14969492,9.04186800000002,87.2631800000003,44.94854,0.3006042,-0.3300025,0.7468695,-28.69657,0.7623658,-44.39054
10.15960741,7.55535600000002,84.1758300000001,42.86221,0.2865914,-0.3369225,0.7551156,-25.42164,2.564548,-46.53338
10.169518948,7.30760400000002,81.2632299999999,40.40769,0.2656407,-0.359586,0.7359521,-25.42164,2.564548,-46.53338
10.179430962,8.29861200000002,78.4671300000001,37.46227,0.2223769,-0.3714668,0.6993009,-25.42164,2.564548,-46.53338
10.189342976,8.979931,74.5642499999999,33.90322,0.1801979,-0.3435279,0.6720279,-25.42164,2.564548,-46.53338
10.19925499,10.46644,69.61284,30.40553,0.1616624,-0.2947172,0.6859689,-25.42164,2.564548,-46.53338
10.209167004,10.34257,65.4769400000002,28.31919,0.1862687,-0.2631091,0.7382892,-21.68687,2.555959,-48.73716
10.219078064,7.24566599999997,64.60316,26.90785,0.2178306,-0.2808658,0.7911766,-21.68687,2.555959,-48.73716
10.228990078,1.609303,66.0012100000002,26.17149,0.2018704,-0.3551141,0.8167581,-21.68687,2.555959,-48.73716
10.238902092,-2.540546,66.1177200000003,24.45333,0.1891922,-0.4203728,0.7914724,-21.68687,2.555959,-48.73716
10.248814106,-2.850237,64.7779200000003,22.18291,0.1734384,-0.4459904,0.7511141,-21.68687,2.555959,-48.73716
10.25872612,-1.301785,60.7002900000001,19.11476,0.1563059,-0.4240238,0.727411,-19.45539,3.300362,-49.9718
10.268638134,0.618294100000002,55.34111,16.35343,0.1535561,-0.3910424,0.736299,-19.45539,3.300362,-49.9718
10.278549671,1.671241,51.49648,14.51254,0.1552074,-0.398245,0.7458389,-19.45539,3.300362,-49.9718
10.288461208,3.219692,48.75864,14.20573,0.1738341,-0.4245693,0.7670984,-19.45539,3.300362,-49.9718
10.298373222,4.89202,48.75864,14.51254,0.2036583,-0.4522414,0.7820033,-19.45539,3.300362,-49.9718
10.308285236,6.37853299999997,48.40913,15.43299,0.1901055,-0.4567313,0.7902614,-16.84688,4.047933,-50.43744
10.31819725,5.88302899999997,46.2538,14.38982,0.1662963,-0.4406163,0.7761841,-16.84688,4.047933,-50.43744
10.328108788,4.458453,42.46743,11.75121,0.1458544,-0.4132677,0.7698332,-16.84688,4.047933,-50.43744
10.338020802,3.467444,38.09853,9.60350899999999,0.1380094,-0.4167916,0.7636402,-16.84688,4.047933,-50.43744
10.347932816,3.962949,33.84613,8.00807399999998,0.147475,-0.4170718,0.7803564,-16.84688,4.047933,-50.43744
10.357844353,5.387524,32.21508,7.82398500000003,0.1419804,-0.4408536,0.7888916,-14.60269,3.666459,-52.18257
10.370234013,7.05985200000002,30.70053,7.946711,0.1292068,-0.4754303,0.7902198,-14.60269,3.666459,-52.18257
10.380146027,8.60830200000001,29.01122,7.88534800000001,0.1143436,-0.4669346,0.7812909,-14.60269,3.666459,-52.18257
10.390058041,8.60830200000001,26.15688,6.596727,0.09399211,-0.4488073,0.772957,-14.60269,3.666459,-52.18257
10.399970055,7.30760400000002,22.83651,4.633114,0.07211342,-0.4243883,0.7661196,-14.60269,3.666459,-52.18257
10.409882069,6.68822300000002,19.22489,2.914952,0.05032462,-0.3955322,0.7732356,-12.72793,3.290445,-52.57661
10.419794083,5.88302899999997,17.01132,2.117234,0.0551049,-0.3604059,0.8036754,-12.72793,3.290445,-52.57661
10.429705143,4.148763,16.31229,1.38088,0.06694984,-0.3680066,0.8054359,-12.72793,3.290445,-52.57661
10.439617157,1.361551,15.61327,1.626331,0.08273824,-0.4113911,0.8160444,-12.72793,3.290445,-52.57661
10.449529171,0.3086039,14.68124,2.117234,0.06166147,-0.4421646,0.8227566,-12.72793,3.290445,-52.57661
10.459441185,1.175737,14.21522,1.196791,0.02449312,-0.468727,0.8387686,-11.97941,3.290504,-52.58051
10.469353199,3.343568,14.04047,0.1536215,-0.003827116,-0.4768664,0.8332144,-11.97941,3.290504,-52.58051
10.479265213,3.777135,11.24437,-0.214556,-0.003181946,-0.4638566,0.8160094,-11.97941,3.290504,-52.58051
10.489177227,1.361551,7.63275100000002,0.3990731,0.02863692,-0.4339318,0.8067914,-11.97941,3.290504,-52.58051
10.499088287,-2.602484,4.428894,1.135428,0.06293306,-0.4320039,0.8156101,-11.97941,3.290504,-52.58051
10.509000301,-6.194891,2.739586,1.994509,0.07345995,-0.4190578,0.8559323,-10.85339,2.914169,-53.0349
10.518912315,-9.53954700000003,4.661901,1.38088,0.04237783,-0.442506,0.896877,-10.85339,2.914169,-53.0349
10.528824329,-11.27381,6.584216,0.705887599999999,0.02619416,-0.4756555,0.9011272,-10.85339,2.914169,-53.0349
10.538736344,-11.02606,6.87547600000002,-0.3986447,0.02080071,-0.4884135,0.8847668,-10.85339,2.914169,-53.0349
10.548648358,-9.29179500000003,5.011413,-1.625903,0.02637199,-0.4643523,0.8363795,-10.85339,2.914169,-53.0349
10.558560372,-7.681405,1.516295,-2.730435,0.04504675,-0.4379774,0.8287,-11.23735,3.66333,-53.03527
10.568471432,-7.61946700000001,-1.804067,-3.405427,0.07062795,-0.4188021,0.8185079,-11.23735,3.66333,-53.03527
10.578383446,-7.61946700000001,-3.143862,-2.484983,0.08794557,-0.4140913,0.8438275,-11.23735,3.66333,-53.03527
10.58829546,-7.681405,-2.270082,-2.300895,0.071455,-0.4315425,0.884197,-11.23735,3.66333,-53.03527
10.598207474,-6.50458200000001,-0.05650773,-2.730435,0.03510502,-0.4828053,0.903398,-11.23735,3.66333,-53.03527
10.608119488,-3.469617,0.759019800000003,-3.46679,0.01973928,-0.5116355,0.897106,-10.49207,4.039815,-52.5906
10.618031502,0.5563561,0.875523700000001,-5.123589,0.02049222,-0.5093014,0.8779083,-10.49207,4.039815,-52.5906
10.627943516,4.024887,0.0599961999999999,-6.78038700000001,0.02259638,-0.489448,0.8679377,-10.49207,4.039815,-52.5906
10.637854576,6.93597599999999,-1.862319,-6.84175,0.04090294,-0.4727724,0.8606771,-10.49207,4.039815,-52.5906
10.650244713,6.19271900000002,-3.668129,-5.491766,0.07292212,-0.4451825,0.8682474,-10.49207,4.039815,-52.5906
10.660156727,2.724188,-3.143862,-3.834968,0.07570392,-0.4635131,0.8796234,-11.23896,3.6615,-53.48498
10.670068264,-0.6204669,-2.677846,-2.300895,0.06733848,-0.4892502,0.8920133,-11.23896,3.6615,-53.48498
10.679980278,-2.788299,-1.571059,-2.055443,0.05681321,-0.502435,0.8992252,-11.23896,3.6615,-53.48498
10.689892292,-3.655432,-0.8720351,-2.914524,0.04688727,-0.5016583,0.8858777,-11.23896,3.6615,-53.48498
10.699804306,-3.965122,-0.8720351,-4.203145,0.03079972,-0.4762298,0.8727515,-11.23896,3.6615,-53.48498
10.709715843,-4.274812,-2.037075,-5.553129,0.01514318,-0.4513133,0.8533758,-10.86309,3.66336,-53.03721
10.719627857,-3.593493,-3.37687,-7.20992699999999,0.02925299,-0.4438551,0.8552156,-10.86309,3.66336,-53.03721
10.729539394,-2.974113,-4.075893,-7.70083,0.04906355,-0.4576254,0.8635835,-10.86309,3.66336,-53.03721
10.739451408,-2.540546,-4.017641,-6.41221000000002,0.07750896,-0.4930749,0.8779692,-10.86309,3.66336,-53.03721
10.749363422,-1.673414,-3.959389,-4.755411,0.1066948,-0.5140017,0.8862027,-10.86309,3.66336,-53.03721
10.759275436,0.3705419,-3.435122,-3.344064,0.09814771,-0.5369065,0.8842085,-11.23873,3.661761,-53.42073
10.76918745,2.166745,-3.37687,-2.730435,0.07503666,-0.5333593,0.8758031,-11.23873,3.661761,-53.42073
10.779099464,2.97194,-3.609878,-3.344064,0.05172116,-0.5011382,0.8810349,-11.23873,3.661761,-53.42073
10.789010525,2.414498,-4.425405,-4.141782,0.06251753,-0.4680606,0.8758737,-11.23873,3.661761,-53.42073
10.798922539,0.0608516599999998,-4.483657,-4.632685,0.08190014,-0.4435169,0.8873817,-11.23873,3.661761,-53.42073
10.808834553,-2.726361,-3.959389,-3.89633,0.08024347,-0.4648491,0.8915764,-10.86309,3.66336,-53.03721
10.818746567,-5.451635,-3.551625,-2.730435,0.08678083,-0.4812608,0.8899661,-10.86309,3.66336,-53.03721
10.828658581,-6.62845799999998,-2.79435,-2.239532,0.09915297,-0.4990794,0.8834909,-10.86309,3.66336,-53.03721
10.838570595,-5.389697,-2.444838,-1.99408,0.09388682,-0.5117713,0.8796138,-10.86309,3.66336,-53.03721
10.848482609,-3.283803,-2.037075,-2.300895,0.07662345,-0.5086489,0.8687506,-10.86309,3.66336,-53.03721
10.858393669,-0.6204669,-3.08561,-3.03725,0.06946681,-0.4932868,0.8564351,-11.2422,4.037925,-53.03642
10.868305683,1.918993,-4.017641,-2.975887,0.06393208,-0.4744109,0.8633342,-11.2422,4.037925,-53.03642
10.878217697,2.910002,-5.299184,-2.607709,0.06881444,-0.465573,0.8729511,-11.2422,4.037925,-53.03642
10.888129711,2.104807,-4.89142,-1.503177,0.08181961,-0.4764812,0.8886033,-11.2422,4.037925,-53.03642
10.898041725,0.3705419,-4.367153,-0.950910899999997,0.09176566,-0.4909061,0.8879351,-11.2422,4.037925,-53.03642
10.907953739,-1.363724,-4.308901,-0.705459200000001,0.09657016,-0.4850355,0.8864893,-11.98587,3.66327,-53.03138
10.917865753,-2.602484,-3.784633,-1.135,0.09462628,-0.4860294,0.8865007,-11.98587,3.66327,-53.03138
10.930254936,-2.41667,-3.784633,-1.503177,0.08916821,-0.4876015,0.8769376,-11.98587,3.66327,-53.03138
10.94016695,-1.921166,-3.726381,-1.625903,0.08679419,-0.4832051,0.8889927,-11.98587,3.66327,-53.03138
10.950078964,-1.239847,-3.784633,-1.748629,0.08123549,-0.4726345,0.8838328,-11.24059,4.039755,-52.58671
10.959990978,-0.9301572,-3.260366,-1.503177,0.08137174,-0.4828075,0.8852042,-11.24059,4.039755,-52.58671
10.969902992,-0.3107767,-3.318618,-1.380451,0.0838584,-0.4925112,0.8779142,-11.24059,4.039755,-52.58671
10.979814529,1.175737,-3.493374,-1.441814,0.08474757,-0.4949841,0.8663657,-11.24059,4.039755,-52.58671
10.989726543,2.476436,-3.726381,-1.871354,0.09405908,-0.4860762,0.8788231,-11.24059,4.039755,-52.58671
10.999638081,2.724188,-4.192397,-2.055443,0.1084592,-0.4665202,0.8754591,-11.98911,4.039696,-52.58281
11.009550095,1.485427,-3.726381,-2.055443,0.1025616,-0.454902,0.8861545,-11.98911,4.039696,-52.58281
11.019462109,-0.3107767,-2.910854,-1.932717,0.09357058,-0.4729114,0.8942804,-11.98911,4.039696,-52.58281
11.029374123,-1.239847,-2.50309,-1.871354,0.09777623,-0.4892948,0.9037355,-11.98911,4.039696,-52.58281
11.03928566,-1.115971,-2.153579,-2.055443,0.1032273,-0.5052873,0.8920547,-11.98911,4.039696,-52.58281
11.049197674,-0.3727147,-2.386586,-1.809992,0.09613523,-0.5011111,0.8729419,-12.36199,4.041234,-52.1954
11.059109688,0.43248,-2.910854,-1.503177,0.09437479,-0.4851847,0.8629808,-12.36199,4.041234,-52.1954
11.069021702,0.989922399999999,-3.668129,-1.503177,0.1005434,-0.4661784,0.8668917,-12.36199,4.041234,-52.1954
11.078933239,1.175737,-3.493374,-1.503177,0.1010006,-0.4515547,0.8809095,-12.36199,4.041234,-52.1954
11.088845253,0.2466658,-2.969106,-1.380451,0.1013923,-0.4620825,0.9067643,-12.36199,4.041234,-52.1954
11.09875679,-0.806281,-1.804067,-1.257725,0.114934,-0.480277,0.9185218,-12.36635,4.036267,-53.41605
11.108668804,-0.9301572,-0.580775400000001,-1.257725,0.1169301,-0.4997438,0.8996475,-12.36635,4.036267,-53.41605
11.118580818,-0.5585288,-0.1730116,-1.135,0.1028987,-0.4864339,0.8821,-12.36635,4.036267,-53.41605
11.128492832,-0.4346527,-1.046791,-1.380451,0.09345535,-0.4822397,0.872132,-12.36635,4.036267,-53.41605
11.138404846,-0.06302445,-1.629311,-1.56454,0.1050986,-0.4787259,0.8672462,-12.36635,4.036267,-53.41605
11.148316383,0.3705419,-1.396303,-1.871354,0.1045233,-0.4690208,0.8701971,-12.7427,4.41397,-52.64432
11.158227921,0.3705419,-1.105043,-1.932717,0.09975353,-0.4670684,0.8841788,-12.7427,4.41397,-52.64432
11.168139935,-0.6204669,-0.930287099999998,-1.441814,0.1039614,-0.4766214,0.9018421,-12.7427,4.41397,-52.64432
11.178051949,-0.6204669,-0.2895156,-1.073637,0.1099427,-0.4964888,0.8896505,-12.7427,4.41397,-52.64432
11.187963963,-0.001086392,0.1182482,-0.4600076,0.1119511,-0.4959491,0.8953974,-12.7427,4.41397,-52.64432
11.197875977,-0.06302445,0.351256,-0.3372818,0.104022,-0.4936631,0.8878034,-12.35852,3.66507,-52.57972
11.207787991,-0.5585288,-0.4060195,-0.4600076,0.09877676,-0.4782996,0.8711488,-12.35852,3.66507,-52.57972
11.220178127,-1.4876,-1.338051,-0.644096300000003,0.1068074,-0.4617567,0.863022,-12.35852,3.66507,-52.57972
11.230089188,-1.921166,-1.105043,-1.196362,0.1062744,-0.4564199,0.8649831,-12.35852,3.66507,-52.57972
11.240001202,-1.79729,-0.930287099999998,-1.257725,0.09671399,-0.4705749,0.8697788,-12.35852,3.66507,-52.57972
11.249913216,-1.239847,-1.221547,-1.441814,0.09010047,-0.4734667,0.889027,-12.35852,3.66507,-52.57972
11.25982523,0.1847278,-0.05650773,-1.99408,0.09338093,-0.4917862,0.9013588,-12.35852,3.66507,-52.57972
11.269737244,0.742170199999999,0.409508,-1.871354,0.1054841,-0.4912082,0.890207,-12.35852,3.66507,-52.57972
11.279649258,0.43248,0.001744238,-1.441814,0.1096034,-0.4825189,0.8729411,-12.35852,3.66507,-52.57972
11.289560795,0.2466658,-1.046791,-1.196362,0.1080126,-0.4762603,0.868196,-12.35852,3.66507,-52.57972
11.299472332,0.1227897,-0.930287099999998,-1.012274,0.1125237,-0.4834648,0.870507,-12.36497,4.037835,-53.03058
11.309384346,0.0608516599999998,-0.6972793,-1.073637,0.1081613,-0.4825244,0.8753552,-12.36497,4.037835,-53.03058
11.31929636,-0.3727147,-0.3477675,-1.319088,0.09978294,-0.472419,0.8807818,-12.36497,4.037835,-53.03058
11.329208374,-0.806281,-0.2312636,-1.809992,0.08118521,-0.4746118,0.8766177,-12.36497,4.037835,-53.03058
11.339120388,-0.744343000000003,-0.1730116,-2.055443,0.08183344,-0.4813521,0.8842494,-12.36497,4.037835,-53.03058
11.349031925,-0.3107767,0.1182482,-2.178169,0.09370329,-0.4865009,0.8913077,-12.73278,3.66504,-52.57777
11.358943939,-0.06302445,-0.4060195,-1.932717,0.1023431,-0.4874503,0.8744159,-12.73278,3.66504,-52.57777
11.368855953,-0.06302445,-0.5225234,-1.625903,0.1076266,-0.4869446,0.8657275,-12.73278,3.66504,-52.57777
11.37876749,-0.3107767,-1.338051,-1.257725,0.1061948,-0.4898716,0.8657213,-12.73278,3.66504,-52.57777
11.388679504,0.1227897,-2.153579,-1.196362,0.1124614,-0.481546,0.8666791,-12.73278,3.66504,-52.57777
11.398591042,-0.1869005,-1.920571,-1.441814,0.09460402,-0.4845776,0.8860304,-12.73278,3.66504,-52.57777
11.408503056,-0.2488386,-1.512807,-1.99408,0.08075509,-0.4745874,0.8823838,-12.73278,3.66504,-52.57777
11.41841507,-0.6204669,-1.338051,-2.669072,0.08767838,-0.4695831,0.8957975,-12.73278,3.66504,-52.57777
11.428327084,-1.177909,-1.163295,-2.853161,0.1032223,-0.468465,0.8870183,-12.73278,3.66504,-52.57777
11.438239098,-1.859228,-0.639027300000002,-2.484983,0.1155228,-0.4819307,0.8786522,-12.73278,3.66504,-52.57777
11.448150635,-2.230856,-0.4642715,-1.748629,0.1169422,-0.4882785,0.8665928,-12.35553,3.668469,-51.74454
11.458062172,-2.478608,-1.046791,-1.012274,0.1094926,-0.4781864,0.8672091,-12.35553,3.668469,-51.74454
11.467974186,-2.602484,-1.629311,-1.257725,0.1089926,-0.4801495,0.8638396,-12.35553,3.668469,-51.74454
11.4778862,-2.292794,-1.454555,-1.748629,0.09787114,-0.4802254,0.8759459,-12.35553,3.668469,-51.74454
11.487798214,-2.292794,-1.163295,-1.99408,0.1003399,-0.4748165,0.8846019,-12.35553,3.668469,-51.74454
11.500188351,-2.478608,-0.813783199999999,-1.809992,0.09748334,-0.4845692,0.880722,-12.36337,4.039665,-52.58087
11.510100365,-2.292794,-0.8720351,-1.687266,0.1096751,-0.4868719,0.8748322,-12.36337,4.039665,-52.58087
11.520012379,-1.983104,-0.5225234,-1.319088,0.1125834,-0.4839216,0.8757852,-12.36337,4.039665,-52.58087
11.529923439,-2.230856,-0.3477675,-1.380451,0.1096835,-0.478087,0.8859342,-12.36337,4.039665,-52.58087
11.539835453,-2.912175,-0.5225234,-1.625903,0.1158367,-0.4746986,0.8700546,-12.36337,4.039665,-52.58087
11.549747467,-3.593493,-0.580775400000001,-2.178169,0.1083942,-0.4685052,0.8668036,-12.73625,4.041204,-52.19345
11.559659481,-4.708378,-1.163295,-2.607709,0.09851715,-0.4569713,0.8708131,-12.73625,4.041204,-52.19345
11.569571495,-5.451635,-1.454555,-2.975887,0.09080885,-0.462863,0.8751665,-12.73625,4.041204,-52.19345
11.579483509,-6.38070599999998,-1.454555,-3.46679,0.09688228,-0.4768288,0.8788586,-12.73625,4.041204,-52.19345
11.589395046,-6.44264400000003,-0.639027300000002,-3.589516,0.1027909,-0.4811241,0.877815,-12.73625,4.041204,-52.19345
11.59930706,-7.00008600000001,0.0599961999999999,-3.650879,0.1034125,-0.4947075,0.8748379,-11.99557,4.412461,-53.03368
11.609218597,-7.00008600000001,0.5260119,-3.221339,0.09441668,-0.4919921,0.8590938,-11.99557,4.412461,-53.03368
11.619130611,-6.814272,0.5842639,-3.650879,0.08823241,-0.4736938,0.8496698,-11.99557,4.412461,-53.03368
11.629042625,-9.41567000000003,0.642515800000001,-4.325871,0.08405647,-0.4387584,0.8648261,-11.99557,4.412461,-53.03368
11.638954639,-14.86622,0.817271699999998,-4.325871,0.1004021,-0.4345446,0.8901514,-11.99557,4.412461,-53.03368
11.648866177,-21.30778,0.9920276,-3.650879,0.121154,-0.4497851,0.8932191,-12.73625,4.041204,-52.19345
11.658778191,-26.3867,1.865807,-3.03725,0.1332666,-0.4884661,0.8846866,-12.73625,4.041204,-52.19345
11.668690205,-29.60748,2.448327,-2.423621,0.1242583,-0.5264844,0.8677111,-12.73625,4.041204,-52.19345
11.678601742,-30.72236,2.098815,-1.809992,0.1012783,-0.5516497,0.8384663,-12.73625,4.041204,-52.19345
11.688513756,-29.91717,0.933775699999999,-1.871354,0.07783427,-0.5636374,0.8270795,-12.73625,4.041204,-52.19345
11.69842577,-27.87321,-0.4060195,-2.116806,0.08547843,-0.5494863,0.8261427,-12.37169,4.790425,-52.19771
11.708337307,-27.3777,-0.813783199999999,-2.730435,0.1067181,-0.5166768,0.8376887,-12.37169,4.790425,-52.19771
11.718249321,-29.05003,-0.6972793,-3.159976,0.1118413,-0.49284,0.8406811,-12.37169,4.790425,-52.19771
11.728161335,-32.82825,-1.396303,-2.730435,0.1157883,-0.4937482,0.8430393,-12.37169,4.790425,-52.19771
11.738073349,-36.23484,-1.862319,-1.809992,0.1036589,-0.5094618,0.8339238,-12.37169,4.790425,-52.19771
11.747985363,-37.28779,-1.978823,-1.012274,0.1015806,-0.5380822,0.8361531,-12.37978,5.541446,-51.75031
11.757897377,-35.73934,-1.163295,-1.196362,0.1088143,-0.5660871,0.8411815,-12.37978,5.541446,-51.75031
11.767808437,-32.33275,-1.046791,-1.748629,0.1291873,-0.6012765,0.8316355,-12.37978,5.541446,-51.75031
11.780198574,-27.6874,-1.512807,-1.503177,0.1374606,-0.6021683,0.8267515,-12.37978,5.541446,-51.75031
11.790110588,-23.84724,-1.862319,-0.950910899999997,0.1276561,-0.5901088,0.8384463,-12.77828,7.414392,-51.75413
11.800022602,-21.49359,-1.629311,-1.073637,0.1220399,-0.572251,0.8362164,-12.77828,7.414392,-51.75413
11.809934616,-20.62646,-1.978823,-1.012274,0.1238872,-0.5639903,0.8352941,-12.77828,7.414392,-51.75413
11.81984663,-20.81227,-1.687563,-1.012274,0.1384854,-0.5535994,0.8405101,-12.77828,7.414392,-51.75413
11.829758644,-22.23685,-1.454555,-0.3372818,0.1404903,-0.5618421,0.835635,-12.77828,7.414392,-51.75413
11.839669704,-24.03305,-1.396303,-0.3986447,0.1423799,-0.5579497,0.8337228,-12.42342,8.912804,-51.76069
11.849581718,-25.27181,-0.8720351,-0.09183015,0.1336075,-0.5648741,0.8284761,-12.42342,8.912804,-51.76069
11.859493732,-26.3867,-0.2312636,-0.2759189,0.1159572,-0.561217,0.8281835,-12.42342,8.912804,-51.76069
11.869405746,-27.56352,0.409508,-0.644096300000003,0.1127573,-0.5621195,0.8488539,-12.42342,8.912804,-51.76069
11.87931776,-28.05902,1.516295,-1.687266,0.1172937,-0.5751644,0.8468044,-12.42342,8.912804,-51.76069
11.889229774,-28.43065,2.040563,-2.362258,0.1250062,-0.5902462,0.8183033,-12.42988,9.285569,-52.21156
11.899141312,-29.11197,1.341539,-1.748629,0.1165353,-0.6045791,0.7861155,-12.42988,9.285569,-52.21156
11.909053326,-29.35972,-0.3477675,-0.3986447,0.1042987,-0.6232753,0.7630565,-12.42988,9.285569,-52.21156
11.918964863,-29.05003,-1.279799,1.196791,0.09931438,-0.6533815,0.7662632,-12.42988,9.285569,-52.21156
11.928876877,-28.12096,-1.804067,1.81042,0.1015401,-0.664436,0.7796134,-12.42988,9.285569,-52.21156
11.938788891,-27.25383,-0.639027300000002,1.258154,0.117062,-0.6586909,0.821762,-12.44281,10.41118,-51.7653
11.948700905,-27.87321,0.700767799999999,0.767250500000003,0.1322773,-0.6433492,0.8452513,-12.44281,10.41118,-51.7653
11.958612442,-30.35073,2.681334,-0.3372818,0.1268004,-0.6032281,0.8350058,-12.44281,10.41118,-51.7653
11.968524456,-34.68639,3.43861,-1.319088,0.1008791,-0.5925847,0.7993045,-12.44281,10.41118,-51.7653
11.97843647,-40.075,1.632799,-0.1531931,0.07427809,-0.6135059,0.7557168,-12.44281,10.41118,-51.7653
11.988348484,-45.21586,-2.444838,2.853589,0.05926593,-0.6487419,0.728732,-12.08635,11.91143,-51.32215
11.998260021,-47.63145,-5.357436,4.939929,0.07006817,-0.684433,0.7389578,-12.08635,11.91143,-51.32215
12.008172035,-48.31276,-6.87198700000002,6.71945300000003,0.09153713,-0.7193003,0.7889436,-12.08635,11.91143,-51.32215
12.018083572,-47.44563,-5.998208,5.92173499999998,0.1282108,-0.7129866,0.796329,-12.08635,11.91143,-51.32215
12.027995586,-46.14493,-2.969106,5.001291,0.1337557,-0.7033249,0.7761754,-12.08635,11.91143,-51.32215
12.0379076,-47.56951,-1.105043,4.571751,0.09792624,-0.6748223,0.7488475,-13.229,13.78928,-50.10144
12.050297737,-51.40967,-2.095326,2.976315,0.06879561,-0.6258224,0.7311974,-13.229,13.78928,-50.10144
12.060209751,-52.83424,-3.726381,0.460436,0.06184242,-0.6171837,0.730839,-13.229,13.78928,-50.10144
12.070121765,-53.39169,-5.066176,-1.073637,0.08692949,-0.6372812,0.7218302,-13.229,13.78928,-50.10144
12.080032825,-53.26781,-6.40597199999999,0.3990731,0.1024945,-0.6817576,0.7093861,-13.229,13.78928,-50.10144
12.089944839,-51.59548,-5.998208,0.6445247,0.1224716,-0.7115387,0.7152449,-13.25787,16.03712,-50.04412
12.099856854,-48.93214,-4.541909,0.951339199999998,0.1102371,-0.7234045,0.7003942,-13.25787,16.03712,-50.04412
12.109768868,-46.88819,-5.124428,1.258154,0.09895139,-0.7167368,0.7043841,-13.25787,16.03712,-50.04412
12.119680882,-47.56951,-6.11471200000003,1.38088,0.1171497,-0.7125522,0.7196089,-13.25787,16.03712,-50.04412
12.129592896,-49.42765,-5.240932,1.012702,0.1485403,-0.6835776,0.7151901,-13.25787,16.03712,-50.04412
12.13950491,-50.29478,-4.425405,-0.582733500000001,0.1663335,-0.6669209,0.7055334,-12.52737,17.53712,-49.66716
12.149416447,-51.22385,-3.37687,-2.914524,0.1598224,-0.6622029,0.6960219,-12.52737,17.53712,-49.66716
12.159327984,-51.65742,-3.726381,-3.89633,0.1422417,-0.6804607,0.6768565,-12.52737,17.53712,-49.66716
12.169239998,-51.65742,-5.415688,-3.773605,0.1413501,-0.7140867,0.6459106,-12.52737,17.53712,-49.66716
12.179152012,-52.7723,-6.11471200000003,-3.159976,0.1339242,-0.7303237,0.6180219,-12.52737,17.53712,-49.66716
12.189064026,-53.63944,-5.706948,-2.914524,0.1311317,-0.737604,0.623281,-14.05375,20.1644,-48.38256
12.19897604,-53.26781,-3.959389,-3.957693,0.131343,-0.7272501,0.6559988,-14.05375,20.1644,-48.38256
12.208887577,-52.7723,-1.338051,-4.878137,0.1364008,-0.7231989,0.677106,-14.05375,20.1644,-48.38256
12.218799591,-52.02905,-0.05650773,-5.000863,0.1343433,-0.7130323,0.6791133,-14.05375,20.1644,-48.38256
12.228711605,-52.83424,-0.2312636,-4.9395,0.1438514,-0.7184169,0.6463388,-14.05375,20.1644,-48.38256
12.238623619,-53.76331,-0.4060195,-5.614491,0.1724995,-0.7401113,0.6012746,-13.69914,22.04264,-47.10538
12.248535156,-54.50657,-0.05650773,-5.553129,0.1809898,-0.7765,0.5759854,-13.69914,22.04264,-47.10538
12.25844717,-56.1789,-0.2895156,-4.080419,0.1784258,-0.8148809,0.5671106,-13.69914,22.04264,-47.10538
12.268358707,-59.1519199999998,0.2347521,-3.773605,0.1459595,-0.8017279,0.5636572,-13.69914,22.04264,-47.10538
12.278270722,-62.8682099999997,-0.4642715,-5.000863,0.1396705,-0.7556791,0.5765063,-13.69914,22.04264,-47.10538
12.288182736,-67.9471299999997,-1.396303,-6.65766099999999,0.1602214,-0.7127359,0.5804436,-13.72582,24.22961,-46.6624
12.29809475,-73.21187,-1.396303,-7.82355600000003,0.1760236,-0.7034391,0.5587522,-13.72582,24.22961,-46.6624
12.308006764,-76.1848899999998,-0.3477675,-9.29626599999999,0.1693439,-0.7370971,0.5355421,-13.72582,24.22961,-46.6624
12.317918778,-73.6454300000001,0.5842639,-11.01443,0.1689416,-0.7997367,0.5183231,-13.72582,24.22961,-46.6624
12.327829838,-67.88519,2.215319,-10.8917,0.1567883,-0.8920394,0.5125388,-13.72582,24.22961,-46.6624
12.340219975,-61.8772000000003,3.671618,-11.07579,0.123864,-0.9244818,0.5063851,-13.74248,26.11121,-44.54809
12.350131989,-59.0899800000001,3.962878,-11.32124,0.1442043,-0.8655505,0.5085102,-13.74248,26.11121,-44.54809
12.360044003,-60.8861900000002,4.195886,-12.42577,0.1752194,-0.7948201,0.5163772,-13.74248,26.11121,-44.54809
12.369956017,-65.4696099999997,4.720153,-13.89848,0.2052412,-0.7604469,0.5278522,-13.74248,26.11121,-44.54809
12.379868031,-71.8492300000003,3.904626,-13.95985,0.216307,-0.7594243,0.5114314,-13.74248,26.11121,-44.54809
12.389780045,-78.6624099999999,3.380358,-15.24847,0.2243618,-0.7874986,0.5010865,-14.15094,29.11317,-43.27048
12.399691582,-84.4845900000002,3.089098,-15.98482,0.2183003,-0.822795,0.4408877,-14.15094,29.11317,-43.27048
12.409603119,-85.0420299999998,3.205602,-16.53709,0.2158774,-0.8191601,0.3996407,-14.15094,29.11317,-43.27048
12.419515133,-82.0690099999999,4.487145,-18.56207,0.230299,-0.8220319,0.3721191,-14.15094,29.11317,-43.27048
12.429427147,-77.5475300000001,6.351208,-20.03478,0.2309995,-0.875326,0.3779997,-14.15094,29.11317,-43.27048
12.439339161,-73.0260499999997,7.574499,-22.12111,0.2265387,-0.9236963,0.4108496,-14.16115,30.62201,-40.70531
12.449250698,-68.00907,8.73953799999999,-25.49607,0.2010308,-0.9213699,0.4533549,-14.16115,30.62201,-40.70531
12.459162712,-63.7353399999998,9.03079800000001,-29.11649,0.1774722,-0.9002465,0.4695587,-14.16115,30.62201,-40.70531
12.469074726,-61.3197600000001,9.90457699999998,-28.80967,0.1657206,-0.8533332,0.4752617,-14.16115,30.62201,-40.70531
12.47898674,-60.4526199999997,11.01136,-30.65056,0.1985689,-0.8094714,0.4397184,-14.16115,30.62201,-40.70531
12.488898754,-57.91316,10.72011,-30.77328,0.2194339,-0.8283159,0.4019476,-14.56314,33.25121,-38.97684
12.498810291,-54.69238,10.89486,-30.65056,0.2341833,-0.8917445,0.3831426,-14.56314,33.25121,-38.97684
12.508721829,-51.53354,11.71039,-30.46647,0.2514282,-0.9275595,0.353935,-14.56314,33.25121,-38.97684
12.518633843,-50.35672,12.93368,-32.30736,0.2411841,-0.8762165,0.3687766,-14.56314,33.25121,-38.97684
12.528545857,-52.52455,13.92396,-32.55281,0.2542705,-0.8839163,0.3484376,-14.56314,33.25121,-38.97684
12.538457871,-55.93114,15.55502,-30.34374,0.2222747,-0.8212588,0.3534724,-14.95866,35.12755,-38.14548
12.548369885,-56.73634,15.84628,-33.53461,0.2632779,-0.8354148,0.3299512,-14.95866,35.12755,-38.14548
12.558281899,-54.63045,16.13754,-34.20961,0.2706274,-0.9153063,0.3331923,-14.95866,35.12755,-38.14548
12.568193912,-47.25982,16.13754,-35.74368,0.2428328,-1.011705,0.323204,-14.95866,35.12755,-38.14548
12.578104973,-38.46461,17.01132,-34.8846,0.2516089,-1.065018,0.3059621,-14.95866,35.12755,-38.14548
12.588016987,-35.73934,17.30258,-32.36872,0.2474308,-1.016185,0.2895205,-15.33019,35.51075,-36.02462
12.597929001,-38.21686,18.17636,-30.28238,0.2478613,-0.9562184,0.2587058,-15.33019,35.51075,-36.02462
12.607841015,-42.24284,19.34139,-29.85284,0.246368,-0.8894301,0.2389979,-15.33019,35.51075,-36.02462
12.620231151,-45.71137,19.4579,-31.01874,0.2476641,-0.9214474,0.2325305,-15.33019,35.51075,-36.02462
12.630143166,-44.10098,20.27343,-32.18463,0.2593303,-0.9806002,0.2041794,-16.10481,37.76166,-35.19247
12.640054703,-34.56252,15.38026,-35.3755,0.2612158,-0.9457386,0.1904696,-16.10481,37.76166,-35.19247
12.649966717,-25.14794,13.45795,-36.84821,0.3359316,-1.067521,0.1812848,-16.10481,37.76166,-35.19247
12.659878731,-20.25483,11.41913,-36.35731,0.3023888,-1.043212,0.1812768,-16.10481,37.76166,-35.19247
12.669790268,-21.43165,11.88514,-39.18,0.2708134,-1.002048,0.154474,-16.10481,37.76166,-35.19247
12.679702282,-27.93515,10.07933,-34.57779,0.2099675,-0.9251183,0.176196,-16.48555,38.51448,-34.29341
12.689614296,-34.93415,9.49681400000001,-31.93918,0.1713248,-0.8136716,0.1624109,-16.48555,38.51448,-34.29341
12.699525833,-38.65043,9.38030999999998,-34.76188,0.2020456,-0.8852764,0.1179554,-16.48555,38.51448,-34.29341
12.709437847,-31.58949,9.43856100000003,-35.92777,0.1719521,-0.8892033,0.08747742,-16.48555,38.51448,-34.29341
12.719349861,-12.69839,3.496862,-41.63452,0.1110204,-0.9006025,0.09276658,-16.48555,38.51448,-34.29341
12.729261875,6.81209899999999,-3.959389,-48.13899,0.2320306,-1.032847,0.198802,-17.22623,38.14322,-33.45318
12.739173889,7.92698399999999,3.322106,-41.38907,0.3775724,-1.197674,0.2270881,-17.22623,38.14322,-33.45318
12.749085426,-3.469617,2.972594,-32.85962,0.2897972,-1.135734,0.2278323,-17.22623,38.14322,-33.45318
12.758996963,-15.36172,-1.279799,-32.43008,0.2409119,-0.9556309,0.2016351,-17.22623,38.14322,-33.45318
12.768908977,-27.62546,-3.726381,-30.22102,0.2879461,-0.9057347,0.1736834,-17.22623,38.14322,-33.45318
12.778820991,-35.05802,-5.066176,-30.65056,0.2642928,-0.8844211,0.1332306,-18.71196,37.39574,-32.99338
12.788733005,-26.82026,-5.18268,-36.78685,0.2466641,-0.8824645,0.08539089,-18.71196,37.39574,-32.99338
12.798645019,-5.141944,-8.211782,-46.11401,0.2374359,-0.8759675,0.05142828,-18.71196,37.39574,-32.99338
12.808557033,18.14676,-15.66803,-49.30488,0.2679098,-0.9298914,0.05126736,-18.71196,37.39574,-32.99338
12.818469048,30.03887,-23.82331,-45.99129,0.3517255,-1.051648,0.1188239,-18.71196,37.39574,-32.99338
12.828381062,25.88902,-18.58063,-40.22317,0.4609527,-1.139195,0.1772503,-19.8366,37.77365,-32.15351
12.838292122,13.56335,-14.50299,-29.23921,0.426976,-1.10681,0.2397206,-19.8366,37.77365,-32.15351
12.848204136,3.095816,-17.35734,-24.88245,0.3212988,-1.044999,0.2588756,-19.8366,37.77365,-32.15351
12.85811615,-0.3107767,-20.6777,-25.18926,0.3082041,-1.030722,0.238445,-19.8366,37.77365,-32.15351
12.868028164,-39.14594,-53.24055,-33.84143,0.2854134,-0.8399839,-0.04384704,-19.8366,37.77365,-32.15351
12.877940178,18.89002,-23.12428,-26.78469,0.3350261,-0.9450654,0.2363668,-21.6998,37.02248,-32.59118
12.887852192,25.95096,-31.22131,-34.8846,0.3314812,-0.9415265,0.08565348,-21.6998,37.02248,-32.59118
12.900241852,46.14276,-33.84264,-41.20498,0.4334346,-0.94305,0.107748,-21.6998,37.02248,-32.59118
12.910153866,55.68122,-34.83293,-41.20498,0.4596011,-0.8989403,0.1361292,-21.6998,37.02248,-32.59118
12.92006588,55.37153,-35.06594,-38.50501,0.4414137,-0.8582412,0.1745011,-21.6998,37.02248,-32.59118
12.929977417,48.86804,-32.26984,-38.1982,0.4004098,-0.8350567,0.2561815,-23.18228,35.89857,-32.57994
12.939889431,44.16074,-26.96891,-39.18,0.3791494,-0.9027417,0.3447565,-23.18228,35.89857,-32.57994
12.949800968,43.04586,-23.06603,-38.25956,0.4078944,-1.001441,0.4096148,-23.18228,35.89857,-32.57994
12.959712982,40.56834,-18.46413,-37.70729,0.4340116,-1.033446,0.43941,-23.18228,35.89857,-32.57994
12.969624996,38.15276,-16.83307,-37.0323,0.45747,-1.01926,0.4071169,-23.18228,35.89857,-32.57994
12.97953701,36.72818,-19.27966,-33.28917,0.4944659,-1.047661,0.3576095,-24.64836,33.27288,-33.39925
12.989449024,36.85205,-21.55148,-28.44149,0.5012172,-1.053727,0.2936456,-24.64836,33.27288,-33.39925
12.999361038,39.45345,-23.29904,-25.55744,0.5017273,-1.023226,0.2837607,-24.64836,33.27288,-33.39925
13.009272099,42.36454,-21.66799,-25.18926,0.5292025,-1.001859,0.3177402,-24.64836,33.27288,-33.39925
13.019184113,44.53238,-13.68747,-26.60061,0.5348281,-0.9292284,0.3791521,-24.64836,33.27288,-33.39925
13.029096127,46.39051,-4.600161,-28.25741,0.5307962,-0.8820227,0.4227181,-26.50025,31.77435,-33.38491
13.039008141,46.70021,1.807555,-28.07332,0.5169374,-0.8559402,0.4369447,-26.50025,31.77435,-33.38491
13.048920155,41.8071,6.99197999999999,-25.6188,0.470917,-0.8653263,0.4205022,-26.50025,31.77435,-33.38491
13.058832169,33.25965,8.62303400000002,-20.58704,0.4113373,-0.9050596,0.3814155,-26.50025,31.77435,-33.38491
13.068744183,25.02188,6.1182,-14.32802,0.4160761,-0.9589749,0.3512427,-26.50025,31.77435,-33.38491
13.078656197,21.18173,4.487145,-9.97125800000001,0.486729,-1.006499,0.3665981,-26.8581,30.27254,-34.21353
13.088568211,22.42049,7.34149200000003,-7.88491900000001,0.5707659,-1.01889,0.3931074,-26.8581,30.27254,-34.21353
13.098479271,26.07483,13.34144,-7.27128999999997,0.602622,-0.9665065,0.4138085,-26.8581,30.27254,-34.21353
13.108391285,28.67623,20.56469,-7.148564,0.5620292,-0.8841014,0.4142527,-26.8581,30.27254,-34.21353
13.118303299,29.17174,25.98212,-6.65766099999999,0.498195,-0.8306517,0.4031952,-26.8581,30.27254,-34.21353
13.128215313,28.42848,28.02094,-5.675855,0.4602524,-0.7803042,0.3861157,-27.58697,28.39428,-35.48876
13.138127327,26.44646,27.14716,-6.47357199999998,0.4545596,-0.7527301,0.3877925,-27.58697,28.39428,-35.48876
13.148039341,22.91599,26.79765,-8.19173300000002,0.4869301,-0.7537379,0.3961293,-27.58697,28.39428,-35.48876
13.157951355,19.26165,27.26366,-8.55991099999998,0.5330704,-0.8172116,0.3866369,-27.58697,28.39428,-35.48876
13.167862892,18.64227,27.32191,-5.307677,0.5966893,-0.9336916,0.3982368,-27.58697,28.39428,-35.48876
13.180253029,23.65925,31.39955,-0.3372818,0.6173605,-1.028717,0.4430276,-26.82365,26.89073,-36.77293
13.190164566,32.08282,35.76845,1.564968,0.5661579,-1.019044,0.4680536,-26.82365,26.89073,-36.77293
13.200076103,42.67423,39.14706,1.442243,0.4899822,-0.9404424,0.4750437,-26.82365,26.89073,-36.77293
13.209988117,52.70819,40.83637,-2.116806,0.4347111,-0.8253036,0.4652782,-26.82365,26.89073,-36.77293
13.219900131,60.07882,41.01113,-6.65766099999999,0.4270196,-0.7614392,0.4576122,-26.82365,26.89073,-36.77293
13.229812145,61.7511500000002,40.66161,-8.37582199999997,0.4395822,-0.7555046,0.449853,-26.45884,27.26012,-38.06092
13.239724159,58.7781299999997,39.32182,-3.650879,0.5017377,-0.855664,0.4332458,-26.45884,27.26012,-38.06092
13.249636173,55.55735,38.6228,5.73764600000002,0.5353757,-0.9760122,0.4254107,-26.45884,27.26012,-38.06092
13.259548187,55.74316,39.03056,14.083,0.5262908,-1.072598,0.4277322,-26.45884,27.26012,-38.06092
13.269460201,60.8840200000001,39.84609,20.34202,0.5028375,-1.124342,0.4165608,-26.45884,27.26012,-38.06092
13.279372215,69.7411600000001,40.54511,24.33061,0.4644261,-1.108377,0.4088597,-24.93705,24.62761,-40.63041
13.289283276,78.1027899999999,41.6519,25.68059,0.4230665,-1.023435,0.4328557,-24.93705,24.62761,-40.63041
13.29919529,84.2965999999999,41.41889,24.69878,0.4001499,-0.942722,0.4384069,-24.93705,24.62761,-40.63041
13.309107304,88.1986900000002,39.61308,25.06696,0.4157898,-0.8822902,0.4607522,-24.93705,24.62761,-40.63041
13.319019318,88.0748199999999,38.91405,25.37378,0.44471,-0.8284814,0.4829305,-24.93705,24.62761,-40.63041
13.328931332,84.6682300000001,37.45776,27.46012,0.461111,-0.8230237,0.4674501,-23.43386,23.55775,-42.755
13.338843346,79.5273699999998,34.02089,31.51007,0.4486282,-0.8330675,0.4305264,-23.43386,23.55775,-42.755
13.348754883,73.64326,30.58403,35.62138,0.4147546,-0.8281947,0.4231896,-23.43386,23.55775,-42.755
13.358666897,68.93596,26.38988,41.14404,0.4009494,-0.873543,0.4066898,-23.43386,23.55775,-42.755
13.368578434,69.2456499999999,23.18603,44.27355,0.3730372,-0.8295234,0.4542967,-23.43386,23.55775,-42.755
13.378490448,71.35155,23.36078,42.3713,0.3812364,-0.8106933,0.5129256,-22.2898,21.30138,-44.93823
13.388402462,74.3245699999999,25.16659,41.32813,0.3647666,-0.7578983,0.5422391,-22.2898,21.30138,-44.93823
13.398314476,75.5633300000002,25.57436,40.40769,0.3523294,-0.7259672,0.5588923,-22.2898,21.30138,-44.93823
13.408226013,75.00589,24.52582,40.16224,0.354187,-0.7259939,0.5492718,-22.2898,21.30138,-44.93823
13.418138027,73.82907,21.90448,41.51222,0.3488781,-0.7421226,0.5372095,-22.2898,21.30138,-44.93823
13.428050041,73.82907,17.47733,43.72129,0.3388284,-0.7801862,0.5140013,-20.39215,18.67074,-47.05996
13.437962055,76.2446499999997,13.80746,45.13263,0.330903,-0.7798495,0.5044736,-20.39215,18.67074,-47.05996
13.447874069,80.8280699999998,11.01136,45.00991,0.337317,-0.7851059,0.503899,-20.39215,18.67074,-47.05996
13.457786083,86.7121800000002,9.03079800000001,44.33492,0.3248317,-0.7536875,0.5152675,-20.39215,18.67074,-47.05996
13.470175266,92.7821100000002,6.87547600000002,42.00312,0.3090221,-0.6586067,0.5631027,-20.39215,18.67074,-47.05996
13.48008728,92.9059900000002,5.069665,38.93498,0.299415,-0.5891317,0.6135908,-18.88031,17.16725,-48.34803
13.489999294,87.8270599999999,3.205602,36.35773,0.2913286,-0.5410739,0.6442357,-18.88031,17.16725,-48.34803
13.499911308,79.0937999999999,1.516295,35.37593,0.2961975,-0.5302916,0.654826,-18.88031,17.16725,-48.34803
13.509823322,68.8740200000003,0.5260119,34.82366,0.2946754,-0.5454608,0.6316914,-18.88031,17.16725,-48.34803
13.519735336,60.1407599999997,-0.930287099999998,35.62138,0.293644,-0.577696,0.5887521,-18.88031,17.16725,-48.34803
13.52964735,54.38052,-5.590444,36.11229,0.2507675,-0.5823064,0.5507053,-17.72173,14.16718,-49.17981
13.539558888,51.22168,-13.33796,35.49866,0.2464482,-0.5493968,0.5495241,-17.72173,14.16718,-49.17981
13.549470902,49.23967,-18.87189,33.59641,0.2935833,-0.5238295,0.5982345,-17.72173,14.16718,-49.17981
13.559382439,47.69122,-19.57092,30.89644,0.331397,-0.4910777,0.6523609,-17.72173,14.16718,-49.17981
13.569294453,46.63827,-17.41559,28.19647,0.3469398,-0.4780045,0.7051216,-17.72173,14.16718,-49.17981
13.579206467,45.27563,-15.02726,27.76693,0.332777,-0.4959737,0.7334622,-17.32644,12.29057,-50.07541
13.589118481,43.54137,-13.51271,28.8101,0.3151868,-0.5325248,0.7396235,-17.32644,12.29057,-50.07541
13.599030018,42.67423,-13.86222,30.16008,0.2762472,-0.5826786,0.6983559,-17.32644,12.29057,-50.07541
13.608942032,44.84206,-17.6486,31.4487,0.2635388,-0.6374695,0.6347275,-17.32644,12.29057,-50.07541
13.618854046,47.69122,-23.64855,32.00097,0.2552799,-0.6343796,0.5959316,-17.67,10.0448,-49.61683
13.62876606,49.42548,-30.75529,31.69415,0.2799259,-0.595682,0.6127671,-17.67,10.0448,-49.61683
13.638678074,50.04486,-35.3572,31.51007,0.3314229,-0.5573968,0.6725656,-17.67,10.0448,-49.61683
13.648590088,48.24866,-35.70671,31.4487,0.3654992,-0.5124082,0.7580184,-17.67,10.0448,-49.61683
13.658501148,45.7092,-31.45431,30.77371,0.3700399,-0.5110562,0.8208861,-17.67,10.0448,-49.61683
13.668413162,43.85106,-27.14367,30.4669,0.3319984,-0.501727,0.8414668,-18.40558,8.919121,-50.05919
13.678325176,42.42648,-24.40583,29.48509,0.2900042,-0.486375,0.8174694,-18.40558,8.919121,-50.05919
13.68823719,40.01089,-23.93981,28.93283,0.2697044,-0.4596886,0.7765412,-18.40558,8.919121,-50.05919
13.698149204,36.29461,-25.39611,27.70557,0.2890805,-0.4663678,0.7508692,-18.40558,8.919121,-50.05919
13.708061218,32.26864,-27.9592,27.76693,0.3153808,-0.4577984,0.750683,-18.40558,8.919121,-50.05919
13.717973232,28.61429,-29.18249,27.33739,0.3542285,-0.4871959,0.7851794,-19.88,7.42428,-49.14736
13.727885246,27.18972,-28.71647,27.52148,0.361617,-0.5087788,0.8128165,-19.88,7.42428,-49.14736
13.73779726,27.68522,-26.15339,27.03057,0.3306427,-0.5221754,0.8283788,-19.88,7.42428,-49.14736
13.750186443,30.78213,-24.11457,25.12832,0.2963007,-0.5124198,0.8287614,-19.88,7.42428,-49.14736
13.760098457,33.63128,-23.7068,23.59425,0.2837834,-0.4902864,0.8261436,-19.88,7.42428,-49.14736
13.770010471,35.73717,-22.36701,22.48972,0.2876893,-0.4480497,0.8273492,-20.98685,6.301972,-48.75259
13.779922485,35.55136,-20.15343,20.95565,0.2974911,-0.4164565,0.8188262,-20.98685,6.301972,-48.75259
13.789834022,33.63128,-18.9884,19.36021,0.3028896,-0.4251592,0.8105556,-20.98685,6.301972,-48.75259
13.799746036,30.10081,-19.57092,18.86931,0.3175991,-0.4534866,0.828957,-20.98685,6.301972,-48.75259
13.80965805,26.88003,-19.97868,19.97384,0.3356217,-0.5152383,0.8451845,-20.98685,6.301972,-48.75259
13.819570065,26.26065,-19.45441,20.95565,0.3283685,-0.5555275,0.853626,-21.7289,5.929147,-48.29784
13.829482079,27.74716,-18.52238,22.36699,0.3262796,-0.5683041,0.8257111,-21.7289,5.929147,-48.29784
13.839394093,29.29561,-17.88161,21.87609,0.294039,-0.5372332,0.8175734,-21.7289,5.929147,-48.29784
13.849305153,29.85305,-16.54181,19.42157,0.2775569,-0.5044447,0.8222656,-21.7289,5.929147,-48.29784
13.859217167,29.23367,-15.84279,17.70341,0.2957867,-0.4880486,0.854857,-21.7289,5.929147,-48.29784
13.869129181,27.99491,-14.56125,17.82614,0.330728,-0.4831065,0.882416,-22.08377,4.430736,-48.29128
13.879041195,27.18972,-12.46418,18.43977,0.3557664,-0.4793268,0.8966144,-22.08377,4.430736,-48.29128
13.888953209,26.75615,-10.77487,18.56249,0.3645699,-0.4787277,0.8974972,-22.08377,4.430736,-48.29128
13.898865223,26.63227,-9.49332599999999,19.0534,0.3525193,-0.4658681,0.8818492,-22.08377,4.430736,-48.29128
13.908777237,26.81809,-7.33800299999997,19.0534,0.2985155,-0.4700698,0.8559119,-22.08377,4.430736,-48.29128
13.918689251,28.80011,-6.17296399999999,17.08978,0.2474035,-0.4703541,0.8304541,-22.07731,4.05797,-47.84041
13.928601265,32.45445,-7.74576700000002,15.06481,0.2474726,-0.4786108,0.8275176,-22.07731,4.05797,-47.84041
13.938512325,36.72818,-9.90108999999998,13.71482,0.305991,-0.4889289,0.8475544,-22.07731,4.05797,-47.84041
13.948424339,40.93997,-9.31857,14.083,0.3763344,-0.5039313,0.8708119,-22.07731,4.05797,-47.84041
13.958336353,44.71819,-7.39625499999999,15.37162,0.3773366,-0.5039064,0.8732035,-22.07731,4.05797,-47.84041
13.968248367,48.0009,-6.11471200000003,15.98525,0.3552037,-0.4664489,0.8568522,-22.8099,2.935693,-47.44759
13.978160381,49.48742,-5.82345200000001,13.77619,0.3067272,-0.3905146,0.8438819,-22.8099,2.935693,-47.44759
13.988072395,47.56734,-4.716664,10.2785,0.3000327,-0.3605261,0.8460642,-22.8099,2.935693,-47.44759
13.997984409,45.95695,-4.308901,9.35805800000003,0.2991164,-0.3619698,0.8503844,-22.8099,2.935693,-47.44759
14.007895947,44.78012,-3.493374,9.41941999999998,0.3204786,-0.3766531,0.8659343,-22.8099,2.935693,-47.44759
14.017807961,44.47044,-3.202114,9.97168700000001,0.3281228,-0.4046928,0.863276,-22.78646,1.125149,-47.44201
14.030198097,45.46144,-2.736098,11.50576,0.3463662,-0.4170702,0.863505,-22.78646,1.125149,-47.44201
14.040109158,47.56734,-1.862319,12.30348,0.3418547,-0.4123049,0.8582967,-22.78646,1.125149,-47.44201
14.050021172,49.30161,-1.512807,11.68985,0.3366157,-0.426446,0.85537,-22.78646,1.125149,-47.44201
14.059933186,50.1068,-2.910854,12.48757,0.3307573,-0.4309049,0.851073,-22.78646,1.125149,-47.44201
14.0698452,50.6023,-3.551625,13.34665,0.3117633,-0.4301289,0.8594165,-23.13647,-0.7478583,-47.43429
14.079757214,50.6023,-2.969106,13.89891,0.3142053,-0.4208314,0.8700194,-23.13647,-0.7478583,-47.43429
14.089669228,51.22168,-1.745815,14.38982,0.3111185,-0.4038745,0.8749625,-23.13647,-0.7478583,-47.43429
14.099581242,51.09781,-1.862319,14.5739,0.2983563,-0.3604052,0.8734495,-23.13647,-0.7478583,-47.43429
14.109493256,48.68222,-2.50309,13.96028,0.287884,-0.3101566,0.8647581,-23.13647,-0.7478583,-47.43429
14.11940527,42.79811,-3.027358,12.18075,0.2750991,-0.2730406,0.8535998,-23.86884,-1.869874,-46.97723
14.129317284,36.97593,-4.774917,10.83077,0.2658334,-0.2775344,0.8507746,-23.86884,-1.869874,-46.97723
14.139228344,33.13577,-6.93023899999998,10.15578,0.2760652,-0.2820545,0.8895427,-23.86884,-1.869874,-46.97723
14.149140358,30.78213,-6.46422299999998,8.49897699999999,0.2827577,-0.2735073,0.9322718,-23.86884,-1.869874,-46.97723
14.159052372,28.67623,-5.240932,6.84217800000002,0.3043666,-0.2736765,0.9411938,-23.86884,-1.869874,-46.97723
14.168964386,28.49042,-3.784633,6.47400099999998,0.3229795,-0.2851343,0.9308621,-23.11062,-2.619005,-46.97881
14.1788764,29.23367,-2.561342,5.86037199999999,0.3070087,-0.2806208,0.9046311,-23.11062,-2.619005,-46.97881
14.188788414,30.53437,-3.37687,4.387662,0.3017177,-0.2804031,0.8657887,-23.11062,-2.619005,-46.97881
14.198699951,31.58732,-4.600161,3.589944,0.2905211,-0.2749128,0.8294368,-23.11062,-2.619005,-46.97881
14.208611965,31.52538,-6.34771999999997,2.608138,0.2875469,-0.2425359,0.8157554,-23.11062,-2.619005,-46.97881
14.218523979,30.22468,-9.31857,1.564968,0.2943932,-0.1987956,0.8193446,-23.83813,-4.115616,-46.52059
14.228435993,26.81809,-10.48361,0.767250500000003,0.317504,-0.1647818,0.8716947,-23.83813,-4.115616,-46.52059
14.23834753,20.25266,-8.095279,0.2763473,0.3231682,-0.1660292,0.8980427,-23.83813,-4.115616,-46.52059
14.248259068,11.02389,-5.47394,-0.2759189,0.3229265,-0.2020043,0.8800395,-23.83813,-4.115616,-46.52059
14.258171082,3.591321,-6.40597199999999,0.460436,0.3147026,-0.3230292,0.8423371,-23.83813,-4.115616,-46.52059
14.268083096,1.795117,-8.561295,2.485412,0.2755883,-0.4364314,0.8529869,-23.44933,-5.239372,-46.51907
14.27799511,4.024887,-9.37682200000001,0.705887599999999,0.2033427,-0.3602104,0.8589644,-23.44933,-5.239372,-46.51907
14.287907124,3.839073,-12.11466,-6.16675799999997,0.1856382,-0.1931844,0.8539988,-23.44933,-5.239372,-46.51907
14.297819138,-3.407679,-14.6195,-13.0394,0.2610045,-0.02320446,0.8208232,-23.44933,-5.239372,-46.51907
14.310209274,-22.60847,-16.83307,-9.48035400000003,0.3289027,0.03516377,0.786973,-23.44933,-5.239372,-46.51907
14.320121288,-40.69439,-20.21169,-5.614491,0.3627696,-0.1192118,0.7616234,-23.81251,-5.987024,-46.12935
14.330032826,-52.83424,-23.06603,1.503605,0.4145369,-0.3683162,0.8449534,-23.81251,-5.987024,-46.12935
14.339944363,-54.75432,-19.57092,3.037678,0.3762834,-0.4861485,0.9343117,-23.81251,-5.987024,-46.12935
14.349856377,-42.98609,-15.26027,-1.871354,0.3520691,-0.5197433,0.9655221,-23.81251,-5.987024,-46.12935
14.359768391,-23.72336,-13.45446,-4.509959,0.3200524,-0.4490524,0.9302772,-23.81251,-5.987024,-46.12935
14.369680405,-7.24783800000001,-14.85251,-4.632685,0.3314284,-0.3230079,0.8998015,-24.18355,-5.983395,-45.22798
14.379591942,0.5563561,-16.36706,-3.650879,0.333759,-0.2120742,0.8755507,-24.18355,-5.983395,-45.22798
14.389503956,-0.3727147,-17.59035,-4.632685,0.3413934,-0.1611034,0.8690975,-24.18355,-5.983395,-45.22798
14.39941597,-6.318768,-19.16315,-5.553129,0.3552098,-0.1667203,0.8746942,-24.18355,-5.983395,-45.22798
14.409327984,-14.06102,-20.21169,-4.9395,0.3880171,-0.1948179,0.8938901,-24.18355,-5.983395,-45.22798
14.419239998,-21.74134,-18.63888,-5.062225,0.4013939,-0.2187034,0.9305795,-24.95146,-4.485073,-45.22871
14.429152012,-27.00608,-13.68747,-8.80536299999997,0.3867965,-0.2395773,0.9608253,-24.95146,-4.485073,-45.22871
14.439064026,-30.72236,-9.20206600000003,-13.22349,0.3910962,-0.2724971,0.9600862,-24.95146,-4.485073,-45.22871
14.448975086,-33.3857,-7.27975100000002,-14.81893,0.4008486,-0.3062867,0.9655327,-24.95146,-4.485073,-45.22871
14.4588871,-36.04903,-5.82345200000001,-15.73937,0.4231053,-0.2949081,0.9557995,-24.95146,-4.485073,-45.22871
14.468799114,-39.39368,-3.08561,-17.64162,0.4402325,-0.272496,0.9356238,-25.70483,-4.110538,-45.22597
14.478711128,-42.05702,-1.279799,-20.21886,0.4064266,-0.2571044,0.899547,-25.70483,-4.110538,-45.22597
14.488623142,-42.49059,-0.4642715,-23.22565,0.3541633,-0.2535888,0.861641,-25.70483,-4.110538,-45.22597
14.498535156,-39.64144,-0.3477675,-26.23243,0.3486909,-0.2527293,0.8535347,-25.70483,-4.110538,-45.22597
14.50844717,-36.29678,0.2347521,-26.96878,0.3970529,-0.2855569,0.8581504,-25.70483,-4.110538,-45.22597
14.518359184,-35.6774,0.1182482,-25.37335,0.4648428,-0.3233249,0.8918433,-26.47136,-2.610647,-44.84122
14.528271198,-36.35872,1.574547,-22.36657,0.4974917,-0.3819883,0.9074759,-26.47136,-2.610647,-44.84122
14.538182736,-36.04903,4.254138,-21.07795,0.4735068,-0.4110823,0.8710119,-26.47136,-2.610647,-44.84122
14.548094273,-33.63345,4.661901,-21.63021,0.4092883,-0.4200233,0.7971217,-26.47136,-2.610647,-44.84122
14.558006287,-29.73135,1.225035,-22.3052,0.3458185,-0.4056567,0.7281815,-26.47136,-2.610647,-44.84122
14.567918301,-25.51956,-4.075893,-22.36657,0.3096711,-0.3848761,0.7084875,-25.72609,-2.234162,-44.39656
14.577830315,-24.2808,-8.15353100000001,-23.22565,0.3396988,-0.3617194,0.7074038,-25.72609,-2.234162,-44.39656
14.590219974,-28.05902,-10.42536,-21.01658,0.41188,-0.3445636,0.7567871,-25.72609,-2.234162,-44.39656
14.600131988,-34.74833,-10.42536,-17.94844,0.4475624,-0.3463134,0.8011001,-25.72609,-2.234162,-44.39656
14.610044002,-41.93315,-8.96905800000002,-14.32802,0.4774481,-0.3961443,0.843706,-25.73392,-1.862965,-45.23289
14.619956016,-46.76431,-6.46422299999998,-11.50533,0.4816908,-0.4300694,0.8362383,-25.73392,-1.862965,-45.23289
14.62986803,-48.49858,-4.483657,-11.32124,0.4322453,-0.4197481,0.7949906,-25.73392,-1.862965,-45.23289
14.639780044,-47.69339,-6.28946699999999,-13.10077,0.3480447,-0.3935447,0.7210392,-25.73392,-1.862965,-45.23289
14.649691105,-44.90617,-12.58068,-14.2053,0.3159294,-0.4067988,0.6732321,-25.73392,-1.862965,-45.23289
14.659603119,-41.74733,-18.81364,-12.18032,0.3512759,-0.4411581,0.6942834,-26.48729,-1.48843,-45.23015
14.669515133,-40.50857,-20.21169,-9.54171799999998,0.4042693,-0.4425909,0.758125,-26.48729,-1.48843,-45.23015
14.679427147,-41.12795,-18.05636,-8.37582199999997,0.4524459,-0.42771,0.8005126,-26.48729,-1.48843,-45.23015
14.689339161,-43.41966,-16.36706,-8.19173300000002,0.4697964,-0.4249334,0.8267794,-26.48729,-1.48843,-45.23015
14.699251175,-45.64943,-14.50299,-7.82355600000003,0.4743645,-0.4364985,0.829541,-26.48729,-1.48843,-45.23015
14.709163189,-45.58749,-13.0467,-7.08720199999999,0.4690874,-0.4672448,0.8034565,-26.88926,0.7606808,-44.84966
14.719075203,-43.91516,-12.23117,-6.78038700000001,0.4483322,-0.4876159,0.7583779,-26.88926,0.7606808,-44.84966
14.72898674,-41.87121,-14.44474,-6.71902399999997,0.4018067,-0.4967773,0.6929654,-26.88926,0.7606808,-44.84966
14.738898754,-40.26082,-19.39616,-6.53493500000002,0.3631483,-0.4985008,0.640494,-26.88926,0.7606808,-44.84966
14.748810768,-40.81826,-24.9301,-6.71902399999997,0.3737853,-0.48477,0.6448085,-26.88926,0.7606808,-44.84966
14.758722305,-44.34873,-29.4155,-6.90311299999998,0.4061818,-0.4806378,0.7093579,-26.90001,1.825433,-44.01775
14.768634319,-49.73734,-30.52228,-6.96447600000002,0.4524171,-0.4835743,0.7799741,-26.90001,1.825433,-44.01775
14.778546333,-54.75432,-26.21164,-7.27128999999997,0.4749418,-0.5369254,0.8159024,-26.90001,1.825433,-44.01775
14.78845787,-57.6034700000001,-20.5612,-5.430403,0.4863869,-0.5135148,0.8149922,-26.90001,1.825433,-44.01775
14.798369884,-61.2578199999998,-15.43503,-4.816774,0.4608241,-0.5146405,0.7528006,-26.90001,1.825433,-44.01775
14.808281898,-63.1779000000003,-15.55153,-3.405427,0.4046367,-0.5099652,0.667403,-27.98443,3.698586,-43.95376
14.818193912,-64.4786000000002,-21.08547,-2.975887,0.3614521,-0.5069311,0.608283,-27.98443,3.698586,-43.95376
14.828105926,-67.1419399999999,-28.0757,-4.325871,0.3753122,-0.4996029,0.5856361,-27.98443,3.698586,-43.95376
14.83801794,-71.4776000000001,-34.07565,-6.10539499999999,0.4179243,-0.4951301,0.597756,-27.98443,3.698586,-43.95376
14.847929954,-77.0520199999999,-37.10476,-7.33265300000001,0.4744259,-0.4933092,0.6260551,-27.98443,3.698586,-43.95376
14.857841969,-82.6883899999998,-36.34748,-8.13037100000001,0.5083359,-0.5013295,0.6809062,-29.13194,5.951035,-42.7342
14.870231152,-88.9441299999998,-31.62907,-8.13037100000001,0.5299762,-0.5207462,0.7180291,-29.13194,5.951035,-42.7342
14.880143166,-91.73135,-26.96891,-9.29626599999999,0.509481,-0.5385429,0.7012945,-29.13194,5.951035,-42.7342
14.89005518,-92.9701,-25.27961,-10.58489,0.4808933,-0.5585289,0.6558107,-29.13194,5.951035,-42.7342
14.899967194,-91.60747,-27.90095,-11.87351,0.4429389,-0.578671,0.60273,-29.13194,5.951035,-42.7342
14.909879208,-88.2008699999999,-32.73586,-12.79395,0.4420241,-0.6103578,0.5717973,-30.64701,7.830952,-40.99758
14.919790745,-83.2458299999999,-37.51252,-14.51211,0.4853238,-0.6287023,0.5765563,-30.64701,7.830952,-40.99758
14.929702759,-78.5385400000002,-39.90085,-16.65982,0.5511203,-0.6223724,0.6105614,-30.64701,7.830952,-40.99758
14.939614773,-74.1409399999997,-38.6193,-19.48251,0.5928678,-0.5839548,0.6257963,-30.64701,7.830952,-40.99758
14.949526787,-68.8762000000001,-35.4737,-23.28701,0.5832672,-0.560818,0.6226781,-30.64701,7.830952,-40.99758
14.959438801,-63.6114700000001,-32.91061,-27.21424,0.5699338,-0.5493443,0.623358,-31.42812,10.83471,-39.26831
14.969350815,-58.7802999999998,-30.52228,-31.20283,0.5678021,-0.5440944,0.612369,-31.42812,10.83471,-39.26831
14.979261875,-55.49758,-27.66794,-33.35052,0.5773225,-0.5294725,0.6042157,-31.42812,10.83471,-39.26831
14.989173889,-54.81626,-27.20192,-35.80504,0.5833158,-0.5164112,0.5840806,-31.42812,10.83471,-39.26831
14.999085903,-56.92215,-26.91066,-39.05728,0.6019924,-0.5071086,0.5566009,-31.42812,10.83471,-39.26831
15.008997917,-59.0280500000001,-26.96891,-41.69588,0.5855324,-0.5050404,0.5274772,-32.94965,13.08739,-37.98256
15.018909931,-58.4086700000002,-26.26989,-45.00948,0.6028119,-0.5276666,0.5170834,-32.94965,13.08739,-37.98256
15.028821945,-57.04603,-23.4738,-48.07763,0.6144391,-0.5782987,0.5425671,-32.94965,13.08739,-37.98256
15.038733959,-57.16991,-19.1049,-50.28669,0.6333634,-0.5671554,0.5890417,-32.94965,13.08739,-37.98256
15.048645973,-57.4176600000001,-14.85251,-54.52073,0.628023,-0.5425732,0.5738898,-32.94965,13.08739,-37.98256
15.058557987,-56.98409,-12.28942,-57.95705,0.6181567,-0.5268917,0.536153,-34.06645,13.0941,-36.30636
15.068470001,-54.75432,-11.88166,-62.4365500000003,0.6222645,-0.5386963,0.4937824,-34.06645,13.0941,-36.30636
15.078381538,-51.71936,-13.2797,-64.5842399999999,0.6778327,-0.6166162,0.4807455,-34.06645,13.0941,-36.30636
15.088293076,-49.98509,-14.56125,-63.5410699999998,0.7106187,-0.6598468,0.4801542,-34.06645,13.0941,-36.30636
15.09820509,-49.73734,-13.33796,-61.5774699999998,0.7295835,-0.6974632,0.4734862,-34.06645,13.0941,-36.30636
15.108117104,-48.49858,-9.66808199999998,-58.6934099999997,0.7326646,-0.7300326,0.449713,-35.19433,13.84843,-35.01794
15.118029118,-45.71137,-6.28946699999999,-56.85252,0.7083104,-0.7361435,0.4518181,-35.19433,13.84843,-35.01794
15.127940655,-42.49059,-3.726381,-57.3434200000002,0.6654889,-0.706579,0.4591333,-35.19433,13.84843,-35.01794
15.137852669,-39.45562,-2.561342,-58.9388599999997,0.6260294,-0.6474955,0.4474077,-35.19433,13.84843,-35.01794
15.150242806,-37.65942,-3.726381,-60.96384,0.6484693,-0.603099,0.4465356,-35.19433,13.84843,-35.01794
15.16015482,-39.33175,-4.89142,-62.0069999999998,0.7028414,-0.5845682,0.4298309,-36.29934,12.72821,-34.10921
15.170066834,-41.74733,-4.949672,-61.8842800000002,0.7446135,-0.6151577,0.4143558,-36.29934,12.72821,-34.10921
15.179978848,-43.91516,-5.066176,-59.0002200000001,0.7518243,-0.6680527,0.3880082,-36.29934,12.72821,-34.10921
15.189890862,-46.083,-6.28946699999999,-55.19572,0.7300125,-0.7116433,0.355749,-36.29934,12.72821,-34.10921
15.199801922,-46.88819,-7.74576700000002,-52.06621,0.714857,-0.7589008,0.348372,-36.29934,12.72821,-34.10921
15.209713936,-45.40168,-9.085562,-50.83895,0.6979208,-0.7290271,0.353049,-36.67061,12.73158,-33.27208
15.21962595,-42.11896,-8.32828599999997,-51.02304,0.6933735,-0.677939,0.3985663,-36.67061,12.73158,-33.27208
15.229537964,-40.69439,-5.18268,-52.37303,0.6771396,-0.6362408,0.437887,-36.67061,12.73158,-33.27208
15.239449978,-41.18989,-2.037075,-53.96846,0.6796929,-0.5920118,0.4525628,-36.67061,12.73158,-33.27208
15.249361992,-42.1809,0.933775699999999,-56.42298,0.7413708,-0.5819363,0.4707857,-36.67061,12.73158,-33.27208
15.259273529,-43.72935,0.293004,-55.50254,0.8553295,-0.6512164,0.4875162,-37.41428,12.35693,-33.26704
15.269185543,-48.00307,1.458043,-52.37303,0.8990011,-0.6464494,0.4602553,-37.41428,12.35693,-33.26704
15.279097557,-48.49858,5.186169,-48.81398,0.8532755,-0.6730037,0.4048029,-37.41428,12.35693,-33.26704
15.289009571,-47.07401,5.419177,-43.78222,0.768318,-0.7386356,0.3878657,-37.41428,12.35693,-33.26704
15.298921585,-41.49958,6.70071999999997,-42.86178,0.7547871,-0.7523824,0.387419,-37.41428,12.35693,-33.26704
15.308833122,-29.29778,8.97254599999999,-43.72086,0.7605709,-0.7052836,0.386719,-37.7807,11.9857,-32.42876
15.318744659,-16.91018,11.06962,-45.56174,0.7960234,-0.712519,0.4021882,-37.7807,11.9857,-32.42876
15.328656674,-9.16791799999997,13.28319,-44.27312,0.8600303,-0.7800252,0.4136306,-37.7807,11.9857,-32.42876
15.338568688,-1.735352,14.91425,-37.76866,0.875716,-0.8449267,0.3890453,-37.7807,11.9857,-32.42876
15.348480702,2.476436,15.32201,-28.31877,0.7668173,-0.8008713,0.2640642,-37.7807,11.9857,-32.42876
15.358392716,3.962949,12.35116,-22.36657,0.6919508,-0.7072204,0.1779917,-38.51306,10.86369,-31.97169
15.36830473,3.777135,7.10848400000002,-19.11433,0.6687831,-0.6546828,0.1737544,-38.51306,10.86369,-31.97169
15.378216744,0.1847278,2.914342,-16.53709,0.6684303,-0.6694916,0.2173534,-38.51306,10.86369,-31.97169
15.388128758,-4.02706,1.05028,-11.01443,0.7250254,-0.7227353,0.2856181,-38.51306,10.86369,-31.97169
15.398040772,-5.203883,1.807555,-4.264508,0.7869111,-0.7947336,0.3709946,-38.51306,10.86369,-31.97169
15.407952786,-2.974113,4.370642,3.528581,0.8260249,-0.8142365,0.4430068,-37.75135,9.358305,-33.70557
15.417864323,4.520391,9.72982099999999,10.58532,0.8814346,-0.7929749,0.4829693,-37.75135,9.358305,-33.70557
15.430253983,13.99691,17.12782,16.78297,0.8775293,-0.7244884,0.5161124,-37.75135,9.358305,-33.70557
15.440165997,18.58033,20.97245,18.31704,0.8261958,-0.6553801,0.5026429,-37.75135,9.358305,-33.70557
15.450077534,21.92498,22.25399,19.17612,0.7721136,-0.6074362,0.4347998,-38.124,9.360106,-33.25391
15.459989548,23.28762,20.73944,19.17612,0.718021,-0.565112,0.3117012,-38.124,9.360106,-33.25391
15.469901562,23.53537,15.32201,18.43977,0.7230929,-0.5620379,0.2377304,-38.124,9.360106,-33.25391
15.479813576,23.10181,9.205554,17.45796,0.7741364,-0.5464278,0.2267988,-38.124,9.360106,-33.25391
15.48972559,20.87204,5.94344499999998,16.10798,0.8209333,-0.5549346,0.2503173,-38.124,9.360106,-33.25391
15.499637604,16.53637,5.360925,16.41479,0.7980718,-0.5451556,0.3211772,-37.37709,9.358335,-33.70752
15.509549618,9.10380600000001,5.652184,17.3966,0.8033382,-0.513191,0.3952858,-37.37709,9.358335,-33.70752
15.519461632,1.918993,7.224988,17.94886,0.7666501,-0.5009755,0.4081905,-37.37709,9.358335,-33.70752
15.529373646,-1.425662,7.98226299999999,17.64205,0.7200179,-0.5175007,0.4190752,-37.37709,9.358335,-33.70752
15.539284706,-0.806281,7.92401099999998,17.08978,0.702323,-0.505574,0.4241199,-37.37709,9.358335,-33.70752
15.54919672,1.175737,7.574499,16.16934,0.6796721,-0.5210603,0.3906151,-37.01391,10.10599,-34.09724
15.559108734,4.148763,5.069665,16.16934,0.6804604,-0.5828496,0.3474621,-37.01391,10.10599,-34.09724
15.569020748,7.18372799999999,2.914342,16.41479,0.6903811,-0.5760727,0.321487,-37.01391,10.10599,-34.09724
15.578932762,8.979931,1.516295,15.43299,0.6791481,-0.484508,0.334685,-37.01391,10.10599,-34.09724
15.588844776,6.06884200000002,0.642515800000001,12.54893,0.6785972,-0.416502,0.3605915,-37.01391,10.10599,-34.09724
15.59875679,0.43248,2.273571,9.787598,0.6779556,-0.405368,0.358751,-37.01552,10.10416,-34.54695
15.608668327,-5.389697,3.030846,6.16718700000003,0.6813166,-0.4221821,0.3806952,-37.01552,10.10416,-34.54695
15.618580341,-11.52156,2.273571,2.424049,0.7209613,-0.4492225,0.400315,-37.01552,10.10416,-34.54695
15.628492355,-11.27381,0.875523700000001,1.135428,0.7439687,-0.5052581,0.384844,-37.01552,10.10416,-34.54695
15.638404369,-10.15893,-0.580775400000001,0.5217989,0.7622189,-0.5554325,0.3891426,-37.01552,10.10416,-34.54695
15.648316383,-8.61047599999998,-1.046791,-0.1531931,0.7590992,-0.5526392,0.3743051,-36.64126,10.10419,-34.5489
15.65822792,-7.43365200000003,-0.3477675,-1.932717,0.7337357,-0.5234172,0.3670518,-36.64126,10.10419,-34.5489
15.668139458,-8.300786,0.1765001,-4.878137,0.6910129,-0.4835574,0.3960418,-36.64126,10.10419,-34.5489
15.678051472,-11.088,0.5260119,-7.88491900000001,0.6765254,-0.4399926,0.4171128,-36.64126,10.10419,-34.5489
15.687963486,-15.17591,1.924059,-10.4008,0.6885858,-0.4374856,0.4040537,-36.64126,10.10419,-34.5489
15.6978755,-20.25483,2.506578,-12.79395,0.6983418,-0.4578631,0.3778992,-37.03007,11.22794,-34.55042
15.710265636,-23.7853,0.759019800000003,-14.14394,0.7592429,-0.4852561,0.3718717,-37.03007,11.22794,-34.55042
15.72017765,-26.26282,0.9920276,-14.26666,0.8081525,-0.518047,0.3822446,-37.03007,11.22794,-34.55042
15.730089664,-27.87321,3.089098,-13.95985,0.8138502,-0.5456186,0.3810479,-37.03007,11.22794,-34.55042
15.740001202,-28.36871,5.360925,-14.51211,0.781839,-0.561497,0.3879604,-37.03007,11.22794,-34.55042
15.749913216,-28.80228,7.51624699999999,-14.94165,0.7538872,-0.5467661,0.39744,-36.64935,10.85521,-34.10149
15.75982523,-29.4836,10.42885,-15.49392,0.7217423,-0.5378361,0.4203643,-36.64935,10.85521,-34.10149
15.769737244,-31.58949,13.10844,-15.8621,0.7154306,-0.518868,0.4469577,-36.64935,10.85521,-34.10149
15.779648781,-35.1819,15.78803,-15.12574,0.7589193,-0.4885819,0.479408,-36.64935,10.85521,-34.10149
15.789560795,-40.63245,18.75887,-14.88029,0.8076703,-0.4621915,0.4959385,-36.64935,10.85521,-34.10149
15.799472332,-47.07401,23.01127,-15.06438,0.8345654,-0.5055076,0.4930004,-36.65581,11.22797,-34.55236
15.809384346,-51.22385,27.43842,-14.32802,0.8238408,-0.5590357,0.4812192,-36.65581,11.22797,-34.55236
15.81929636,-52.15292,31.3413,-13.46894,0.8194802,-0.5698017,0.472545,-36.65581,11.22797,-34.55236
15.829208374,-50.66641,34.77817,-14.32802,0.7875604,-0.5692956,0.4598792,-36.65581,11.22797,-34.55236
15.839120388,-48.62246,36.11796,-15.00302,0.7538084,-0.585335,0.4399179,-36.65581,11.22797,-34.55236
15.849032402,-47.01207,36.58398,-12.30305,0.7783754,-0.6466698,0.4272781,-36.66712,11.97533,-35.00438
15.858944416,-44.65842,38.33154,-9.23490300000001,0.783588,-0.7183874,0.4224307,-36.66712,11.97533,-35.00438
15.86885643,-40.44663,40.1956,-6.96447600000002,0.7716867,-0.7830024,0.4259516,-36.66712,11.97533,-35.00438
15.878768444,-34.31477,41.71015,-4.571322,0.765606,-0.8019627,0.4306831,-36.66712,11.97533,-35.00438
15.888680458,-27.12995,42.75869,-3.957693,0.7490599,-0.7609149,0.4387921,-36.66712,11.97533,-35.00438
15.898591995,-20.50258,42.81694,-3.405427,0.7468367,-0.6930342,0.4445466,-35.17792,12.34665,-35.8485
15.908503532,-16.97211,43.39946,-1.99408,0.7664018,-0.645717,0.4528436,-35.17792,12.34665,-35.8485
15.918415546,-16.66242,45.49653,-0.09183015,0.7903562,-0.6507853,0.4463463,-35.17792,12.34665,-35.8485
15.92832756,-16.16692,49.63242,2.669501,0.7989208,-0.6983548,0.41522,-35.17792,12.34665,-35.8485
15.938239574,-11.45963,52.48676,5.614921,0.7714383,-0.7604531,0.3804891,-35.17792,12.34665,-35.8485
15.948151588,-3.283803,51.84599,7.026268,0.7119377,-0.7845353,0.3674345,-34.44694,13.4671,-36.69103
15.958063126,5.635276,49.22466,7.76262199999999,0.6676691,-0.7549788,0.3766837,-34.44694,13.4671,-36.69103
15.96797514,13.43947,46.42856,8.19216299999999,0.6509424,-0.7137767,0.4150453,-34.44694,13.4671,-36.69103
15.977887154,17.52738,45.03051,8.92851700000003,0.6627333,-0.6523855,0.4446349,-34.44694,13.4671,-36.69103
15.99027729,18.51839,44.50624,9.84896099999999,0.6858177,-0.5944918,0.4270413,-34.44694,13.4671,-36.69103
16.000189304,19.44746,42.52568,10.2785,0.7169484,-0.589555,0.3691673,-33.33361,13.83655,-37.98292
16.010101318,21.80111,38.97231,11.19895,0.7320789,-0.6323062,0.3164053,-33.33361,13.83655,-37.98292
16.020013332,24.95995,35.47719,12.73302,0.7013136,-0.692911,0.2970797,-33.33361,13.83655,-37.98292
16.029924393,29.48143,32.56459,14.02164,0.6568694,-0.7292908,0.3073317,-33.33361,13.83655,-37.98292
16.039836407,35.67523,31.39955,13.16256,0.6029233,-0.7429703,0.3235847,-33.33361,13.83655,-37.98292
16.049748421,42.86005,30.40927,12.24211,0.5764639,-0.7362522,0.3738106,-31.47635,14.20084,-40.56359
16.059660435,47.13377,28.83647,12.30348,0.5717691,-0.6715822,0.4208602,-31.47635,14.20084,-40.56359
16.069572449,46.2047,24.64232,13.83755,0.5846824,-0.5962057,0.4332469,-31.47635,14.20084,-40.56359
16.079484463,40.32059,21.38021,15.18753,0.6071793,-0.5400723,0.4516588,-31.47635,14.20084,-40.56359
16.089396,31.64926,18.46762,16.04661,0.6419351,-0.559617,0.432481,-31.47635,14.20084,-40.56359
16.099308014,24.09282,16.19579,18.19431,0.6353938,-0.6019834,0.4125728,-30.34225,13.07349,-41.46539
16.109220028,19.32359,13.92396,20.40338,0.61345,-0.6663701,0.3907397,-30.34225,13.07349,-41.46539
16.119132042,19.19971,10.95311,21.99882,0.5817349,-0.7181921,0.3844457,-30.34225,13.07349,-41.46539
16.129044056,22.35855,9.26380600000001,23.16471,0.580544,-0.7690381,0.399483,-30.34225,13.07349,-41.46539
16.13895607,26.63227,7.92401099999998,24.63742,0.5849814,-0.7701789,0.4493708,-30.34225,13.07349,-41.46539
16.14886713,29.72918,6.87547600000002,26.78512,0.6019236,-0.7237123,0.486976,-29.58056,11.94819,-41.85129
16.158779144,31.77314,5.302673,29.11691,0.6305242,-0.6820166,0.5114774,-29.58056,11.94819,-41.85129
16.168691158,32.45445,4.137634,32.00097,0.6617968,-0.6655381,0.5285836,-29.58056,11.94819,-41.85129
16.178603172,29.79111,4.661901,35.74411,0.681731,-0.6458338,0.5405345,-29.58056,11.94819,-41.85129
16.188515186,27.37553,5.244421,38.0759,0.6352464,-0.7027699,0.5184978,-29.58056,11.94819,-41.85129
16.1984272,27.0039,4.137634,40.53041,0.6058798,-0.747782,0.510787,-28.84496,12.69378,-42.75691
16.208339214,27.87104,4.312389,42.92357,0.5905002,-0.7449121,0.540238,-28.84496,12.69378,-42.75691
16.218251228,29.23367,4.60365,43.41447,0.5869777,-0.7035435,0.5789589,-28.84496,12.69378,-42.75691
16.228163242,29.1098,5.710437,40.2236,0.6044449,-0.6319345,0.6018418,-28.84496,12.69378,-42.75691
16.23807478,29.85305,5.419177,40.53041,0.6247669,-0.6186181,0.5964608,-28.84496,12.69378,-42.75691
16.247986794,30.84406,5.593933,40.10087,0.635396,-0.6165987,0.5862927,-28.14427,11.57005,-42.75702
16.257898808,30.59631,6.70071999999997,41.26677,0.6267627,-0.6512558,0.5621337,-28.14427,11.57005,-42.75702
16.267810822,30.53437,6.64246800000002,44.08946,0.5921184,-0.6765311,0.5397183,-28.14427,11.57005,-42.75702
16.280200005,33.19771,5.302673,46.60534,0.566759,-0.68901,0.531707,-28.14427,11.57005,-42.75702
16.290112019,37.09981,5.360925,46.29853,0.5647153,-0.6676167,0.5481938,-27.77785,11.94128,-43.5953
16.300024033,41.0019,6.52596399999999,44.82582,0.5716185,-0.6489645,0.5756233,-27.77785,11.94128,-43.5953
16.309936047,44.22268,7.34149200000003,43.47583,0.5753076,-0.6187873,0.5892346,-27.77785,11.94128,-43.5953
16.319848061,45.21369,7.34149200000003,43.16902,0.5855306,-0.6138042,0.5906137,-27.77785,11.94128,-43.5953
16.329760075,44.59431,7.28324000000001,44.64173,0.5795503,-0.6158876,0.5772108,-27.77785,11.94128,-43.5953
16.339672089,43.29361,6.351208,46.72807,0.5661991,-0.6161306,0.5624477,-27.4052,11.93948,-44.04696
16.349584103,41.43547,4.428894,48.20078,0.5582634,-0.6075066,0.5616182,-27.4052,11.93948,-44.04696
16.359496117,39.26764,4.370642,48.20078,0.5618117,-0.6015446,0.5808315,-27.4052,11.93948,-44.04696
16.369407654,37.905,5.652184,46.35989,0.5476698,-0.6021902,0.5838388,-27.4052,11.93948,-44.04696
16.379319668,37.96694,6.81722400000001,45.00991,0.506454,-0.60034,0.5722284,-27.4052,11.93948,-44.04696
16.389231682,38.83407,5.127917,44.33492,0.471661,-0.6086196,0.5552093,-27.03232,11.93794,-44.43437
16.399143696,39.70121,1.632799,45.07127,0.4742233,-0.6168206,0.5570516,-27.03232,11.93794,-44.43437
16.409055233,39.76315,-0.8720351,46.05307,0.5034981,-0.6328229,0.5797219,-27.03232,11.93794,-44.43437
16.418967247,39.76315,-0.813783199999999,46.42125,0.5311869,-0.6371983,0.6044049,-27.03232,11.93794,-44.43437
16.428878784,39.32958,-0.639027300000002,46.72807,0.543791,-0.6244128,0.6086949,-27.03232,11.93794,-44.43437
16.438790798,37.59531,-0.3477675,47.95533,0.5460202,-0.6059578,0.6092775,-26.27732,11.18515,-45.33538
16.448702812,34.93198,-0.1730116,48.38486,0.5149208,-0.5918628,0.5971748,-26.27732,11.18515,-45.33538
16.458614826,32.70221,-1.629311,47.64851,0.4799938,-0.5885049,0.5807147,-26.27732,11.18515,-45.33538
16.46852684,32.08282,-3.37687,46.54398,0.4592821,-0.6051903,0.5918387,-26.27732,11.18515,-45.33538
16.478438854,32.82608,-4.075893,45.74626,0.4341586,-0.6180342,0.6063902,-26.27732,11.18515,-45.33538
16.488350868,34.74616,-4.774917,45.13263,0.4341291,-0.633411,0.6331769,-25.53019,11.18364,-45.72474
16.498262882,36.85205,-4.833169,44.88718,0.4568786,-0.6422638,0.6477924,-25.53019,11.18364,-45.72474
16.508174896,37.65725,-4.600161,46.11444,0.491693,-0.6403145,0.6594874,-25.53019,11.18364,-45.72474
16.51808691,36.54237,-4.541909,47.8326,0.5036772,-0.625652,0.6532322,-25.53019,11.18364,-45.72474
16.527998448,33.07383,-5.47394,49.24395,0.5022819,-0.6063693,0.6351275,-25.53019,11.18364,-45.72474
16.537910462,27.93297,-6.46422299999998,50.71666,0.4899219,-0.5978127,0.6319378,-25.51564,10.05985,-45.72128
16.547821999,23.10181,-7.33800299999997,51.20756,0.4887656,-0.6147426,0.6423991,-25.51564,10.05985,-45.72128
16.560211658,18.27064,-5.88170400000003,51.51437,0.4977293,-0.6313727,0.68638,-25.51564,10.05985,-45.72128
16.570123672,15.29761,-3.493374,50.4712,0.469067,-0.6233443,0.7140676,-25.51564,10.05985,-45.72128
16.580035686,13.56335,-2.386586,49.12122,0.4162924,-0.5969195,0.7008071,-25.51564,10.05985,-45.72128
16.5899477,12.44846,-3.551625,47.09624,0.3775221,-0.5562623,0.6870318,-25.89314,10.43625,-45.27077
16.599859714,9.90900100000002,-6.52247499999999,44.64173,0.3613571,-0.5313621,0.6657401,-25.89314,10.43625,-45.27077
16.609771728,6.502409,-9.26031799999999,43.16902,0.3834121,-0.5403278,0.6601946,-25.89314,10.43625,-45.27077
16.619683742,2.66225,-10.60011,43.41447,0.429494,-0.5799295,0.672949,-25.89314,10.43625,-45.27077
16.629595756,-0.06302445,-10.19235,44.88718,0.4844062,-0.6281864,0.6783618,-25.89314,10.43625,-45.27077
16.63950777,0.866046300000002,-8.03702600000001,45.86899,0.5098846,-0.6666169,0.6860328,-24.40118,10.8107,-45.34396
16.649419784,5.75915199999997,-7.51275900000002,44.88718,0.4819936,-0.6742935,0.6751959,-24.40118,10.8107,-45.34396
16.659331322,13.62528,-8.73605099999999,42.98493,0.4290495,-0.6750258,0.661276,-24.40118,10.8107,-45.34396
16.669243336,21.55335,-11.47389,42.49403,0.3811734,-0.6646328,0.6300975,-24.40118,10.8107,-45.34396
16.679154873,26.5084,-14.26999,43.65992,0.3533419,-0.6305754,0.6262604,-24.40118,10.8107,-45.34396
16.689066887,27.25166,-17.6486,45.37808,0.3563014,-0.6161395,0.5979999,-24.40603,11.1853,-45.34512
16.698978901,24.21669,-20.5612,47.03488,0.4104798,-0.6269689,0.6233552,-24.40603,11.1853,-45.34512
16.708890915,18.82808,-21.14372,49.12122,0.4828337,-0.6185037,0.6794011,-24.40603,11.1853,-45.34512
16.718802452,14.67823,-19.1049,48.75304,0.504416,-0.5908818,0.7182783,-24.40603,11.1853,-45.34512
16.728714466,14.98792,-15.31852,44.76445,0.463412,-0.5294179,0.7017813,-24.40603,11.1853,-45.34512
16.73862648,19.88103,-13.1632,39.79406,0.3690263,-0.5047633,0.6341559,-24.41088,11.55989,-45.34627
16.748538494,27.43747,-16.0758,36.4191,0.2796842,-0.5319141,0.5685394,-24.41088,11.55989,-45.34627
16.758450508,34.56035,-20.6777,35.80547,0.2893428,-0.6128213,0.5573476,-24.41088,11.55989,-45.34627
16.768362522,39.94896,-26.09513,39.85542,0.3256793,-0.6993572,0.5185026,-24.41088,11.55989,-45.34627
16.778274536,43.54137,-33.37663,45.00991,0.3497975,-0.7136085,0.5172243,-24.41088,11.55989,-45.34627
16.78818655,47.13377,-39.02707,48.3235,0.3646658,-0.6667401,0.5438077,-24.78353,11.56169,-44.89461
16.798098564,50.16874,-39.8426,48.3235,0.3918842,-0.5962382,0.6102875,-24.78353,11.56169,-44.89461
16.808010578,48.8061,-38.15329,45.74626,0.4090675,-0.4947725,0.68811,-24.78353,11.56169,-44.89461
16.817921638,42.24067,-35.24069,40.77586,0.4188782,-0.4012232,0.7529837,-24.78353,11.56169,-44.89461
16.827833652,33.19771,-33.43488,35.80547,0.4249818,-0.3681045,0.7670725,-24.78353,11.56169,-44.89461
16.840223789,21.92498,-32.03683,31.01916,0.4069122,-0.3863685,0.7479116,-25.53044,11.56346,-44.44101
16.850135326,13.68722,-32.38634,28.44192,0.3726489,-0.4724213,0.6914767,-25.53044,11.56346,-44.44101
16.86004734,9.22768300000001,-37.45427,28.50328,0.3411588,-0.569492,0.6541491,-25.53044,11.56346,-44.44101
16.869959354,10.7142,-42.7552,27.95102,0.3385472,-0.621308,0.6725541,-25.53044,11.56346,-44.44101
16.879871368,17.15575,-45.95905,26.41694,0.3762505,-0.623975,0.7221242,-25.53044,11.56346,-44.44101
16.889783382,25.2077,-45.14352,23.28744,0.4378943,-0.5846488,0.7712724,-26.26466,10.81944,-43.14991
16.899695396,29.85305,-40.59987,19.91248,0.4698938,-0.5302399,0.8083111,-26.26466,10.81944,-43.14991
16.90960741,27.62328,-34.77468,17.70341,0.4539753,-0.4639962,0.8117806,-26.26466,10.81944,-43.14991
16.919519424,20.12878,-31.22131,15.55571,0.3951283,-0.4087316,0.7646771,-26.26466,10.81944,-43.14991
16.929431438,12.38652,-30.11452,12.91711,0.356001,-0.4187434,0.7044724,-26.26466,10.81944,-43.14991
16.939343452,6.19271900000002,-32.4446,9.97168700000001,0.3424752,-0.4961417,0.6776731,-28.44623,10.8211,-42.68884
16.94925499,3.343568,-35.70671,8.25352600000003,0.3748103,-0.5681391,0.6471246,-28.44623,10.8211,-42.68884
16.959166527,4.024887,-37.45427,7.63989600000002,0.4283102,-0.6085811,0.6670072,-28.44623,10.8211,-42.68884
16.969078541,4.768144,-36.75524,7.76262199999999,0.4853433,-0.5925857,0.7160426,-28.44623,10.8211,-42.68884
16.978990555,4.396515,-34.65817,7.148993,0.4749278,-0.5566933,0.7437471,-28.44623,10.8211,-42.68884
16.988902569,3.839073,-31.04655,6.10582399999999,0.4480544,-0.553357,0.7973154,-28.81936,11.20246,-41.01769
16.998814106,5.387524,-26.5029,3.958122,0.4326881,-0.5892562,0.8303493,-28.81936,11.20246,-41.01769
17.00872612,9.84706299999998,-21.08547,2.853589,0.4150442,-0.6419328,0.8123957,-28.81936,11.20246,-41.01769
17.018638134,16.96994,-18.58063,3.405856,0.3805385,-0.6712868,0.751059,-28.81936,11.20246,-41.01769
17.028550148,24.46444,-18.75539,4.878565,0.3815775,-0.6812472,0.6976855,-28.81936,11.20246,-41.01769
17.038462162,30.59631,-20.96896,5.001291,0.4028279,-0.6496562,0.6612073,-29.56303,10.8278,-41.01265
17.048374176,33.38353,-22.42526,5.062654,0.4398559,-0.5919474,0.6679716,-29.56303,10.8278,-41.01265
17.05828619,31.09181,-22.07575,4.694477,0.4872354,-0.5111398,0.7098455,-29.56303,10.8278,-41.01265
17.068198204,24.40251,-18.69714,3.958122,0.5003659,-0.4312598,0.7486689,-29.56303,10.8278,-41.01265
17.078110218,14.24467,-14.15348,3.160404,0.468423,-0.3941802,0.7765803,-29.56303,10.8278,-41.01265
17.088022232,4.086825,-10.1341,1.933146,0.4377715,-0.4052181,0.7787109,-30.6745,10.08035,-40.55479
17.097933292,-3.159927,-6.988491,-0.2759189,0.4424844,-0.4657278,0.7859467,-30.6745,10.08035,-40.55479
17.107845306,-5.947139,-2.79435,-1.625903,0.4635946,-0.5080989,0.7921914,-30.6745,10.08035,-40.55479
17.120235443,-5.389697,3.030846,-2.239532,0.494361,-0.5377286,0.8013127,-30.6745,10.08035,-40.55479
17.13014698,-3.345741,7.45799500000003,-3.405427,0.5142483,-0.5351219,0.788662,-30.6745,10.08035,-40.55479
17.140058994,0.2466658,11.53563,-5.246314,0.5110234,-0.5177491,0.7806449,-31.04253,9.707297,-40.16622
17.149971008,3.343568,14.50648,-7.51674200000002,0.5121045,-0.489151,0.776504,-31.04253,9.707297,-40.16622
17.159883022,3.777135,16.19579,-9.97125800000001,0.4943143,-0.4733715,0.7767737,-31.04253,9.707297,-40.16622
17.169795036,0.927984400000002,17.24433,-11.3826,0.4587462,-0.467172,0.7488145,-31.04253,9.707297,-40.16622
17.17970705,-3.283803,17.24433,-12.42577,0.4334838,-0.4583852,0.7274997,-31.04253,9.707297,-40.16622
17.189619064,-7.86721900000001,17.47733,-13.46894,0.4447539,-0.4538417,0.7351081,-31.41331,9.331103,-40.54859
17.199531078,-12.51257,18.17636,-15.12574,0.464938,-0.4554707,0.7464345,-31.41331,9.331103,-40.54859
17.209443092,-16.60048,19.63266,-16.16891,0.4949817,-0.4618135,0.7600389,-31.41331,9.331103,-40.54859
17.219355106,-20.25483,22.25399,-17.02799,0.5093961,-0.4868798,0.7534966,-31.41331,9.331103,-40.54859
17.229266644,-22.42266,24.0598,-16.96663,0.4772113,-0.5096778,0.7353963,-31.41331,9.331103,-40.54859
17.239178658,-23.04204,24.29281,-17.33481,0.4326483,-0.5327092,0.7020439,-30.67286,9.702098,-41.45306
17.249090195,-21.36971,23.06952,-18.5007,0.4120321,-0.5647153,0.6568865,-30.67286,9.702098,-41.45306
17.259002209,-17.52956,20.9142,-18.86888,0.4139057,-0.610339,0.6431208,-30.67286,9.702098,-41.45306
17.268914223,-13.6894,18.29286,-18.5007,0.4133594,-0.6345169,0.6568894,-30.67286,9.702098,-41.45306
17.278826237,-11.02606,15.72977,-16.59845,0.437775,-0.639833,0.6950409,-30.28891,8.952937,-41.4527
17.288737774,-10.71637,16.6618,-14.08257,0.4668554,-0.6139852,0.7477615,-30.28891,8.952937,-41.4527
17.298649788,-12.26482,19.86566,-12.60986,0.4778699,-0.5768917,0.7685535,-30.28891,8.952937,-41.4527
17.308561802,-14.86622,23.24428,-12.24169,0.4701754,-0.566927,0.7451633,-30.28891,8.952937,-41.4527
17.318473816,-16.47661,25.16659,-12.48714,0.443561,-0.5859039,0.702549,-30.28891,8.952937,-41.4527
17.32838583,-15.05203,24.29281,-12.85531,0.4098234,-0.6258382,0.6560196,-29.54662,9.326024,-41.84321
17.338297844,-10.65443,20.62294,-12.0576,0.377209,-0.6622701,0.6277491,-29.54662,9.326024,-41.84321
17.348209858,-4.212874,15.67152,-10.76898,0.3889787,-0.6635686,0.6295523,-29.54662,9.326024,-41.84321
17.358121872,1.485427,12.75892,-9.72580600000002,0.4317823,-0.6358297,0.6399047,-29.54662,9.326024,-41.84321
17.368033886,3.839073,11.59388,-8.74399900000002,0.4658476,-0.5988999,0.6672047,-29.54662,9.326024,-41.84321
17.3779459,4.024887,12.23466,-8.31446000000002,0.4831377,-0.5951792,0.6886767,-29.18528,10.07158,-42.74689
17.387857437,3.529382,13.98221,-6.84175,0.4870205,-0.6139213,0.7115635,-29.18528,10.07158,-42.74689
17.400247097,3.839073,15.96278,-4.632685,0.4587043,-0.616205,0.7132507,-29.18528,10.07158,-42.74689
17.410159111,5.449462,16.60355,-4.632685,0.4139144,-0.6037447,0.6993432,-29.18528,10.07158,-42.74689
17.420070648,8.17473599999999,15.26376,-4.9395,0.3666229,-0.5840275,0.688388,-29.18528,10.07158,-42.74689
17.429982662,10.83807,11.76864,-5.73721700000003,0.3482086,-0.5693,0.6742517,-28.11518,9.322479,-42.7501
17.439894676,11.58133,6.93372799999998,-6.47357199999998,0.3690084,-0.5472028,0.6780479,-28.11518,9.322479,-42.7501
17.44980669,9.90900100000002,3.846374,-6.596298,0.414982,-0.5310116,0.6978973,-28.11518,9.322479,-42.7501
17.459718704,6.997913,2.797838,-7.148564,0.4560575,-0.512447,0.7197284,-28.11518,9.322479,-42.7501
17.469630718,4.396515,3.846374,-8.31446000000002,0.464565,-0.5073634,0.7446517,-28.11518,9.322479,-42.7501
17.479542732,3.343568,5.710437,-10.15535,0.4465776,-0.508999,0.7529699,-27.73906,8.944514,-43.58607
17.489454746,4.086825,7.74925499999999,-12.79395,0.413911,-0.5196044,0.7498402,-27.73906,8.944514,-43.58607
17.49936676,5.387524,8.564782,-14.63484,0.3977671,-0.5510303,0.7123278,-27.73906,8.944514,-43.58607
17.509278774,8.42248799999999,7.16673599999998,-13.7144,0.382292,-0.5950394,0.6776063,-27.73906,8.944514,-43.58607
17.519190312,11.95296,4.370642,-11.07579,0.3784132,-0.6126323,0.6602393,-27.73906,8.944514,-43.58607
17.529102326,13.99691,2.215319,-8.68263700000001,0.39123,-0.5982727,0.6871053,-27.35834,8.571779,-43.13715
17.53901434,14.18273,1.574547,-8.00764499999998,0.4268001,-0.5447195,0.7375497,-27.35834,8.571779,-43.13715
17.548925877,11.82908,4.312389,-10.15535,0.4645514,-0.4993172,0.8004038,-27.35834,8.571779,-43.13715
17.558837891,8.23667399999998,8.62303400000002,-13.7144,0.4690984,-0.4545561,0.8193861,-27.35834,8.571779,-43.13715
17.568749905,3.219692,11.71039,-17.02799,0.4385894,-0.4530852,0.8023924,-27.35834,8.571779,-43.13715
17.578661442,-1.735352,12.0599,-18.0098,0.3879379,-0.4753295,0.7484547,-26.9663,7.071598,-43.58419
17.588573456,-4.956131,9.61331700000002,-17.15072,0.354077,-0.5148402,0.6904055,-26.9663,7.071598,-43.58419
17.59848547,-6.07101500000003,5.76868899999999,-16.04619,0.3697809,-0.5394926,0.6670485,-26.9663,7.071598,-43.58419
17.608397484,-6.194891,2.972594,-15.61665,0.426998,-0.5624259,0.6884538,-26.9663,7.071598,-43.58419
17.618309498,-6.62845799999998,3.72987,-15.55528,0.4779629,-0.5614819,0.7480085,-26.9663,7.071598,-43.58419
17.628221512,-6.93814800000003,6.99197999999999,-17.08936,0.4910254,-0.552848,0.7921198,-27.3551,8.195354,-43.58571
17.638133526,-6.814272,10.89486,-18.07116,0.4745523,-0.5510262,0.8090898,-27.3551,8.195354,-43.58571
17.64804554,-6.194891,13.28319,-18.13253,0.4381097,-0.5477119,0.7878419,-27.3551,8.195354,-43.58571
17.657957554,-5.699387,14.56473,-17.88707,0.3919705,-0.5383838,0.7340727,-27.3551,8.195354,-43.58571
17.667869568,-5.141944,12.87543,-17.70299,0.3521586,-0.5270404,0.6797785,-27.3551,8.195354,-43.58571
17.677781105,-4.770316,8.33177500000003,-16.78254,0.3749923,-0.5317073,0.6598498,-26.96305,6.695172,-44.03275
17.690171242,-6.44264400000003,4.720153,-16.53709,0.4469976,-0.5068381,0.7011233,-26.96305,6.695172,-44.03275
17.700083256,-10.34474,6.40946000000002,-16.78254,0.490842,-0.4861231,0.7570344,-26.96305,6.695172,-44.03275
17.709994316,-15.11397,10.31234,-17.70299,0.4743358,-0.5030944,0.7964469,-26.96305,6.695172,-44.03275
17.71990633,-18.14894,13.45795,-18.37798,0.443822,-0.5277192,0.7960849,-26.96305,6.695172,-44.03275
17.729818344,-18.89219,15.089,-18.99161,0.4133433,-0.5428178,0.7626551,-27.34354,7.06817,-44.41743
17.739730358,-18.087,15.43851,-19.11433,0.3868816,-0.5307441,0.7236072,-27.34354,7.06817,-44.41743
17.749642372,-16.84824,14.15697,-20.21886,0.3680483,-0.4933077,0.6952214,-27.34354,7.06817,-44.41743
17.759554386,-15.9811,11.65214,-22.18248,0.3888091,-0.4819626,0.6826208,-27.34354,7.06817,-44.41743
17.7694664,-17.65343,10.13759,-23.04156,0.4424909,-0.4545138,0.7043945,-27.34354,7.06817,-44.41743
17.779378414,-21.86522,10.72011,-24.20745,0.4933616,-0.4716677,0.7335795,-26.96604,6.691774,-44.86793
17.789290428,-24.96212,12.99193,-24.14609,0.5051278,-0.5446665,0.7464288,-26.96604,6.691774,-44.86793
17.799202442,-24.03305,15.03075,-23.22565,0.4861701,-0.6085014,0.7303337,-26.96604,6.691774,-44.86793
17.809113979,-20.37871,15.67152,-22.36657,0.4588957,-0.6297639,0.7160395,-26.96604,6.691774,-44.86793
17.819025993,-14.86622,16.13754,-21.75294,0.4335853,-0.62149,0.6894399,-26.96604,6.691774,-44.86793
17.828938007,-9.16791799999997,16.25404,-21.38476,0.4037005,-0.5928738,0.6697403,-26.60148,7.440995,-44.87218
17.838850021,-6.00907800000001,11.65214,-20.52568,0.3689546,-0.5372353,0.6368212,-26.60148,7.440995,-44.87218
17.848762035,-6.814272,6.17645200000001,-21.07795,0.390744,-0.4607339,0.6577761,-26.60148,7.440995,-44.87218
17.858674049,-11.95513,5.593933,-22.9802,0.4639625,-0.433291,0.7249841,-26.60148,7.440995,-44.87218
17.86858511,-20.06902,9.55506599999997,-23.4711,0.5114388,-0.4809564,0.7688822,-26.60148,7.440995,-44.87218
17.878497124,-26.44864,13.45795,-21.8143,0.4949422,-0.5693818,0.7732472,-26.60932,7.812191,-45.70852
17.888409138,-28.05902,14.68124,-20.64841,0.4546891,-0.6282546,0.7367353,-26.60932,7.812191,-45.70852
17.898321152,-25.70538,14.56473,-21.3234,0.4179042,-0.6119478,0.697331,-26.60932,7.812191,-45.70852
17.908233166,-23.04204,12.87543,-22.85747,0.3842994,-0.5625535,0.6730026,-26.60932,7.812191,-45.70852
17.91814518,-21.36971,9.38030999999998,-25.25062,0.3688725,-0.4977657,0.6750174,-26.60932,7.812191,-45.70852
17.928057194,-22.17491,7.51624699999999,-28.13468,0.4120695,-0.4447046,0.7057015,-25.48516,7.81385,-45.32889
17.937969208,-25.45763,9.38030999999998,-30.46647,0.4722731,-0.453915,0.7482976,-25.48516,7.81385,-45.32889
17.947881222,-29.29778,12.87543,-30.71192,0.4940557,-0.500087,0.7679552,-25.48516,7.81385,-45.32889
17.957792759,-31.09399,15.61327,-30.40511,0.4887487,-0.5593811,0.7532045,-25.48516,7.81385,-45.32889
17.970182896,-30.53655,16.37054,-29.97557,0.4561125,-0.5972877,0.7210832,-25.48516,7.81385,-45.32889
17.98009491,-28.05902,15.38026,-30.65056,0.433075,-0.5890726,0.6776566,-25.49971,8.937636,-45.33235
17.990006924,-25.82925,12.87543,-31.75509,0.4113793,-0.5501725,0.6579497,-25.49971,8.937636,-45.33235
17.999918938,-25.02406,11.24437,-33.04371,0.4238034,-0.514066,0.672,-25.49971,8.937636,-45.33235
18.009830952,-25.89119,11.82689,-34.57779,0.4570251,-0.4834202,0.7050278,-25.49971,8.937636,-45.33235
18.019742966,-28.80228,14.44823,-35.80504,0.4808983,-0.4970629,0.7282439,-25.49971,8.937636,-45.33235
18.029654026,-31.40368,16.25404,-36.90958,0.4752462,-0.5258048,0.7156206,-25.49001,8.188446,-45.33004
18.03956604,-32.5805,16.02103,-37.5232,0.4532296,-0.5431604,0.6941015,-25.49001,8.188446,-45.33004
18.049478054,-32.89019,14.56473,-37.83002,0.442907,-0.5525857,0.6778087,-25.49001,8.188446,-45.33004
18.059390068,-33.19988,13.05018,-38.44365,0.4690666,-0.5735972,0.6769467,-25.49001,8.188446,-45.33004
18.069302082,-33.63345,12.70067,-38.50501,0.488562,-0.5965515,0.6914984,-25.49001,8.188446,-45.33004
18.079214096,-33.44763,13.6327,-38.93455,0.4954955,-0.615196,0.7258815,-25.12198,8.561502,-45.71861
18.089125633,-32.82825,15.90453,-40.22317,0.4843575,-0.6089391,0.7437919,-25.12198,8.561502,-45.71861
18.099037647,-32.20887,18.0016,-41.45043,0.4553208,-0.597203,0.7393371,-25.12198,8.561502,-45.71861
18.108949661,-32.14693,18.93363,-42.24815,0.4405659,-0.5969437,0.7313126,-25.12198,8.561502,-45.71861
18.118861675,-32.82825,19.86566,-42.24815,0.4272931,-0.5917801,0.7305095,-25.12198,8.561502,-45.71861
18.128773689,-34.19089,21.67147,-42.24815,0.4255843,-0.5933877,0.7050661,-24.75418,8.934298,-46.17142
18.138685703,-36.23484,22.02098,-42.55496,0.4193502,-0.6007207,0.7084361,-24.75418,8.934298,-46.17142
18.148597717,-38.7743,21.61322,-43.29132,0.4048928,-0.6237212,0.7021744,-24.75418,8.934298,-46.17142
18.158509731,-40.50857,20.85595,-44.76403,0.3955602,-0.6131279,0.710494,-24.75418,8.934298,-46.17142
18.168421745,-41.31377,21.14721,-47.03445,0.4041995,-0.600419,0.7095385,-24.75418,8.934298,-46.17142
18.178333759,-41.62346,22.31225,-48.38444,0.443078,-0.5863947,0.7025502,-24.77034,10.05625,-46.6246
18.188245297,-43.66741,24.11806,-48.38444,0.4893216,-0.5898235,0.6780918,-24.77034,10.05625,-46.6246
18.198156834,-48.74633,23.71029,-45.56174,0.5297366,-0.6374475,0.6533928,-24.77034,10.05625,-46.6246
18.208068848,-55.06401,24.0598,-38.56637,0.5582125,-0.7155598,0.6684543,-24.77034,10.05625,-46.6246
18.217980862,-59.1519199999998,26.62289,-33.53461,0.5385439,-0.7753654,0.6831226,-24.77034,10.05625,-46.6246
18.227892876,-57.29378,29.36073,-31.75509,0.4745181,-0.7951774,0.662936,-24.02182,10.05631,-46.62849
18.23780489,-49.55153,29.12773,-32.98235,0.3805645,-0.7476193,0.616586,-24.02182,10.05631,-46.62849
18.25019455,-36.1729,26.33163,-37.0323,0.3056035,-0.6184078,0.5629219,-24.02182,10.05631,-46.62849
18.260106564,-29.05003,22.487,-39.54818,0.3265787,-0.5174521,0.5331505,-24.02182,10.05631,-46.62849
18.270018578,-30.59848,17.8851,-39.36409,0.4202451,-0.4978513,0.5348156,-24.04259,11.55313,-47.01858
18.279930592,-40.32276,15.20551,-34.3937,0.5663749,-0.6023806,0.5956686,-24.04259,11.55313,-47.01858
18.289842606,-52.2768,18.75887,-24.88245,0.6939291,-0.7520091,0.6996071,-24.04259,11.55313,-47.01858
18.29975462,-58.7802999999998,27.08891,-16.23028,0.7007413,-0.8763134,0.74145,-24.04259,11.55313,-47.01858
18.309666634,-56.05502,32.7976,-11.81215,0.5665435,-0.9078631,0.6834215,-24.04259,11.55313,-47.01858
18.319578171,-46.39268,30.64228,-11.56669,0.3750796,-0.8589528,0.5712404,-22.92467,11.92781,-47.02557
18.329490185,-35.55353,22.25399,-12.5485,0.2686146,-0.763653,0.5051576,-22.92467,11.92781,-47.02557
18.339402199,-28.1829,13.6327,-14.08257,0.2769758,-0.6747517,0.5186368,-22.92467,11.92781,-47.02557
18.349314213,-27.06802,9.90457699999998,-14.6962,0.3753569,-0.6237128,0.5876898,-22.92467,11.92781,-47.02557
18.359226227,-31.58949,12.40941,-12.11896,0.507251,-0.609433,0.6869183,-22.92467,11.92781,-47.02557
18.369138241,-39.084,19.34139,-8.80536299999997,0.5902238,-0.6696767,0.7443289,-22.19555,13.42625,-47.03408
18.379049301,-43.4816,26.79765,-4.325871,0.6495385,-0.782259,0.7699192,-22.19555,13.42625,-47.03408
18.388961315,-41.49958,32.33158,0.2763473,0.625442,-0.843358,0.7327628,-22.19555,13.42625,-47.03408
18.398873329,-32.14693,30.99179,1.933146,0.4670442,-0.8333906,0.6046514,-22.19555,13.42625,-47.03408
18.408785343,-17.59149,23.8268,1.012702,0.2847334,-0.7854109,0.4779747,-22.19555,13.42625,-47.03408
18.418697357,-3.655432,15.20551,-1.319088,0.2305341,-0.728987,0.4562844,-21.83931,14.92623,-46.65517
18.428609371,2.724188,9.08905000000002,-2.239532,0.3127093,-0.6996502,0.4931722,-21.83931,14.92623,-46.65517
18.438521385,0.3705419,7.86575900000002,-1.012274,0.4223855,-0.6577132,0.5562983,-21.83931,14.92623,-46.65517
18.448433399,-6.25683000000001,10.54535,0.828613499999998,0.4927513,-0.6234356,0.6394235,-21.83931,14.92623,-46.65517
18.458345413,-12.94614,15.38026,2.792227,0.5260745,-0.6154155,0.7035099,-21.83931,14.92623,-46.65517
18.468257427,-17.15793,19.5744,2.792227,0.5097246,-0.6193831,0.725722,-21.10348,15.67208,-47.49655
18.478168964,-17.59149,21.90448,1.258154,0.5075102,-0.6278347,0.6906346,-21.10348,15.67208,-47.49655
18.488080979,-14.06102,22.42875,-1.441814,0.4646431,-0.6563428,0.6255395,-21.10348,15.67208,-47.49655
18.497992993,-8.053034,19.69091,-4.203145,0.390918,-0.6955083,0.5428931,-21.10348,15.67208,-47.49655
18.507905007,-1.79729,14.9725,-5.123589,0.3572173,-0.7207893,0.5171078,-21.10348,15.67208,-47.49655
18.517817021,3.653259,9.67157,-3.282701,0.3915626,-0.7771243,0.5101728,-19.97585,15.29758,-47.50124
18.530207157,11.33358,5.302673,-0.3986447,0.4674762,-0.7722079,0.5277495,-19.97585,15.29758,-47.50124
18.540119171,20.56235,6.05994799999998,-0.4600076,0.5056323,-0.7424529,0.5640869,-19.97585,15.29758,-47.50124
18.550030708,30.28662,8.04051500000001,-1.809992,0.494257,-0.6794946,0.5775759,-19.97585,15.29758,-47.50124
18.559942245,36.79012,9.03079800000001,-3.589516,0.4534326,-0.6091568,0.5889854,-19.97585,15.29758,-47.50124
18.569854259,39.26764,8.04051500000001,-4.571322,0.4060952,-0.5570288,0.5638419,-20.36627,16.41951,-47.95247
18.579766273,38.83407,5.127917,-4.571322,0.3826525,-0.5409715,0.537757,-20.36627,16.41951,-47.95247
18.589678287,37.47144,1.865807,-4.755411,0.3891654,-0.5627617,0.5274682,-20.36627,16.41951,-47.95247
18.599590301,35.17973,-2.095326,-4.141782,0.4361521,-0.605316,0.5296312,-20.36627,16.41951,-47.95247
18.609501839,32.82608,-5.240932,-3.282701,0.4807937,-0.6512638,0.5375551,-20.36627,16.41951,-47.95247
18.619413853,29.66724,-7.27975100000002,-1.503177,0.4603198,-0.6592934,0.5343298,-19.60458,15.29421,-48.33836
18.629325867,27.18972,-9.31857,-0.3986447,0.4027589,-0.6353151,0.5282996,-19.60458,15.29421,-48.33836
18.639237881,23.96894,-12.75544,-0.705459200000001,0.3611405,-0.6009915,0.5154688,-19.60458,15.29421,-48.33836
18.649149895,21.05785,-16.60007,-2.116806,0.3549757,-0.5773171,0.5142431,-19.60458,15.29421,-48.33836
18.659061909,17.52738,-20.32819,-3.03725,0.3770623,-0.5687055,0.5323422,-19.60458,15.29421,-48.33836
18.668973923,13.68722,-22.77477,-3.712242,0.4438334,-0.5679705,0.6071144,-19.5868,13.794,-48.78346
18.678885937,10.03288,-24.87184,-5.430403,0.5027365,-0.5802879,0.6146502,-19.5868,13.794,-48.78346
18.688797951,6.254657,-22.48351,-3.46679,0.518609,-0.6448438,0.6563274,-19.5868,13.794,-48.78346
18.698709488,4.024887,-20.44469,0.0922585699999997,0.4924259,-0.7187092,0.6868076,-19.5868,13.794,-48.78346
18.708621502,5.697214,-18.34762,3.037678,0.4813133,-0.7497519,0.7111916,-19.5868,13.794,-48.78346
18.718533516,10.77613,-16.48356,3.467218,0.4615027,-0.7045226,0.6919896,-20.31293,12.29896,-47.93977
18.72844553,15.54536,-16.30881,2.301323,0.4399001,-0.6341151,0.6705712,-20.31293,12.29896,-47.93977
18.738357067,16.04087,-17.35734,0.583161800000002,0.4282937,-0.5707892,0.6619774,-20.31293,12.29896,-47.93977
18.748269081,12.26265,-19.27966,0.460436,0.4605311,-0.5399194,0.647,-20.31293,12.29896,-47.93977
18.758180618,6.31659499999999,-19.62917,1.38088,0.5122598,-0.5585869,0.6627226,-20.31293,12.29896,-47.93977
18.768092632,1.175737,-17.82336,2.730864,0.5602906,-0.6132897,0.6571124,-20.69204,12.67352,-47.93898
18.778004646,-0.8682191,-16.25055,3.958122,0.5608142,-0.6476514,0.6679223,-20.69204,12.67352,-47.93898
18.78791666,-1.363724,-14.79425,5.062654,0.536448,-0.6445003,0.6796924,-20.69204,12.67352,-47.93898
18.797828674,-1.611476,-12.23117,5.246743,0.4801084,-0.6330661,0.6826904,-20.69204,12.67352,-47.93898
18.810218811,-1.79729,-10.54186,4.694477,0.4254531,-0.6100413,0.6727858,-20.69204,12.67352,-47.93898
18.820130825,-1.363724,-10.77487,3.528581,0.4233846,-0.5757386,0.6543072,-21.43085,11.92427,-47.93278
18.830042362,-0.8682191,-11.00788,1.626331,0.4533646,-0.5452896,0.6571139,-21.43085,11.92427,-47.93278
18.839954376,-0.8682191,-11.53214,0.3990731,0.4832325,-0.5492849,0.6563309,-21.43085,11.92427,-47.93278
18.84986639,-2.168918,-11.41564,-0.3986447,0.5133466,-0.5619326,0.6694126,-21.43085,11.92427,-47.93278
18.859778404,-4.708378,-10.30885,-0.828185100000001,0.5321265,-0.5762303,0.6720245,-21.43085,11.92427,-47.93278
18.869690418,-7.062024,-8.73605099999999,-0.889547900000002,0.5191298,-0.5987279,0.6657528,-21.43249,12.30253,-47.03451
18.879602432,-8.548538,-7.51275900000002,-0.950910899999997,0.4873707,-0.613748,0.6505814,-21.43249,12.30253,-47.03451
18.889514446,-8.67241400000003,-7.33800299999997,-0.3986447,0.4633732,-0.6252875,0.6334407,-21.43249,12.30253,-47.03451
18.89942646,-8.053034,-7.68751500000001,-0.3986447,0.4582722,-0.6083856,0.6326402,-21.43249,12.30253,-47.03451
18.909338474,-8.176909,-7.92052300000001,-0.889547900000002,0.4805136,-0.5833563,0.6374028,-21.43249,12.30253,-47.03451
18.919250488,-9.53954700000003,-7.74576700000002,-1.809992,0.4978219,-0.5554841,0.6412697,-22.55526,12.30244,-47.02867
18.929162025,-11.89319,-7.33800299999997,-3.098613,0.5119019,-0.5451146,0.6436093,-22.55526,12.30244,-47.02867
18.939073563,-14.49459,-6.988491,-3.957693,0.5080369,-0.5514808,0.6407217,-22.55526,12.30244,-47.02867
18.948985577,-16.10498,-6.69723099999998,-3.773605,0.4880621,-0.5677916,0.6287939,-22.55526,12.30244,-47.02867
18.958897591,-16.84824,-6.87198700000002,-3.650879,0.4772292,-0.5762584,0.6115519,-22.55526,12.30244,-47.02867
18.968809605,-17.2818,-7.221499,-3.834968,0.4840008,-0.5820647,0.5975261,-22.55388,12.30401,-46.6432
18.978721619,-18.52057,-8.27003499999999,-3.46679,0.490747,-0.5873966,0.5815829,-22.55388,12.30401,-46.6432
18.988633156,-20.44064,-9.43507399999997,-3.46679,0.5104449,-0.5958595,0.5851856,-22.55388,12.30401,-46.6432
18.99854517,-22.17491,-9.95934199999999,-3.46679,0.5372029,-0.5916905,0.5768033,-22.55388,12.30401,-46.6432
19.008457184,-24.46662,-10.48361,-4.141782,0.5573474,-0.6011451,0.5751135,-22.55388,12.30401,-46.6432
19.018369198,-27.87321,-11.24088,-4.755411,0.5545611,-0.5857435,0.5598768,-23.30564,12.68037,-46.19075
19.028281212,-31.2798,-12.87194,-5.73721700000003,0.5365347,-0.5666724,0.5409642,-23.30564,12.68037,-46.19075
19.038193226,-34.50058,-15.55153,-6.16675799999997,0.499772,-0.5410857,0.5145859,-23.30564,12.68037,-46.19075
19.04810524,-37.65942,-17.88161,-7.45537899999998,0.4805251,-0.5360508,0.5032735,-23.30564,12.68037,-46.19075
19.058017254,-40.81826,-20.38644,-9.35762899999997,0.4708948,-0.5314661,0.475544,-23.30564,12.68037,-46.19075
19.067929268,-42.86222,-23.18254,-11.13715,0.4775547,-0.5378184,0.4499917,-23.69955,14.55855,-44.90968
19.077841282,-43.85323,-26.38639,-12.48714,0.4929683,-0.5484756,0.4147266,-23.69955,14.55855,-44.90968
19.090230942,-45.40168,-32.38634,-14.2053,0.5036815,-0.557632,0.3996816,-23.69955,14.55855,-44.90968
19.100142956,-47.63145,-37.45427,-15.61665,0.5121635,-0.5574396,0.41641,-23.69955,14.55855,-44.90968
19.11005497,-49.86122,-41.00764,-17.02799,0.5197648,-0.5459893,0.4557889,-24.45478,15.31108,-44.07291
19.119966984,-52.2768,-41.47365,-19.97341,0.5030271,-0.51211,0.4844988,-24.45478,15.31108,-44.07291
19.129878998,-54.56851,-40.71638,-23.962,0.4890741,-0.5041252,0.4683557,-24.45478,15.31108,-44.07291
19.139790058,-56.98409,-41.24064,-27.09151,0.507423,-0.5079154,0.4412718,-24.45478,15.31108,-44.07291
19.149702072,-59.5854900000002,-43.51247,-29.48466,0.5382367,-0.5633742,0.4247722,-24.45478,15.31108,-44.07291
19.159614086,-61.3816900000001,-46.89108,-29.11649,0.5995129,-0.6717871,0.4081182,-25.21164,16.44186,-42.33788
19.1695261,-60.2668099999998,-50.09494,-27.45969,0.6509866,-0.7298513,0.4005331,-25.21164,16.44186,-42.33788
19.179438114,-55.93114,-50.61921,-27.45969,0.6671488,-0.7264602,0.4546641,-25.21164,16.44186,-42.33788
19.189350128,-51.22385,-48.46389,-28.87103,0.6628405,-0.6854916,0.5116355,-25.21164,16.44186,-42.33788
19.199262142,-47.69339,-44.38625,-31.93918,0.6263772,-0.6387735,0.5391728,-25.21164,16.44186,-42.33788
19.209174156,-46.39268,-40.0756,-35.25278,0.6194111,-0.636483,0.5301295,-27.84464,17.94709,-40.59426
19.219085693,-46.82625,-37.80378,-37.40048,0.630433,-0.6569466,0.4842763,-27.84464,17.94709,-40.59426
19.228997707,-45.95912,-38.15329,-39.54818,0.6321857,-0.6960523,0.418698,-27.84464,17.94709,-40.59426
19.238909721,-43.29578,-40.48337,-40.71408,0.6493055,-0.7251031,0.3852152,-27.84464,17.94709,-40.59426
19.248821735,-38.96012,-42.8717,-40.46862,0.6808236,-0.7650822,0.3601693,-27.84464,17.94709,-40.59426
19.258733749,-34.37671,-43.80373,-39.67091,0.7103963,-0.775812,0.3703878,-29.66052,19.07936,-38.46825
19.268645763,-28.30678,-42.8717,-40.3459,0.7404028,-0.7538813,0.4134706,-29.66052,19.07936,-38.46825
19.278557777,-23.97111,-39.66784,-41.26634,0.7452952,-0.7050381,0.4708896,-29.66052,19.07936,-38.46825
19.288469791,-22.36072,-36.58049,-41.32771,0.7258835,-0.6742355,0.4736751,-29.66052,19.07936,-38.46825
19.298381805,-21.43165,-33.9009,-40.89816,0.6946573,-0.6684992,0.4394307,-29.66052,19.07936,-38.46825
19.308293819,-20.06902,-32.73586,-41.20498,0.682399,-0.6994019,0.3999653,-31.52099,18.71141,-36.787
19.318205357,-16.91018,-33.08537,-41.69588,0.6770906,-0.7345547,0.3656889,-31.52099,18.71141,-36.787
19.328117371,-13.62746,-32.79411,-41.26634,0.6726121,-0.747821,0.3425944,-31.52099,18.71141,-36.787
19.338029385,-10.90218,-31.80383,-40.40726,0.659037,-0.7140343,0.345826,-31.52099,18.71141,-36.787
19.347940922,-11.21187,-30.63879,-39.11864,0.6834115,-0.6815712,0.3765469,-31.52099,18.71141,-36.787
19.357852936,-14.6804,-28.42521,-37.0323,0.7305773,-0.6701342,0.4117186,-33.7571,18.34186,-35.48928
19.370242596,-21.43165,-23.18254,-33.65734,0.7865348,-0.6963927,0.4494389,-33.7571,18.34186,-35.48928
19.38015461,-25.76732,-18.28937,-30.34374,0.8024207,-0.7053406,0.4621966,-33.7571,18.34186,-35.48928
19.390066624,-27.19189,-12.58068,-28.56422,0.8121876,-0.6969318,0.4708051,-33.7571,18.34186,-35.48928
19.399978638,-26.69639,-7.10499500000003,-27.82787,0.8028355,-0.6809827,0.483482,-33.7571,18.34186,-35.48928
19.409890652,-25.02406,-2.561342,-27.45969,0.7943266,-0.6665549,0.481256,-34.86558,17.59781,-34.19624
19.419802666,-22.85623,1.924059,-27.45969,0.8023828,-0.6612183,0.4624909,-34.86558,17.59781,-34.19624
19.42971468,-19.51157,7.16673599999998,-26.96878,0.8173114,-0.66066,0.4407494,-34.86558,17.59781,-34.19624
19.439626694,-15.91917,11.12787,-25.92562,0.8301667,-0.6572604,0.4108834,-34.86558,17.59781,-34.19624
19.449538231,-14.12296,13.98221,-24.45291,0.8174847,-0.6469201,0.3784188,-34.86558,17.59781,-34.19624
19.459450245,-14.6804,16.37054,-22.73474,0.8142747,-0.6456372,0.3530086,-34.85912,17.22505,-33.74537
19.469362259,-16.53855,18.93363,-20.1575,0.8013332,-0.6661547,0.3544321,-34.85912,17.22505,-33.74537
19.479274273,-18.83025,22.42875,-17.39617,0.8010465,-0.6955634,0.3873698,-34.85912,17.22505,-33.74537
19.489186287,-21.06002,27.38017,-14.51211,0.7921423,-0.7208448,0.3954464,-34.85912,17.22505,-33.74537
19.499098301,-22.42266,32.33158,-11.75078,0.7789519,-0.731248,0.3844554,-34.85912,17.22505,-33.74537
19.509010315,-21.9891,36.87524,-9.90989499999997,0.7863927,-0.7157394,0.3652836,-35.97219,16.47577,-33.73723
19.518922329,-20.25483,39.55483,-9.29626599999999,0.7809934,-0.7019194,0.3318145,-35.97219,16.47577,-33.73723
19.528834343,-19.94514,39.55483,-8.74399900000002,0.7652473,-0.6629032,0.3202161,-35.97219,16.47577,-33.73723
19.53874588,-22.54654,37.22475,-8.13037100000001,0.7688115,-0.6474253,0.3044411,-35.97219,16.47577,-33.73723
19.548657894,-27.25383,35.65195,-6.96447600000002,0.7798753,-0.6500577,0.33121,-35.97219,16.47577,-33.73723
19.558569908,-31.71337,37.45776,-6.22812100000001,0.7871321,-0.6692702,0.3487808,-35.23312,16.84519,-35.02717
19.568481445,-32.82825,39.96259,-4.203145,0.7880248,-0.7258789,0.3695224,-35.23312,16.84519,-35.02717
19.578393459,-30.53655,43.92373,-2.791798,0.7550529,-0.7402973,0.3798146,-35.23312,16.84519,-35.02717
19.588305473,-24.52855,47.24409,-2.178169,0.7457645,-0.761876,0.3547885,-35.23312,16.84519,-35.02717
19.59821701,-16.41467,48.87514,-0.889547900000002,0.7494735,-0.7692497,0.3263757,-35.23312,16.84519,-35.02717
19.608129024,-6.50458200000001,47.65185,0.767250500000003,0.7385115,-0.7560807,0.2742276,-34.49729,17.59105,-35.86855
19.618041038,2.724188,42.58393,2.117234,0.7243648,-0.7099084,0.2362534,-34.49729,17.59105,-35.86855
19.627953052,8.91799300000002,36.40922,3.589944,0.7305022,-0.6638496,0.2211384,-34.49729,17.59105,-35.86855
19.637865066,10.40451,32.62284,5.430832,0.7410666,-0.6399127,0.2303232,-34.49729,17.59105,-35.86855
19.64777708,9.78512499999999,32.04033,7.701259,0.7252951,-0.6526082,0.2510312,-34.49729,17.59105,-35.86855
19.660167217,9.90900100000002,32.7976,9.787598,0.702136,-0.6910285,0.2841204,-32.26119,17.96059,-37.16627
19.670078754,11.51939,31.98207,10.70804,0.6863121,-0.7332591,0.3127949,-32.26119,17.96059,-37.16627
19.679990768,14.98792,30.58403,11.13758,0.6852755,-0.7486633,0.3367098,-32.26119,17.96059,-37.16627
19.689902782,18.64227,28.02094,11.50576,0.6884432,-0.7194849,0.3459979,-32.26119,17.96059,-37.16627
19.699814796,22.48243,26.04037,11.26031,0.6863897,-0.6720036,0.3444125,-32.26119,17.96059,-37.16627
19.70972681,26.07483,25.34135,10.83077,0.6743181,-0.6503744,0.3369857,-31.51887,17.9536,-38.90477
19.719638824,29.54336,24.0598,10.7694,0.6553842,-0.6637133,0.3346712,-31.51887,17.9536,-38.90477
19.729550838,33.69321,21.08895,11.26031,0.5984032,-0.6833358,0.3341071,-31.51887,17.9536,-38.90477
19.739462852,38.21469,16.6618,12.11939,0.5900937,-0.6814872,0.3365971,-31.51887,17.9536,-38.90477
19.749374866,42.24067,13.34144,13.28528,0.6203116,-0.6684754,0.3421662,-31.51887,17.9536,-38.90477
19.75928688,45.46144,11.06962,14.63527,0.6511238,-0.6729638,0.3375299,-30.76689,17.57749,-39.29297
19.769198418,47.56734,10.02108,15.61707,0.6814018,-0.7001603,0.3495528,-30.76689,17.57749,-39.29297
19.779110432,49.17773,10.37059,17.70341,0.7070476,-0.7497231,0.3605093,-30.76689,17.57749,-39.29297
19.789022446,49.17773,9.72982099999999,20.58747,0.6845189,-0.7644096,0.3875086,-30.76689,17.57749,-39.29297
19.798933983,47.07183,8.44827800000003,22.67381,0.6489977,-0.7089173,0.4218179,-30.76689,17.57749,-39.29297
19.808845997,44.03687,7.63275100000002,23.3488,0.6290088,-0.6459715,0.4536324,-30.38752,16.8231,-40.57751
19.818758011,39.01989,8.098766,23.10335,0.6371835,-0.6064268,0.486471,-30.38752,16.8231,-40.57751
19.828669548,33.07383,8.79779099999998,22.79653,0.638908,-0.6267623,0.48776,-30.38752,16.8231,-40.57751
19.838581562,29.85305,8.79779099999998,22.73517,0.6421017,-0.664639,0.468752,-30.38752,16.8231,-40.57751
19.848493576,30.906,7.16673599999998,23.22607,0.6477372,-0.717121,0.4323384,-30.38752,16.8231,-40.57751
19.85840559,34.99392,4.836657,25.25105,0.6596557,-0.7515128,0.4099118,-29.2645,16.44337,-41.86708
19.868317604,38.09082,2.681334,27.82829,0.6612016,-0.7573069,0.4108192,-29.2645,16.44337,-41.86708
19.878229618,39.82508,-0.05650773,31.57143,0.6643627,-0.737888,0.4080384,-29.2645,16.44337,-41.86708
19.888141632,40.75415,-1.279799,34.14867,0.648861,-0.685086,0.4363827,-29.2645,16.44337,-41.86708
19.898053646,38.58632,-0.4642715,34.88503,0.6609892,-0.6313242,0.4899263,-29.2645,16.44337,-41.86708
19.90796566,35.79911,1.807555,34.21003,0.6513,-0.626034,0.504936,-28.19116,15.31783,-42.31885
19.917877674,35.24166,3.089098,32.67596,0.6566574,-0.6230507,0.5063468,-28.19116,15.31783,-42.31885
19.927789211,36.23267,4.836657,32.49187,0.6491242,-0.652266,0.5004599,-28.19116,15.31783,-42.31885
19.940179348,39.08183,5.82694100000001,35.19184,0.6122302,-0.6694261,0.4589131,-28.19116,15.31783,-42.31885
19.950091362,41.8071,4.370642,39.48724,0.5982898,-0.6843616,0.4171687,-28.17822,14.19222,-42.7651
19.960003376,42.67423,2.390074,43.41447,0.5984589,-0.654278,0.4212088,-28.17822,14.19222,-42.7651
19.96991539,43.1078,0.351256,47.77124,0.6299995,-0.6664405,0.4309194,-28.17822,14.19222,-42.7651
19.979827404,43.04586,-0.4642715,48.50759,0.6481453,-0.6335028,0.4746654,-28.17822,14.19222,-42.7651
19.989739418,41.62128,-0.2895156,47.21897,0.6621025,-0.5910019,0.5026687,-28.17822,14.19222,-42.7651
19.999650955,39.51539,0.700767799999999,44.519,0.6553339,-0.5734866,0.5306972,-27.80396,14.19225,-42.76704
20.009562969,38.15276,1.05028,42.43266,0.6368658,-0.5741487,0.5409468,-27.80396,14.19225,-42.76704
20.019474983,36.91399,0.759019800000003,41.8804,0.6160517,-0.5884483,0.5448853,-27.80396,14.19225,-42.76704
20.029386997,36.66624,-0.580775400000001,41.8804,0.6162859,-0.6093022,0.5433038,-27.80396,14.19225,-42.76704
20.039298534,36.85205,-1.105043,42.06449,0.621098,-0.6417158,0.5454442,-27.80396,14.19225,-42.76704
20.049210548,38.21469,-1.221547,42.92357,0.6226532,-0.6553101,0.5381368,-27.8021,13.81425,-43.60107
20.059122086,39.51539,-1.105043,43.96674,0.6034041,-0.6410083,0.5374498,-27.8021,13.81425,-43.60107
20.0690341,40.01089,-0.5225234,43.59856,0.5901073,-0.6226864,0.5496988,-27.8021,13.81425,-43.60107
20.078946114,39.51539,1.458043,42.61675,0.6014343,-0.6117717,0.5703136,-27.8021,13.81425,-43.60107
20.088858128,38.64826,4.079382,41.94176,0.5878891,-0.617721,0.5776016,-27.8021,13.81425,-43.60107
20.098770142,38.15276,5.88519199999999,41.45086,0.5301145,-0.6262885,0.5603129,-26.30182,13.43795,-44.05742
20.108682156,38.83407,4.254138,41.20541,0.4738254,-0.6450719,0.5328591,-26.30182,13.43795,-44.05742
20.11859417,39.94896,-0.1147597,42.86221,0.450246,-0.6527398,0.5133397,-26.30182,13.43795,-44.05742
20.128506184,41.0019,-4.308901,44.21219,0.4536431,-0.6444176,0.5205661,-26.30182,13.43795,-44.05742
20.138418198,41.12578,-5.415688,44.45764,0.4928799,-0.6360604,0.541866,-26.30182,13.43795,-44.05742
20.148330212,40.5064,-3.726381,43.84401,0.5524673,-0.6346116,0.5845388,-25.55953,13.81104,-44.44793
20.158241749,38.89601,-0.988539100000001,43.96674,0.5786331,-0.6429371,0.5991263,-25.55953,13.81104,-44.44793
20.168153763,36.85205,0.759019800000003,45.07127,0.5594615,-0.6495705,0.5814935,-25.55953,13.81104,-44.44793
20.178065777,35.48942,-0.3477675,46.29853,0.510357,-0.6541936,0.5559883,-25.55953,13.81104,-44.44793
20.187977791,35.36554,-3.08561,47.58715,0.4834326,-0.6584493,0.5480463,-25.55953,13.81104,-44.44793
20.197889805,35.79911,-5.76519999999999,47.89396,0.4966599,-0.660222,0.5483924,-25.5482,12.68359,-45.34389
20.207801819,36.72818,-7.97877500000003,48.3235,0.5253836,-0.6743116,0.5672391,-25.5482,12.68359,-45.34389
20.220191956,37.65725,-7.51275900000002,49.18258,0.5658153,-0.692898,0.6258008,-25.5482,12.68359,-45.34389
20.230103493,38.15276,-5.066176,50.22575,0.5569302,-0.7045109,0.6517342,-25.5482,12.68359,-45.34389
20.240015507,40.19671,-2.561342,50.22575,0.5168439,-0.7240329,0.6298876,-25.5482,12.68359,-45.34389
20.249927521,42.55036,-3.08561,51.82119,0.4553688,-0.7042559,0.5710483,-24.79484,12.30905,-45.34663
20.259839535,45.46144,-5.590444,52.86436,0.4060888,-0.6565357,0.5420521,-24.79484,12.30905,-45.34663
20.269751549,46.63827,-8.27003499999999,52.00528,0.3836268,-0.6180255,0.5425164,-24.79484,12.30905,-45.34663
20.279663563,46.14276,-10.77487,51.69846,0.3881333,-0.5806026,0.5489661,-24.79484,12.30905,-45.34663
20.289575577,44.47044,-11.93991,50.53257,0.4449585,-0.5608129,0.5821835,-24.79484,12.30905,-45.34663
20.299486637,42.05485,-11.24088,49.4894,0.4896008,-0.5435939,0.6164567,-24.7916,11.93263,-45.79519
20.309398651,39.39151,-9.20206600000003,48.63032,0.5113476,-0.5441791,0.638339,-24.7916,11.93263,-45.79519
20.319310665,37.78113,-7.74576700000002,48.13942,0.4951172,-0.5812553,0.6334405,-24.7916,11.93263,-45.79519
20.329222679,37.53337,-8.32828599999997,48.56895,0.4671265,-0.6141014,0.6310797,-24.7916,11.93263,-45.79519
20.339134693,40.01089,-10.01759,48.50759,0.4444849,-0.6634808,0.6064721,-24.7916,11.93263,-45.79519
20.349046707,44.47044,-14.67775,49.79621,0.4168571,-0.7051668,0.5814817,-25.15455,11.18524,-45.34122
20.358958721,50.41649,-20.38644,50.22575,0.437938,-0.7160941,0.5740115,-25.15455,11.18524,-45.34122
20.368870735,56.3006,-24.11457,50.04166,0.475857,-0.6986579,0.5728167,-25.15455,11.18524,-45.34122
20.378782272,60.3885200000002,-25.10485,49.55076,0.5240678,-0.6683976,0.5888978,-25.15455,11.18524,-45.34122
20.388694286,61.1937100000001,-24.40583,50.4712,0.5304546,-0.6507413,0.6124841,-25.15455,11.18524,-45.34122
20.3986063,58.0348699999999,-24.34758,52.31209,0.5156261,-0.6344227,0.6160911,-24.40256,10.80913,-45.72943
20.408518314,52.95595,-24.87184,54.03025,0.4803437,-0.6183183,0.6275683,-24.40256,10.80913,-45.72943
20.418430328,48.18672,-25.51262,53.47799,0.4303138,-0.5819508,0.6551622,-24.40256,10.80913,-45.72943
20.428342342,43.78912,-25.68737,50.28712,0.3884654,-0.5392058,0.677441,-24.40256,10.80913,-45.72943
20.438254356,39.63927,-25.62912,46.91216,0.3613053,-0.5084621,0.6875002,-24.40256,10.80913,-45.72943
20.44816637,35.73717,-25.68737,43.78265,0.3675639,-0.4957505,0.6928088,-25.51911,10.43602,-45.33697
20.458078385,31.09181,-26.96891,42.86221,0.3999626,-0.5201582,0.6765013,-25.51911,10.43602,-45.33697
20.467990399,26.63227,-28.0757,43.16902,0.4097239,-0.564187,0.670836,-25.51911,10.43602,-45.33697
20.477901936,24.7122,-29.29899,44.15083,0.3984205,-0.6060606,0.6639393,-25.51911,10.43602,-45.33697
20.48781395,25.45545,-31.92033,44.08946,0.3757044,-0.6335275,0.6577244,-25.51911,10.43602,-45.33697
20.500204086,30.53437,-37.10476,42.73948,0.3580724,-0.6318121,0.6569386,-25.12545,8.937666,-45.3343
20.5101161,36.23267,-39.43483,41.3895,0.3740565,-0.6068109,0.671362,-25.12545,8.937666,-45.3343
20.520028114,39.51539,-37.92028,39.7327,0.4216343,-0.5673635,0.6841491,-25.12545,8.937666,-45.3343
20.529940128,38.52438,-35.29894,39.0577,0.4508334,-0.5426779,0.6994086,-25.12545,8.937666,-45.3343
20.539852142,34.74616,-34.07565,38.62816,0.4408156,-0.5446275,0.7215756,-25.12545,8.937666,-45.3343
20.54976368,30.96794,-36.63874,37.95317,0.4036171,-0.5607221,0.6992449,-26.61465,8.566349,-44.49018
20.559675693,29.66724,-40.48337,36.66455,0.4051875,-0.5565079,0.6666077,-26.61465,8.566349,-44.49018
20.569587231,30.47243,-40.59987,34.08731,0.4402335,-0.5271299,0.6376698,-26.61465,8.566349,-44.49018
20.579499245,31.58732,-37.68727,31.32598,0.4601605,-0.4613361,0.6552095,-26.61465,8.566349,-44.49018
20.589411259,31.02988,-34.59992,28.74874,0.4632084,-0.4436789,0.6869894,-26.61465,8.566349,-44.49018
20.599323273,28.42848,-33.95915,28.07374,0.4577321,-0.4640367,0.7013091,-27.3648,8.944545,-43.58802
20.60923481,26.57034,-34.30866,28.8101,0.4642623,-0.5026428,0.720678,-27.3648,8.944545,-43.58802
20.619146824,25.2077,-34.1339,29.11691,0.4949695,-0.545474,0.7085849,-27.3648,8.944545,-43.58802
20.629058838,25.95096,-32.85236,28.8101,0.5186675,-0.5704274,0.7014773,-27.3648,8.944545,-43.58802
20.638970852,27.25166,-30.69704,27.03057,0.5279741,-0.5461606,0.683787,-27.3648,8.944545,-43.58802
20.648882866,29.29561,-28.59997,24.39197,0.5207582,-0.5064391,0.6942017,-28.47489,8.198664,-42.74469
20.65879488,31.09181,-26.85241,21.63064,0.5081207,-0.4668073,0.7003446,-28.47489,8.198664,-42.74469
20.668706894,31.77314,-24.58058,19.17612,0.4950575,-0.4242219,0.7161141,-28.47489,8.198664,-42.74469
20.678618908,28.61429,-22.19225,17.08978,0.5057941,-0.3953174,0.7478979,-28.47489,8.198664,-42.74469
20.688530922,23.96894,-19.68742,16.66024,0.5391486,-0.4204517,0.7762314,-28.47489,8.198664,-42.74469
20.698442936,20.06684,-16.25055,17.21251,0.554985,-0.4633234,0.7921247,-29.21557,7.827406,-41.90446
20.708354473,17.40351,-11.99816,17.02842,0.5407025,-0.4989158,0.7881784,-29.21557,7.827406,-41.90446
20.718266487,16.16475,-8.73605099999999,15.98525,0.5032319,-0.497591,0.7597243,-29.21557,7.827406,-41.90446
20.728178501,15.23567,-6.63897900000002,13.22392,0.467654,-0.4599375,0.7199709,-29.21557,7.827406,-41.90446
20.738090515,13.62528,-6.11471200000003,9.72623500000002,0.451306,-0.4180593,0.7007146,-29.21557,7.827406,-41.90446
20.748002529,11.76714,-5.82345200000001,7.45580799999998,0.4718271,-0.4090296,0.7097079,-30.27921,8.203747,-41.45039
20.757914543,8.979931,-3.551625,6.78081600000001,0.4939198,-0.4352885,0.7352572,-30.27921,8.203747,-41.45039
20.767826557,5.5114,0.351256,6.84217800000002,0.5019892,-0.4733508,0.762298,-30.27921,8.203747,-41.45039
20.780216217,-1.177909,5.88519199999999,5.614921,0.5097196,-0.4735406,0.800638,-30.27921,8.203747,-41.45039
20.790128231,-8.98210400000001,9.03079800000001,4.510388,0.4856139,-0.4868394,0.8185382,-30.27921,8.203747,-41.45039
20.800040245,-15.73335,11.53563,4.264936,0.4555159,-0.5405161,0.824701,-30.27921,8.203747,-41.45039
20.809952259,-17.34374,13.22494,4.080848,0.4118595,-0.6150314,0.7717909,-30.27921,8.203747,-41.45039
20.819864273,-11.83125,10.4871,3.467218,0.3706756,-0.6553642,0.6662683,-30.27921,8.203747,-41.45039
20.829776287,-1.549538,2.85609,1.81042,0.3327252,-0.6228301,0.5799274,-30.27921,8.203747,-41.45039
20.839688301,7.74116999999998,-5.066176,-0.644096300000003,0.3916375,-0.5217412,0.5781354,-31.01803,7.454496,-41.44419
20.849600315,9.84706299999998,-7.51275900000002,-2.055443,0.4660496,-0.4395485,0.6351336,-31.01803,7.454496,-41.44419
20.859512329,3.095816,-6.17296399999999,-1.380451,0.5161629,-0.419775,0.6813772,-31.01803,7.454496,-41.44419
20.869423389,-9.41567000000003,-4.250649,1.074065,0.5271458,-0.4731726,0.736138,-31.01803,7.454496,-41.44419
20.879335403,-20.99809,-1.512807,5.73764600000002,0.5183957,-0.5598284,0.7826972,-31.01803,7.454496,-41.44419
20.889247417,-28.05902,2.564831,9.235332,0.4781406,-0.6538153,0.8002092,-30.26142,6.703535,-41.89548
20.899159431,-27.3777,5.244421,8.86715399999999,0.4379582,-0.7111878,0.7723494,-30.26142,6.703535,-41.89548
20.909071445,-18.70638,3.555114,6.10582399999999,0.3876964,-0.7200674,0.6767234,-30.26142,6.703535,-41.89548
20.918983459,-6.194891,-4.075893,3.896759,0.3450172,-0.6604421,0.5901265,-30.26142,6.703535,-41.89548
20.928895473,3.529382,-13.10495,2.669501,0.3361561,-0.5754747,0.5408381,-30.26142,6.703535,-41.89548
20.938807011,7.74116999999998,-18.17287,2.362686,0.3797432,-0.5112393,0.5749542,-29.90171,7.827351,-41.90089
20.948719025,5.015896,-19.2214,2.424049,0.4103699,-0.4833806,0.6377573,-29.90171,7.827351,-41.90089
20.958631039,-2.10698,-19.39616,3.528581,0.4372641,-0.4940145,0.6729693,-29.90171,7.827351,-41.90089
20.968543053,-9.663423,-18.58063,5.492195,0.4773397,-0.542294,0.7097294,-29.90171,7.827351,-41.90089
20.978455067,-15.42366,-16.13405,8.37625100000002,0.5292426,-0.6306181,0.7561967,-29.90171,7.827351,-41.90089
20.988367081,-17.65343,-11.7069,11.56712,0.5363926,-0.7025603,0.7969449,-29.52909,8.205637,-41.00457
20.998279095,-15.60948,-7.74576700000002,12.24211,0.5060911,-0.7126887,0.7865942,-29.52909,8.205637,-41.00457
21.008191109,-11.83125,-6.52247499999999,11.38303,0.4511683,-0.6593198,0.7384815,-29.52909,8.205637,-41.00457
21.018103123,-7.99109600000001,-10.48361,11.01486,0.3815819,-0.6054046,0.6439328,-29.52909,8.205637,-41.00457
21.028015137,-2.850237,-17.00783,12.18075,0.3461199,-0.5674513,0.5681684,-29.52909,8.205637,-41.00457
21.037926674,2.66225,-23.00778,12.67165,0.3563558,-0.5668517,0.565677,-31.03097,8.580112,-40.99794
21.047838688,7.49341799999997,-26.26989,12.18075,0.4267324,-0.5652514,0.6116121,-31.03097,8.580112,-40.99794
21.060228825,9.47543500000001,-24.58058,12.61029,0.5198732,-0.5824918,0.7095485,-31.03097,8.580112,-40.99794
21.070140839,9.47543500000001,-19.92043,13.03983,0.5306348,-0.5879601,0.7511863,-31.03097,8.580112,-40.99794
21.080052853,9.72318700000001,-15.95929,13.53074,0.5071465,-0.6046005,0.7777014,-31.03097,8.580112,-40.99794
21.089964867,10.15675,-13.39621,14.083,0.4819612,-0.5977249,0.7616547,-31.03607,9.334532,-39.71535
21.099876881,9.78512499999999,-13.33796,15.18753,0.4422876,-0.5843582,0.7232178,-31.03607,9.334532,-39.71535
21.109788418,9.28962000000002,-15.31852,14.69663,0.4097488,-0.5563692,0.6824116,-31.03607,9.334532,-39.71535
21.119700432,9.28962000000002,-17.7651,13.53074,0.4123677,-0.5452768,0.6646954,-31.03607,9.334532,-39.71535
21.129612446,9.10380600000001,-19.04665,13.83755,0.4218217,-0.5445874,0.6814181,-31.03607,9.334532,-39.71535
21.13952446,10.09482,-19.62917,12.97847,0.4413513,-0.5360648,0.6884967,-31.40548,8.959907,-39.71225
21.149436474,11.64327,-18.69714,11.38303,0.456721,-0.5382037,0.7065863,-31.40548,8.959907,-39.71225
21.159348488,13.50141,-16.71657,10.03305,0.4650936,-0.5370927,0.7137187,-31.40548,8.959907,-39.71225
21.169260502,15.35955,-15.49328,9.235332,0.4548378,-0.5508735,0.6988368,-31.40548,8.959907,-39.71225
21.179172516,17.46544,-16.36706,9.66487199999998,0.44857,-0.5879801,0.6640761,-31.40548,8.959907,-39.71225
21.18908453,19.44746,-17.70685,11.4444,0.4587062,-0.6179158,0.663783,-31.7816,9.337871,-38.87628
21.19899559,20.19072,-18.63888,13.28528,0.4581861,-0.6115966,0.6681513,-31.7816,9.337871,-38.87628
21.208907604,20.37653,-18.93014,13.5921,0.4696664,-0.5886554,0.6701186,-31.7816,9.337871,-38.87628
21.218819618,19.26165,-17.41559,13.16256,0.4922782,-0.5678237,0.7060601,-31.7816,9.337871,-38.87628
21.228731632,16.66025,-15.26027,13.53074,0.4968938,-0.5652177,0.7300427,-31.7816,9.337871,-38.87628
21.238643646,14.86405,-13.45446,13.22392,0.4836868,-0.5531905,0.7436894,-32.53497,9.712406,-38.87354
21.24855566,14.43048,-11.93991,12.61029,0.4901836,-0.5554768,0.7546577,-32.53497,9.712406,-38.87354
21.258467197,14.43048,-10.1341,11.68985,0.4942949,-0.5477675,0.7354647,-32.53497,9.712406,-38.87354
21.268379211,15.35955,-9.90108999999998,11.4444,0.4615435,-0.5528116,0.6829166,-32.53497,9.712406,-38.87354
21.278291225,17.83707,-11.35739,11.68985,0.4422647,-0.5731594,0.6387848,-32.53497,9.712406,-38.87354
21.28820324,20.19072,-13.86222,12.73302,0.4500897,-0.5828167,0.6276045,-32.89307,8.59042,-38.41842
21.298115254,21.80111,-15.78454,13.46937,0.4800555,-0.5760293,0.6489797,-32.89307,8.59042,-38.41842
21.308027268,20.68622,-15.55153,14.63527,0.5059829,-0.5425275,0.6892964,-32.89307,8.59042,-38.41842
21.317939282,17.52738,-13.45446,15.00345,0.5099906,-0.5097455,0.7370133,-32.89307,8.59042,-38.41842
21.327851296,12.38652,-10.65837,14.88072,0.5095751,-0.4989817,0.7567754,-32.89307,8.59042,-38.41842
21.33776331,8.36055000000001,-8.44479099999997,13.96028,0.5136789,-0.5212719,0.7493866,-32.89008,8.593819,-37.58324
21.350152969,8.85605400000001,-6.69723099999998,13.16256,0.5135397,-0.5757301,0.7197354,-32.89008,8.593819,-37.58324
21.360064983,12.63428,-6.93023899999998,12.97847,0.4968744,-0.597423,0.6904554,-32.89008,8.593819,-37.58324
21.369976997,16.84606,-7.97877500000003,12.61029,0.4833768,-0.5792056,0.683019,-32.89008,8.593819,-37.58324
21.379889011,18.7042,-9.26031799999999,12.67165,0.4819324,-0.5384849,0.6852243,-32.89008,8.593819,-37.58324
21.389801025,17.46544,-10.30885,12.85574,0.4796776,-0.503543,0.6970018,-34.01125,8.595558,-37.12769
21.399713039,14.18273,-10.1341,12.73302,0.4898449,-0.4976131,0.6940663,-34.01125,8.595558,-37.12769
21.409625054,10.96195,-9.43507399999997,12.48757,0.509652,-0.5201657,0.6918122,-34.01125,8.595558,-37.12769
21.419537068,9.35155899999998,-8.15353100000001,11.99666,0.5261149,-0.5451593,0.6943744,-34.01125,8.595558,-37.12769
21.429448605,10.96195,-6.52247499999999,11.75121,0.508283,-0.5701288,0.6905317,-34.01125,8.595558,-37.12769
21.439360619,14.24467,-6.58072700000001,11.38303,0.4744129,-0.5672051,0.6812612,-33.63375,8.219163,-37.57819
21.449272633,17.09381,-7.04674300000001,11.13758,0.457995,-0.5480419,0.676259,-33.63375,8.219163,-37.57819
21.459184647,17.7132,-8.50304200000002,11.07622,0.4494095,-0.5238978,0.6779397,-33.63375,8.219163,-37.57819
21.469096661,15.48343,-10.07585,11.26031,0.4652152,-0.5004528,0.6731481,-33.63375,8.219163,-37.57819
21.479008675,12.38652,-10.77487,11.01486,0.4796888,-0.4862244,0.6707083,-33.63375,8.219163,-37.57819
21.488920689,9.10380600000001,-10.77487,10.58532,0.501958,-0.5077617,0.6713192,-33.62729,7.846397,-37.12733
21.498832703,6.254657,-10.54186,10.95349,0.5228874,-0.5370561,0.6752519,-33.62729,7.846397,-37.12733
21.508744717,5.20171,-10.2506,12.11939,0.5190291,-0.5758535,0.6827116,-33.62729,7.846397,-37.12733
21.518656731,5.94496599999999,-9.26031799999999,13.34665,0.5084339,-0.5910259,0.6807879,-33.62729,7.846397,-37.12733
21.528568268,7.98892199999997,-8.85255399999999,14.51254,0.5007141,-0.5905821,0.6914257,-33.62729,7.846397,-37.12733
21.538480282,9.78512499999999,-9.14381400000001,14.81936,0.4899234,-0.5819538,0.6983052,-34.01125,8.595558,-37.12769
21.548392296,9.66124900000002,-9.60983000000002,15.12617,0.4948498,-0.567727,0.7185211,-34.01125,8.595558,-37.12769
21.55830431,8.17473599999999,-9.78458600000001,14.88072,0.5025138,-0.5296631,0.7475133,-34.01125,8.595558,-37.12769
21.568215847,6.37853299999997,-8.61954700000002,13.89891,0.5120547,-0.5101526,0.7470749,-34.01125,8.595558,-37.12769
21.578127861,5.139772,-7.39625499999999,13.34665,0.4894285,-0.5124551,0.7314236,-34.01125,8.595558,-37.12769
21.588039398,4.830081,-7.57101099999998,12.67165,0.4913707,-0.53195,0.7072678,-34.39036,8.970123,-37.1269
21.597951412,4.644268,-7.51275900000002,12.79438,0.4921545,-0.5698392,0.6916431,-34.39036,8.970123,-37.1269
21.607863426,4.210701,-8.44479099999997,14.26709,0.491042,-0.6160147,0.6721394,-34.39036,8.970123,-37.1269
21.61777544,4.334577,-10.42536,16.66024,0.4996087,-0.6352904,0.6743326,-34.39036,8.970123,-37.1269
21.630165577,5.20171,-12.17292,19.5443,0.5188445,-0.6422822,0.6822708,-34.39036,8.970123,-37.1269
21.640077591,5.573338,-14.6195,21.13973,0.5278693,-0.6320601,0.6683309,-34.01311,8.973552,-36.29366
21.649989605,5.5114,-15.55153,23.16471,0.5221471,-0.6045014,0.6671269,-34.01311,8.973552,-36.29366
21.659901142,5.015896,-15.31852,24.63742,0.5043152,-0.5872802,0.6650058,-34.01311,8.973552,-36.29366
21.669813156,2.600312,-15.95929,26.23286,0.4788217,-0.5881215,0.6575534,-34.01311,8.973552,-36.29366
21.67972517,-1.735352,-17.59035,28.87146,0.4552164,-0.6077496,0.6691648,-34.01311,8.973552,-36.29366
21.689637184,-6.62845799999998,-19.86217,32.24642,0.4500474,-0.6413664,0.6502624,-34.38091,8.600757,-35.84085
21.699549198,-9.29179500000003,-21.78449,35.80547,0.4491901,-0.6749746,0.6226774,-34.38091,8.600757,-35.84085
21.709461212,-8.42466199999997,-23.88156,39.11907,0.4429987,-0.6896024,0.6216769,-34.38091,8.600757,-35.84085
21.719373226,-4.460626,-25.97863,42.00312,0.4584981,-0.6802148,0.6182349,-34.38091,8.600757,-35.84085
21.72928524,0.43248,-25.45436,44.33492,0.463969,-0.6354697,0.631927,-34.38091,8.600757,-35.84085
21.739197254,3.405506,-23.93981,45.13263,0.4151292,-0.5845937,0.6495231,-34.38923,9.351517,-35.45769
21.749109268,3.219692,-24.81359,45.86899,0.3800439,-0.5296106,0.678063,-34.38923,9.351517,-35.45769
21.759020805,-0.1869005,-25.80387,43.84401,0.3828495,-0.4920795,0.7094974,-34.38923,9.351517,-35.45769
21.768932819,-3.407679,-26.09513,40.7145,0.4177788,-0.4678798,0.710776,-34.38923,9.351517,-35.45769
21.778844833,-4.584502,-24.46408,37.27818,0.4435028,-0.4752111,0.7311361,-34.77482,10.47893,-34.55978
21.788756847,-6.38070599999998,-23.5903,34.57821,0.4554511,-0.4910508,0.7333208,-34.77482,10.47893,-34.55978
21.798668861,-7.12396199999998,-26.44465,33.16687,0.4448703,-0.5562113,0.721941,-34.77482,10.47893,-34.55978
21.808580875,-6.318768,-27.66794,31.93961,0.469235,-0.6220418,0.6843049,-34.77482,10.47893,-34.55978
21.818492889,-3.531555,-26.67765,32.00097,0.4726421,-0.6566412,0.6422691,-34.77482,10.47893,-34.55978
21.828404903,-0.001086392,-25.45436,30.16008,0.4639529,-0.6320633,0.6343505,-35.92855,13.10441,-33.72684
21.838316917,1.299613,-23.35729,26.90785,0.4811026,-0.5711029,0.6614869,-35.92855,13.10441,-33.72684
21.848228931,-2.230856,-20.44469,24.20788,0.4986489,-0.4945747,0.6978464,-35.92855,13.10441,-33.72684
21.858140469,-10.40668,-19.27966,21.07837,0.4781895,-0.4496742,0.7103386,-35.92855,13.10441,-33.72684
21.868052483,-18.52057,-18.93014,17.70341,0.4740712,-0.454221,0.6848981,-35.92855,13.10441,-33.72684
21.877964497,-21.86522,-19.2214,15.92389,0.4474182,-0.5551604,0.6378967,-35.5594,13.85886,-32.44621
21.887876511,-19.13994,-20.85246,15.86252,0.4415624,-0.6693653,0.6006981,-35.5594,13.85886,-32.44621
21.900266647,-8.48660000000001,-22.60002,17.70341,0.4905064,-0.7236018,0.5893205,-35.5594,13.85886,-32.44621
21.910178661,-0.806281,-22.0175,18.56249,0.496345,-0.6662307,0.6059742,-35.5594,13.85886,-32.44621
21.920090675,1.795117,-21.26022,17.21251,0.4561078,-0.5565716,0.6253229,-35.5594,13.85886,-32.44621
21.930002213,-0.806281,-21.31847,13.65346,0.4237612,-0.4682432,0.6262105,-36.3257,15.35901,-31.99721
21.939914227,-5.265821,-22.42526,9.97168700000001,0.4300599,-0.4406371,0.6052092,-36.3257,15.35901,-31.99721
21.949826241,-9.60148500000001,-23.76506,7.45580799999998,0.4609954,-0.4509149,0.6058149,-36.3257,15.35901,-31.99721
21.959738255,-12.45063,-25.10485,4.75584,0.4895602,-0.4611848,0.613645,-36.3257,15.35901,-31.99721
21.969650269,-13.25583,-24.28932,2.730864,0.4833599,-0.4763051,0.6112009,-36.3257,15.35901,-31.99721
21.979562283,-14.06102,-22.134,0.705887599999999,0.4534022,-0.5189375,0.5963089,-36.69698,15.36238,-31.16009
21.989473343,-15.11397,-21.08547,-1.012274,0.4459361,-0.5393374,0.6072857,-36.69698,15.36238,-31.16009
21.999385357,-15.60948,-20.6777,-4.080419,0.4383987,-0.521486,0.6084347,-36.69698,15.36238,-31.16009
22.009297371,-16.16692,-21.08547,-8.92808800000003,0.4364757,-0.4783271,0.6145018,-36.69698,15.36238,-31.16009
22.019209385,-16.60048,-20.6777,-15.43256,0.455035,-0.4290855,0.6223409,-36.69698,15.36238,-31.16009
22.029121399,-18.33475,-20.5612,-22.18248,0.4937541,-0.4236762,0.6373839,-36.69399,15.36578,-30.32491
22.039033413,-21.74134,-24.46408,-25.49607,0.5015813,-0.494787,0.649802,-36.69399,15.36578,-30.32491
22.048945427,-23.04204,-25.0466,-26.17107,0.4872781,-0.5906298,0.6209664,-36.69399,15.36578,-30.32491
22.058857441,-18.76832,-24.05632,-25.6188,0.4711099,-0.6749908,0.5667763,-36.69399,15.36578,-30.32491
22.068769455,-11.89319,-23.00778,-27.2756,0.487026,-0.6897766,0.5756535,-36.69399,15.36578,-30.32491
22.078680992,-7.309776,-20.73595,-29.85284,0.5323851,-0.6424373,0.6197239,-37.44899,16.11857,-29.4239
22.088593006,-5.637449,-16.25055,-33.7187,0.5655112,-0.5496504,0.6685318,-37.44899,16.11857,-29.4239
22.09850502,-5.141944,-10.65837,-39.97772,0.5563753,-0.4604268,0.6927384,-37.44899,16.11857,-29.4239
22.108417034,-5.575511,-5.82345200000001,-48.56853,0.5288741,-0.3986411,0.7058885,-37.44899,16.11857,-29.4239
22.118329048,-7.43365200000003,-3.08561,-57.6502400000002,0.5415566,-0.3811851,0.6756375,-37.44899,16.11857,-29.4239
22.128241062,-9.97311299999999,-3.668129,-62.1297300000002,0.6601883,-0.4375944,0.6386328,-38.56717,16.12371,-28.13317
22.138153076,-15.42366,-2.677846,-60.2888400000001,0.737456,-0.5592905,0.6399884,-38.56717,16.12371,-28.13317
22.14806509,-21.49359,1.458043,-55.68663,0.6744584,-0.6614944,0.6235648,-38.56717,16.12371,-28.13317
22.157977104,-19.94514,4.661901,-54.76618,0.5772636,-0.6899735,0.6012264,-38.56717,16.12371,-28.13317
22.167889118,-9.97311299999999,5.82694100000001,-59.1843100000003,0.5024971,-0.5887051,0.5814655,-38.56717,16.12371,-28.13317
22.177800655,3.343568,7.05023200000001,-69.5546400000001,0.480365,-0.379797,0.6229151,-39.6463,12.75226,-28.11694
22.190190792,13.37753,10.6036,-88.33169,0.5385419,-0.163481,0.6843181,-39.6463,12.75226,-28.11694
22.200102806,10.83807,13.6327,-97.4747600000001,0.7028076,-0.162164,0.7303434,-39.6463,12.75226,-28.11694
22.21001482,-0.992095199999997,16.83656,-93.7929799999999,0.8102857,-0.2747548,0.7319604,-39.6463,12.75226,-28.11694
22.219926834,-14.80428,20.38993,-86.5521600000003,0.8062204,-0.4660857,0.6836679,-39.6463,12.75226,-28.11694
22.229838848,-22.54654,23.18603,-81.52041,0.7486899,-0.6145176,0.6217508,-40.01433,12.3792,-27.72837
22.239750862,-18.95413,25.10834,-80.5999600000001,0.6707064,-0.7743828,0.554665,-40.01433,12.3792,-27.72837
22.249662399,-5.699387,25.98212,-83.54538,0.6184029,-0.7596685,0.525957,-40.01433,12.3792,-27.72837
22.259574413,9.41349700000002,25.22484,-87.9021499999998,0.6272925,-0.6368425,0.535336,-40.01433,12.3792,-27.72837
22.269486427,18.45645,25.10834,-90.9702899999999,0.6908146,-0.4690088,0.5843626,-40.01433,12.3792,-27.72837
22.279398441,17.27963,27.20541,-91.4612000000001,0.7687693,-0.3389147,0.613798,-39.22329,8.626511,-29.39109
22.289310455,7.67923199999999,29.24423,-89.4975800000002,0.7819766,-0.3116778,0.5984923,-39.22329,8.626511,-29.39109
22.299222469,-4.64644,28.02094,-85.1408200000001,0.7830909,-0.3908586,0.5667441,-39.22329,8.626511,-29.39109
22.309134483,-15.05203,24.70058,-79.4340699999999,0.7592883,-0.504727,0.5441184,-39.22329,8.626511,-29.39109
22.319046497,-20.93615,22.13749,-73.6659500000002,0.7339747,-0.5864415,0.5548518,-39.22329,8.626511,-29.39109
22.328958511,-21.61747,21.0307,-70.1682699999999,0.6905621,-0.6388787,0.5515428,-39.93462,5.627858,-29.82768
22.338870525,-16.91018,20.56469,-68.3273799999998,0.669045,-0.6513448,0.5367739,-39.93462,5.627858,-29.82768
22.348782063,-7.80528100000003,19.74916,-68.75692,0.6408806,-0.6435539,0.5173998,-39.93462,5.627858,-29.82768
22.358694077,2.97194,17.8851,-69.9841799999997,0.6794533,-0.6150546,0.4975464,-39.93462,5.627858,-29.82768
22.368606091,12.44846,13.80746,-67.1614799999999,0.7443697,-0.6064953,0.4960427,-39.93462,5.627858,-29.82768
22.378518105,18.33258,10.54535,-60.96384,0.8125215,-0.5575029,0.5235879,-39.15191,2.625926,-31.10723
22.388430119,17.34157,7.92401099999998,-53.66165,0.8068691,-0.5011273,0.5629086,-39.15191,2.625926,-31.10723
22.398342133,9.04186800000002,7.39974399999998,-48.07763,0.7441145,-0.4571202,0.5983536,-39.15191,2.625926,-31.10723
22.408254147,-1.4876,8.27352199999998,-45.19357,0.6946248,-0.4514516,0.5950078,-39.15191,2.625926,-31.10723
22.418166161,-8.053034,8.50653100000001,-44.94812,0.6722677,-0.4567893,0.5543655,-39.15191,2.625926,-31.10723
22.428078175,-10.15893,6.93372799999998,-47.70945,0.6291488,-0.4361601,0.522251,-39.12848,0.815382,-31.10165
22.437990189,-9.663423,3.846374,-52.31166,0.6163142,-0.3985821,0.5067748,-39.12848,0.815382,-31.10165
22.447901726,-7.74334299999998,-0.1147597,-56.36162,0.6296118,-0.3483714,0.527153,-39.12848,0.815382,-31.10165
22.45781374,-6.194891,-1.396303,-58.7547700000001,0.685895,-0.3076397,0.5797213,-39.12848,0.815382,-31.10165
22.470203877,-10.53056,0.409508,-58.0184099999998,0.7229646,-0.2767297,0.654489,-39.12848,0.815382,-31.10165
22.480115891,-18.5825,1.632799,-56.97525,0.7644454,-0.2660074,0.6589784,-39.10583,-1.059425,-31.5456
22.490027905,-28.61647,2.681334,-56.11617,0.7982568,-0.2850591,0.6436539,-39.10583,-1.059425,-31.5456
22.499939919,-38.58849,3.030846,-56.5457,0.8016995,-0.3123229,0.6136706,-39.10583,-1.059425,-31.5456
22.509851933,-46.14493,2.681334,-57.2207,0.7803833,-0.3568795,0.5809202,-39.10583,-1.059425,-31.5456
22.51976347,-50.29478,2.972594,-59.1229499999999,0.7618619,-0.3873254,0.5511188,-39.10583,-1.059425,-31.5456
22.529675484,-50.85223,2.506578,-62.6206300000002,0.7628685,-0.3897372,0.5510934,-38.72326,-1.810154,-31.9307
22.539587021,-50.04703,1.05028,-64.9524200000003,0.7924442,-0.3572991,0.5644804,-38.72326,-1.810154,-31.9307
22.549499035,-50.10897,1.108532,-64.9524200000003,0.8184059,-0.3237795,0.6081581,-38.72326,-1.810154,-31.9307
22.559411049,-53.45362,3.496862,-64.1547000000002,0.8056927,-0.3063779,0.6285582,-38.72326,-1.810154,-31.9307
22.569323063,-57.4795999999999,4.836657,-62.92744,0.7996332,-0.3133805,0.6016787,-38.72326,-1.810154,-31.9307
22.5792346,-59.7713099999999,4.428894,-62.6820000000003,0.7994508,-0.3576174,0.5797786,-38.33445,-2.93391,-31.92919
22.589146614,-58.3467299999999,3.671618,-62.49791,0.7988312,-0.4293901,0.5783459,-38.33445,-2.93391,-31.92919
22.599058628,-52.64843,5.419177,-62.4365500000003,0.7821213,-0.4635406,0.5777927,-38.33445,-2.93391,-31.92919
22.608970642,-45.03005,7.28324000000001,-65.0751500000001,0.726983,-0.4410067,0.5678893,-38.33445,-2.93391,-31.92919
22.618882656,-35.98709,7.74925499999999,-68.0819299999998,0.6764661,-0.3802629,0.528908,-38.33445,-2.93391,-31.92919
22.62879467,-27.6874,4.370642,-70.7818999999998,0.6633826,-0.3325705,0.5010174,-38.31827,-4.435952,-32.824
22.638706684,-21.67941,-0.639027300000002,-71.8250699999998,0.6964927,-0.3085724,0.4677402,-38.31827,-4.435952,-32.824
22.648618698,-17.77731,-5.76519999999999,-70.2909900000001,0.7560291,-0.3200814,0.4426248,-38.31827,-4.435952,-32.824
22.658530712,-17.09599,-9.90108999999998,-68.2660099999998,0.8003194,-0.3113382,0.4326703,-38.31827,-4.435952,-32.824
22.668442726,-19.57351,-13.80397,-67.22285,0.813809,-0.3044423,0.4210677,-38.31827,-4.435952,-32.824
22.678354263,-22.54654,-16.94958,-66.3024099999998,0.7969218,-0.2852748,0.4179904,-37.56976,-4.435892,-32.82789
22.688266277,-26.01507,-20.38644,-66.3637700000002,0.7651705,-0.26712,0.442413,-37.56976,-4.435892,-32.82789
22.698178291,-30.04104,-22.60002,-67.1614799999999,0.7487221,-0.2467486,0.4835142,-37.56976,-4.435892,-32.82789
22.708090305,-34.50058,-23.06603,-68.02057,0.7608994,-0.235152,0.5401375,-37.56976,-4.435892,-32.82789
22.718002319,-38.65043,-22.0175,-67.6523900000002,0.7755206,-0.2259643,0.5938413,-37.56976,-4.435892,-32.82789
22.727914333,-41.56152,-18.17287,-66.0569500000001,0.823566,-0.2591961,0.6147826,-37.90361,-7.430856,-32.367
22.737826347,-40.75632,-13.68747,-63.7865300000001,0.8606464,-0.3116952,0.592963,-37.90361,-7.430856,-32.367
22.750216007,-35.42965,-10.2506,-60.8411100000002,0.8895783,-0.3993351,0.5460164,-37.90361,-7.430856,-32.367
22.760128021,-29.42166,-10.42536,-58.6934099999997,0.8736494,-0.4330881,0.5267325,-37.90361,-7.430856,-32.367
22.770040035,-22.60847,-11.12438,-56.0548,0.8512854,-0.4159904,0.5116882,-37.51805,-8.178185,-31.91693
22.779952049,-17.09599,-11.5904,-54.02983,0.8253759,-0.3555847,0.5353778,-37.51805,-8.178185,-31.91693
22.789864063,-14.86622,-11.64865,-52.67984,0.8174132,-0.2901498,0.5507723,-37.51805,-8.178185,-31.91693
22.799776077,-15.42366,-11.29914,-51.69804,0.8294797,-0.2588591,0.5719962,-37.51805,-8.178185,-31.91693
22.809688091,-17.59149,-9.49332599999999,-50.04124,0.8603227,-0.2506485,0.58521,-37.51805,-8.178185,-31.91693
22.819600105,-20.56452,-6.988491,-48.01626,0.8830949,-0.2692455,0.5906374,-37.87291,-9.676598,-31.91036
22.829512119,-21.80328,-4.075893,-46.11401,0.8753644,-0.2790513,0.5882428,-37.87291,-9.676598,-31.91036
22.839424133,-20.62646,-1.745815,-45.86856,0.8570797,-0.2842564,0.563409,-37.87291,-9.676598,-31.91036
22.84933567,-17.40568,-0.2312636,-45.13221,0.8451872,-0.2908267,0.5404276,-37.87291,-9.676598,-31.91036
22.859247684,-13.13195,0.0599961999999999,-43.41404,0.8278691,-0.287245,0.5247663,-37.87291,-9.676598,-31.91036
22.869159698,-8.36272300000002,-0.2312636,-40.52999,0.8411272,-0.2977822,0.5178514,-37.10985,-10.80032,-31.9108
22.879071712,-4.088998,0.5842639,-36.0505,0.8742252,-0.3059767,0.5410184,-37.10985,-10.80032,-31.9108
22.888983726,-1.921166,2.157067,-31.20283,0.8933706,-0.3352062,0.5617736,-37.10985,-10.80032,-31.9108
22.89889574,-0.5585288,4.079382,-27.2756,0.889002,-0.3415861,0.5574501,-37.10985,-10.80032,-31.9108
22.908807754,0.1847278,5.76868899999999,-24.33018,0.8666122,-0.3210872,0.5438691,-37.10985,-10.80032,-31.9108
22.918719769,1.237675,5.535681,-22.36657,0.817038,-0.3020523,0.5002798,-37.105,-11.17492,-31.90964
22.928631783,0.742170199999999,4.195886,-20.40295,0.8029196,-0.265373,0.501615,-37.105,-11.17492,-31.90964
22.93854332,-1.177909,2.739586,-19.23706,0.7789809,-0.2239596,0.5045131,-37.105,-11.17492,-31.90964
22.948455334,-4.088998,2.797838,-18.13253,0.8119648,-0.1866081,0.5222228,-37.105,-11.17492,-31.90964
22.958367348,-9.29179500000003,3.205602,-16.72118,0.8358852,-0.1785233,0.5278173,-37.105,-11.17492,-31.90964
22.968279362,-15.4856,3.322106,-15.55528,0.8613013,-0.1889417,0.5145486,-37.09392,-11.92254,-31.52187
22.978191376,-20.81227,2.564831,-14.26666,0.8558327,-0.2061291,0.4856752,-37.09392,-11.92254,-31.52187
22.98810339,-24.83825,1.166783,-13.59167,0.8246434,-0.2171985,0.4830089,-37.09392,-11.92254,-31.52187
22.998015404,-26.82026,0.351256,-13.53031,0.821479,-0.2161313,0.5094541,-37.09392,-11.92254,-31.52187
23.007927418,-27.62546,1.458043,-13.10077,0.8454266,-0.1880324,0.5411102,-37.09392,-11.92254,-31.52187
23.017839432,-29.35972,4.195886,-13.7144,0.8114552,-0.153942,0.558457,-36.33869,-12.67507,-32.35863
23.027751446,-31.34174,6.70071999999997,-16.47573,0.8181934,-0.175615,0.5702543,-36.33869,-12.67507,-32.35863
23.040141106,-28.30678,9.61331700000002,-18.0098,0.8426263,-0.1931172,0.5958402,-36.33869,-12.67507,-32.35863
23.05005312,-25.76732,11.41913,-17.33481,0.8326005,-0.1592216,0.6115238,-36.33869,-12.67507,-32.35863
23.059965134,-26.01507,13.57445,-16.8439,0.8398921,-0.1291565,0.5948512,-36.33869,-12.67507,-32.35863
23.069877148,-27.06802,15.43851,-16.47573,0.8488672,-0.1399358,0.5514821,-36.72079,-12.3039,-33.19302
23.079789162,-26.8822,15.43851,-15.92346,0.8463224,-0.1600185,0.5182409,-36.72079,-12.3039,-33.19302
23.089701176,-27.62546,15.20551,-15.61665,0.8145846,-0.176003,0.5040233,-36.72079,-12.3039,-33.19302
23.09961319,-29.29778,14.68124,-15.8621,0.7898788,-0.1720531,0.4836312,-36.72079,-12.3039,-33.19302
23.109524727,-32.95213,12.40941,-16.04619,0.805915,-0.1360535,0.4683577,-36.72079,-12.3039,-33.19302
23.119436741,-39.33175,10.95311,-16.47573,0.8267723,-0.0844186,0.4646675,-35.97388,-12.30567,-33.64662
23.129348755,-48.43664,9.61331700000002,-17.21208,0.850528,-0.06129757,0.4718042,-35.97388,-12.30567,-33.64662
23.139260769,-57.5415299999998,9.38030999999998,-18.62343,0.8738416,-0.07644655,0.4863726,-35.97388,-12.30567,-33.64662
23.149172783,-64.9741099999998,10.25409,-19.85069,0.8906321,-0.124436,0.5415959,-35.97388,-12.30567,-33.64662
23.159084797,-68.9381399999998,12.75892,-20.1575,0.8841308,-0.208724,0.5718247,-35.97388,-12.30567,-33.64662
23.168996811,-68.6903799999998,15.72977,-18.68479,0.8572577,-0.2851393,0.5797268,-35.61068,-11.93811,-35.38433
23.178908825,-64.0450400000001,17.24433,-16.41436,0.8062402,-0.3363457,0.5515282,-35.61068,-11.93811,-35.38433
23.188820839,-56.24084,16.31229,-14.51211,0.7828069,-0.3541815,0.5343403,-35.61068,-11.93811,-35.38433
23.198732853,-46.64044,14.73949,-12.5485,0.8027288,-0.3544835,0.52167,-35.61068,-11.93811,-35.38433
23.20864439,-39.20787,14.33173,-10.76898,0.8280089,-0.3308264,0.5350382,-35.61068,-11.93811,-35.38433
23.218556404,-33.26182,14.62299,-9.11217699999998,0.851717,-0.3111448,0.5335096,-35.25556,-10.81952,-36.67463
23.228468418,-27.31577,15.43851,-7.57810399999998,0.8558305,-0.2966049,0.5225248,-35.25556,-10.81952,-36.67463
23.238380432,-22.42266,15.03075,-7.148564,0.8233171,-0.2951837,0.5007477,-35.25556,-10.81952,-36.67463
23.248292446,-19.44963,12.35116,-6.78038700000001,0.8012297,-0.2925763,0.4956875,-35.25556,-10.81952,-36.67463
23.25820446,-17.03405,9.78807399999997,-5.430403,0.7926688,-0.3052444,0.5043252,-35.25556,-10.81952,-36.67463
23.268116474,-15.85723,8.79779099999998,-3.650879,0.7875809,-0.3002823,0.5384966,-34.52782,-9.322647,-37.0686
23.278028488,-15.36172,9.205554,-2.362258,0.8075789,-0.2751789,0.5629669,-34.52782,-9.322647,-37.0686
23.287940502,-15.4856,10.54535,-1.932717,0.8123317,-0.2571401,0.5707257,-34.52782,-9.322647,-37.0686
23.297851563,-15.17591,12.00165,-1.073637,0.8146727,-0.2596025,0.5577233,-34.52782,-9.322647,-37.0686
23.307764053,-14.12296,12.11815,-0.09183015,0.813911,-0.2685311,0.5206988,-34.52782,-9.322647,-37.0686
23.32015419,-11.21187,10.02108,2.178597,0.8192366,-0.2909303,0.48929,-34.53427,-8.949883,-37.51947
23.330065727,-8.48660000000001,7.69100299999997,3.221767,0.8109317,-0.30225,0.4768072,-34.53427,-8.949883,-37.51947
23.339977264,-5.637449,4.953161,3.344493,0.7972686,-0.3214315,0.4571193,-34.53427,-8.949883,-37.51947
23.349889278,-2.168918,2.098815,3.958122,0.7817268,-0.3157191,0.4741067,-34.53427,-8.949883,-37.51947
23.359801293,0.5563561,0.1765001,4.878565,0.7881883,-0.2960726,0.5073087,-34.53427,-8.949883,-37.51947
23.369713307,2.476436,-0.2312636,5.18538,0.7874963,-0.2600868,0.5296421,-34.17132,-8.202491,-37.97344
23.379625321,2.724188,-0.1147597,5.92173499999998,0.7995989,-0.2243872,0.5595378,-34.17132,-8.202491,-37.97344
23.389537335,1.175737,0.409508,6.35127500000001,0.8149602,-0.1931202,0.5682469,-34.17132,-8.202491,-37.97344
23.399449349,-0.9301572,1.516295,6.84217800000002,0.8228447,-0.1978684,0.5686225,-34.17132,-8.202491,-37.97344
23.409361363,-2.41667,1.982311,7.51716999999999,0.8248069,-0.209548,0.5555623,-34.17132,-8.202491,-37.97344
23.419273377,-2.354732,3.380358,7.578534,0.8211067,-0.241682,0.5385769,-34.17132,-8.202491,-37.97344
23.429185391,-0.1869005,3.496862,7.82398500000003,0.8021399,-0.2584528,0.5290374,-34.17132,-8.202491,-37.97344
23.439096928,2.476436,3.030846,8.56033999999998,0.7884241,-0.254247,0.5315931,-34.17132,-8.202491,-37.97344
23.449008942,5.263648,1.865807,8.80579200000003,0.7808405,-0.2378831,0.5264904,-34.17132,-8.202491,-37.97344
23.458920956,7.12178899999997,0.642515800000001,8.80579200000003,0.7880123,-0.230071,0.519754,-34.17132,-8.202491,-37.97344
23.46883297,7.80310800000002,-0.580775400000001,8.68306499999997,0.792563,-0.2087227,0.5116915,-34.16971,-8.200661,-37.52373
23.478744984,7.67923199999999,-1.920571,8.31488799999999,0.7978342,-0.2067601,0.5034931,-34.16971,-8.200661,-37.52373
23.488656998,6.44047100000002,-3.202114,8.19216299999999,0.8144991,-0.1982382,0.5173203,-34.16971,-8.200661,-37.52373
23.498569012,4.024887,-3.318618,8.43761400000001,0.8240978,-0.2096687,0.5339609,-34.16971,-8.200661,-37.52373
23.508481026,1.299613,-2.270082,8.62170300000002,0.8346586,-0.2206073,0.5496356,-34.16971,-8.200661,-37.52373
23.51839304,-0.992095199999997,-0.8720351,8.43761400000001,0.8266726,-0.2400539,0.5587029,-34.53912,-8.575287,-37.52063
23.528305054,-2.540546,-0.4060195,8.68306499999997,0.8168552,-0.2450742,0.5491571,-34.53912,-8.575287,-37.52063
23.538216591,-3.779308,-0.755531299999998,9.17396900000002,0.8045086,-0.2545594,0.5261605,-34.53912,-8.575287,-37.52063
23.548128605,-3.593493,-1.862319,10.03305,0.7960875,-0.2586225,0.5108463,-34.53912,-8.575287,-37.52063
23.558040619,-2.168918,-3.202114,10.95349,0.8020341,-0.2702152,0.5049521,-34.53912,-8.575287,-37.52063
23.567952633,0.43248,-4.192397,11.87394,0.81681,-0.2685124,0.5173109,-33.79706,-8.202461,-37.97538
23.577864647,2.848064,-4.075893,12.91711,0.8301259,-0.2678,0.5291965,-33.79706,-8.202461,-37.97538
23.587776661,5.077834,-3.37687,13.83755,0.8384784,-0.2584067,0.5440668,-33.79706,-8.202461,-37.97538
23.600166798,7.369542,-2.153579,13.96028,0.8154567,-0.2421302,0.559273,-33.79706,-8.202461,-37.97538
23.610078335,8.67023999999999,-1.920571,13.5921,0.8050183,-0.2311278,0.5556015,-34.17456,-7.826065,-37.52488
23.619990349,9.41349700000002,-1.687563,13.53074,0.7831067,-0.2469654,0.5460955,-34.17456,-7.826065,-37.52488
23.629902363,10.77613,-2.270082,13.77619,0.7723336,-0.255889,0.5341318,-34.17456,-7.826065,-37.52488
23.639814377,12.75815,-2.736098,13.22392,0.7826152,-0.2562412,0.5349946,-34.17456,-7.826065,-37.52488
23.649726391,15.17374,-2.852602,12.24211,0.7899605,-0.2415095,0.5532709,-34.17456,-7.826065,-37.52488
23.659638405,16.28862,-2.677846,10.70804,0.8163427,-0.2187511,0.5776666,-34.17941,-7.45147,-37.52603
23.669550419,15.73118,-1.687563,8.49897699999999,0.8471103,-0.2096041,0.5846453,-34.17941,-7.45147,-37.52603
23.679462433,15.29761,0.5842639,6.90354199999998,0.8559567,-0.2584904,0.5794362,-34.17941,-7.45147,-37.52603
23.689374447,16.59831,0.933775699999999,7.701259,0.8090977,-0.3063531,0.5315349,-34.17941,-7.45147,-37.52603
23.699285984,21.55335,-1.396303,7.76262199999999,0.7611172,-0.3425954,0.4832413,-34.17941,-7.45147,-37.52603
23.709197998,28.24266,-5.88170400000003,8.56033999999998,0.7407528,-0.341548,0.4536667,-34.92793,-7.45153,-37.52214
23.719110012,33.25965,-10.2506,9.48078300000003,0.7576287,-0.30975,0.4676471,-34.92793,-7.45153,-37.52214
23.729022026,35.55136,-10.71662,9.29669499999999,0.7974665,-0.2562109,0.5050876,-34.92793,-7.45153,-37.52214
23.73893404,34.74616,-8.38653900000002,8.49897699999999,0.8413393,-0.2089,0.547251,-34.92793,-7.45153,-37.52214
23.748846054,31.4015,-6.52247499999999,8.19216299999999,0.8284841,-0.1969381,0.5474496,-34.92793,-7.45153,-37.52214
23.758758068,25.82708,-6.75548299999999,9.235332,0.7653728,-0.208966,0.5301873,-34.54583,-7.822697,-36.68775
23.768670082,20.8101,-9.551578,9.66487199999998,0.7247375,-0.2358425,0.493892,-34.54583,-7.822697,-36.68775
23.778582096,18.27064,-12.05641,9.84896099999999,0.702346,-0.2672912,0.4670007,-34.54583,-7.822697,-36.68775
23.78849411,17.52738,-13.92048,9.91032400000003,0.7126687,-0.257866,0.4832934,-34.54583,-7.822697,-36.68775
23.798405647,17.65126,-14.6195,8.25352600000003,0.7794193,-0.2151992,0.5098493,-34.54583,-7.822697,-36.68775
23.808317661,16.78412,-13.62922,5.614921,0.8374649,-0.1760072,0.5417441,-34.53938,-8.195462,-36.23689
23.818229675,13.8111,-12.28942,4.080848,0.8521601,-0.1597122,0.5633239,-34.53938,-8.195462,-36.23689
23.828141689,10.40451,-11.47389,2.546775,0.8438845,-0.1549191,0.5725554,-34.53938,-8.195462,-36.23689
23.838053703,7.24566599999997,-10.71662,0.460436,0.8275605,-0.1622879,0.593304,-34.53938,-8.195462,-36.23689
23.847965717,5.139772,-10.36711,-0.828185100000001,0.8135718,-0.182366,0.588498,-34.53938,-8.195462,-36.23689
23.857877731,3.777135,-10.19235,-1.809992,0.8268189,-0.1948601,0.578209,-35.27659,-8.942883,-35.78098
23.867789745,1.918993,-10.60011,-2.730435,0.8235326,-0.1814218,0.5596027,-35.27659,-8.942883,-35.78098
23.880179405,-0.1869005,-11.88166,-3.282701,0.8652589,-0.2003279,0.553329,-35.27659,-8.942883,-35.78098
23.890091419,-1.239847,-10.65837,-1.932717,0.9049463,-0.2553904,0.5919681,-35.27659,-8.942883,-35.78098
23.900003433,-1.425662,-6.40597199999999,0.2149844,0.8985226,-0.3130572,0.6132504,-35.27659,-8.942883,-35.78098
23.909915447,0.742170199999999,-1.978823,1.871783,0.8435863,-0.3306576,0.6237246,-36.01403,-9.690565,-35.38931
23.919827461,2.910002,1.283287,2.485412,0.8041303,-0.2996166,0.6271772,-36.01403,-9.690565,-35.38931
23.929739475,2.414498,3.322106,2.730864,0.7820289,-0.2499476,0.6281927,-36.01403,-9.690565,-35.38931
23.939651489,-0.4346527,5.186169,2.424049,0.790926,-0.2314992,0.6114277,-36.01403,-9.690565,-35.38931
23.949563503,-3.841246,7.28324000000001,3.774033,0.8488044,-0.2501948,0.6069267,-36.01403,-9.690565,-35.38931
23.959475517,-7.309776,9.90457699999998,6.41263799999999,0.8520306,-0.2817132,0.5985242,-35.63977,-9.690535,-35.39125
23.969387054,-9.78729900000003,12.0599,8.56033999999998,0.8337887,-0.3203063,0.5864318,-35.63977,-9.690535,-35.39125
23.979299068,-10.77831,13.16669,10.46259,0.8342377,-0.3466625,0.5516807,-35.63977,-9.690535,-35.39125
23.989211082,-10.15893,13.80746,11.87394,0.8039433,-0.3499579,0.5500183,-35.63977,-9.690535,-35.39125
23.999123096,-8.23884800000001,13.28319,12.85574,0.7890191,-0.3375916,0.5396752,-35.63977,-9.690535,-35.39125
24.00903511,-6.62845799999998,12.99193,14.88072,0.7980211,-0.3015276,0.5537568,-35.26712,-9.692335,-35.84291
24.018947124,-6.69039600000003,12.93368,17.21251,0.8145627,-0.2818505,0.5686198,-35.26712,-9.692335,-35.84291
24.028859138,-8.48660000000001,14.09872,19.5443,0.8412107,-0.278466,0.5962451,-35.26712,-9.692335,-35.84291
24.038771153,-11.02606,16.4288,21.50791,0.8482627,-0.2821753,0.6120003,-35.26712,-9.692335,-35.84291
24.048683167,-13.44164,19.16664,23.59425,0.8427792,-0.309366,0.6176319,-35.26712,-9.692335,-35.84291
24.058595181,-14.12296,20.7977,25.12832,0.8345883,-0.3294069,0.6060503,-36.04126,-7.820987,-36.23026
24.068506718,-12.51257,21.78798,26.6624,0.8165165,-0.3437695,0.5912368,-36.04126,-7.820987,-36.23026
24.078418732,-9.04404300000003,22.72001,28.01238,0.8022273,-0.3469308,0.5769432,-36.04126,-7.820987,-36.23026
24.088330746,-5.389697,22.89477,28.93283,0.7823018,-0.323952,0.5681576,-36.04126,-7.820987,-36.23026
24.09824276,-2.602484,22.487,29.66918,0.7705562,-0.2936211,0.5550237,-36.04126,-7.820987,-36.23026
24.108154774,-1.79729,22.02098,30.71235,0.7875247,-0.2803115,0.5563959,-34.92979,-7.073536,-36.68811
24.118066788,-2.10698,21.90448,31.81688,0.8002049,-0.2743157,0.5601599,-34.92979,-7.073536,-36.68811
24.127978802,-4.088998,22.31225,33.22823,0.821157,-0.2865252,0.5862935,-34.92979,-7.073536,-36.68811
24.137890816,-5.82326300000003,23.65204,34.88503,0.816211,-0.3161235,0.5938246,-34.92979,-7.073536,-36.68811
24.14780283,-7.681405,25.45785,36.11229,0.7902967,-0.334736,0.6198688,-34.92979,-7.073536,-36.68811
24.16019249,-10.53056,28.07919,36.78728,0.7787024,-0.3435902,0.6232781,-34.19396,-6.327683,-37.5295
24.170104504,-12.63645,30.35102,36.60319,0.7626532,-0.3437473,0.6315882,-34.19396,-6.327683,-37.5295
24.180016518,-14.86622,31.74907,35.80547,0.7456676,-0.3217042,0.622289,-34.19396,-6.327683,-37.5295
24.189928532,-17.2818,31.51606,35.37593,0.7522227,-0.305672,0.6127319,-34.19396,-6.327683,-37.5295
24.199840546,-19.82126,31.39955,35.74411,0.7554996,-0.2905831,0.6161633,-34.19396,-6.327683,-37.5295
24.20975256,-21.74134,31.2248,35.86683,0.77575,-0.2990069,0.6260033,-33.85339,-4.085311,-38.82326
24.219664574,-22.91817,32.56459,36.60319,0.7819253,-0.3177976,0.6339837,-33.85339,-4.085311,-38.82326
24.229576588,-24.15693,33.67138,37.09409,0.7803707,-0.3493207,0.6361888,-33.85339,-4.085311,-38.82326
24.239488125,-25.33375,34.77817,38.87362,0.7796224,-0.4016481,0.6449701,-33.85339,-4.085311,-38.82326
24.249400139,-25.70538,36.40922,40.28496,0.7546957,-0.4417067,0.6468544,-33.85339,-4.085311,-38.82326
24.259312153,-24.46662,37.80727,40.7145,0.7276083,-0.4426325,0.6269321,-33.11271,-3.714053,-39.66348
24.269224167,-23.16592,36.93349,40.83723,0.6985428,-0.4392042,0.6099381,-33.11271,-3.714053,-39.66348
24.279136181,-22.4846,34.77817,41.26677,0.6913554,-0.4150776,0.6048836,-33.11271,-3.714053,-39.66348
24.289048195,-23.97111,34.48691,41.45086,0.6934385,-0.4018162,0.6328018,-33.11271,-3.714053,-39.66348
24.298960209,-28.55453,36.29272,41.8804,0.6948146,-0.4025723,0.6707165,-33.11271,-3.714053,-39.66348
24.308872223,-36.73035,37.283,43.04629,0.6845952,-0.4095047,0.6674038,-31.64612,-1.848016,-41.41164
24.318784237,-46.45462,37.283,45.74626,0.6854365,-0.4393198,0.6191815,-31.64612,-1.848016,-41.41164
24.328696251,-55.68339,35.59369,50.16439,0.6932644,-0.4987317,0.5500507,-31.64612,-1.848016,-41.41164
24.338607788,-63.4256499999999,32.44809,55.50296,0.7095196,-0.583585,0.5099621,-31.64612,-1.848016,-41.41164
24.348519802,-67.6374399999998,29.7685,62.37561,0.7087722,-0.7046837,0.5336503,-31.64612,-1.848016,-41.41164
24.358431816,-67.7613100000001,28.66171,69.0641699999999,0.6951712,-0.7404093,0.5959587,-31.3088,0.7707833,-42.25684
24.36834383,-65.2837999999998,29.65199,72.3164099999998,0.6948067,-0.6959603,0.6601192,-31.3088,0.7707833,-42.25684
24.378255844,-62.0010800000002,32.50634,73.8504799999999,0.7136269,-0.6446317,0.6958188,-31.3088,0.7707833,-42.25684
24.388167858,-58.6564199999999,35.53544,75.7527200000001,0.717275,-0.6135004,0.706556,-31.3088,0.7707833,-42.25684
24.398079872,-55.00208,36.93349,76.7958999999998,0.6737349,-0.5869882,0.6879289,-31.3088,0.7707833,-42.25684
24.407991886,-50.35672,36.99174,76.3049900000001,0.6096532,-0.5636629,0.6651492,-30.23046,4.077969,-42.72259
24.4179039,-44.41067,36.23447,73.9118400000003,0.5597032,-0.5367703,0.6417823,-30.23046,4.077969,-42.72259
24.427815437,-35.86322,33.55487,71.7027699999997,0.5376613,-0.5168266,0.6137897,-30.23046,4.077969,-42.72259
24.440205574,-23.53755,30.35102,67.5300999999998,0.5325469,-0.4879848,0.5780174,-30.23046,4.077969,-42.72259
24.450117588,-12.63645,26.68114,63.3574200000002,0.5397971,-0.4908636,0.5664073,-27.34862,7.442503,-44.48282
24.460029602,-0.744343000000003,26.33163,59.6756400000001,0.5557426,-0.5056342,0.5781655,-27.34862,7.442503,-44.48282
24.469941616,12.5104,27.90443,55.9325,0.5524053,-0.5305107,0.5573837,-27.34862,7.442503,-44.48282
24.47985363,27.43747,30.29277,51.88255,0.5279096,-0.576447,0.5467408,-27.34862,7.442503,-44.48282
24.489765644,41.43547,30.17626,50.90075,0.4689946,-0.6131558,0.5283149,-27.34862,7.442503,-44.48282
24.499677658,49.92098,23.76855,52.49618,0.4069369,-0.5951363,0.5059613,-27.02285,11.18849,-44.49631
24.509589195,52.58432,17.30258,52.55754,0.4247914,-0.5369843,0.5508383,-27.02285,11.18849,-44.49631
24.519501209,48.99191,15.20551,51.33028,0.4942186,-0.4766053,0.6207016,-27.02285,11.18849,-44.49631
24.529413223,38.02888,17.01132,48.69168,0.5340219,-0.4069865,0.6736146,-27.02285,11.18849,-44.49631
24.539325237,23.03987,19.98217,44.70309,0.5344996,-0.3928399,0.6890696,-27.02285,11.18849,-44.49631
24.549237251,7.43147999999999,21.14721,41.20541,0.5070788,-0.4117397,0.6632687,-25.9012,10.80718,-46.17136
24.559149265,-6.62845799999998,20.21518,38.62816,0.4588853,-0.4327225,0.6597334,-25.9012,10.80718,-46.17136
24.569061279,-17.34374,20.33168,36.54182,0.4354377,-0.4742199,0.6611142,-25.9012,10.80718,-46.17136
24.578973293,-22.79429,18.64237,35.2532,0.4242723,-0.532607,0.6483443,-25.9012,10.80718,-46.17136
24.588885307,-25.086,17.01132,34.21003,0.4451434,-0.5748541,0.6790802,-25.9012,10.80718,-46.17136
24.598796844,-24.40468,18.75887,33.04414,0.4659033,-0.6259397,0.6886312,-24.02853,10.8089,-45.79562
24.608708858,-21.67941,20.38993,31.57143,0.4414694,-0.6547707,0.7040302,-24.02853,10.8089,-45.79562
24.618620872,-19.44963,20.38993,32.1237,0.3950386,-0.6641223,0.6952743,-24.02853,10.8089,-45.79562
24.628532886,-17.52956,16.02103,32.30779,0.3643292,-0.6549506,0.6677702,-24.02853,10.8089,-45.79562
24.6384449,-14.49459,11.18612,29.36236,0.3657624,-0.6239786,0.6530784,-24.02853,10.8089,-45.79562
24.648356914,-10.09699,11.12787,26.53967,0.3927144,-0.5711765,0.6728673,-23.3121,13.05314,-46.64162
24.658268928,-7.86721900000001,12.0599,23.96243,0.4065872,-0.5306709,0.6902946,-23.3121,13.05314,-46.64162
24.668180942,-9.47760899999999,13.45795,20.0352,0.4269004,-0.512481,0.6897478,-23.3121,13.05314,-46.64162
24.678092956,-11.64544,11.59388,18.80795,0.4042995,-0.5306197,0.7056811,-23.3121,13.05314,-46.64162
24.68800497,-14.12296,5.419177,19.36021,0.3810039,-0.6042331,0.6842792,-23.3121,13.05314,-46.64162
24.697916508,-15.60948,4.02113,18.50113,0.4046731,-0.6535918,0.645799,-22.20872,14.55161,-46.65207
24.707828522,-15.4856,8.68128599999997,16.84433,0.4067502,-0.6537525,0.6097668,-22.20872,14.55161,-46.65207
24.720218658,-16.35273,18.29286,7.39444499999999,0.3630184,-0.5339299,0.6340172,-22.20872,14.55161,-46.65207
24.730130672,-16.53855,20.04042,1.503605,0.3228917,-0.4785992,0.6482012,-22.20872,14.55161,-46.65207
24.740042686,-17.65343,18.81713,-0.950910899999997,0.3184514,-0.4698944,0.6545424,-22.20872,14.55161,-46.65207
24.7499547,-18.087,19.4579,-3.589516,0.3517854,-0.4999174,0.6751611,-21.4602,14.55167,-46.65596
24.759866714,-13.00808,20.50644,-6.596298,0.3545868,-0.5496969,0.6992916,-21.4602,14.55167,-46.65596
24.769778252,-5.265821,19.74916,-9.35762899999997,0.3563256,-0.6092888,0.7036801,-21.4602,14.55167,-46.65596
24.779690266,-0.1249625,22.07924,-12.48714,0.3824941,-0.6090806,0.680872,-21.4602,14.55167,-46.65596
24.78960228,4.953958,23.71029,-15.80074,0.3936872,-0.5711669,0.6723782,-21.4602,14.55167,-46.65596
24.799514294,12.57234,24.75883,-20.83249,0.3849263,-0.5261385,0.6814021,-20.33904,14.54993,-47.11151
24.809426308,21.3056,27.03065,-27.70514,0.3839453,-0.490303,0.6754078,-20.33904,14.54993,-47.11151
24.819338322,29.79111,29.47724,-34.51642,0.3556967,-0.4866979,0.690578,-20.33904,14.54993,-47.11151
24.829250336,36.29461,31.05004,-38.6891,0.3571535,-0.4920506,0.6833265,-20.33904,14.54993,-47.11151
24.83916235,39.63927,31.45781,-39.36409,0.3694339,-0.4550434,0.6844198,-20.33904,14.54993,-47.11151
24.849074364,39.82508,30.99179,-40.28453,0.3643,-0.432296,0.7825711,-20.71952,14.92292,-47.49619
24.858986378,36.41849,30.75878,-42.06406,0.39903,-0.5481824,0.791081,-20.71952,14.92292,-47.49619
24.868897915,36.04686,31.57431,-42.12542,0.4403316,-0.6490037,0.7905075,-20.71952,14.92292,-47.49619
24.878809929,37.34756,32.56459,-41.32771,0.4544111,-0.6410734,0.78995,-20.71952,14.92292,-47.49619
24.888721943,37.28562,34.48691,-43.84358,0.4351729,-0.545799,0.7898024,-20.71952,14.92292,-47.49619
24.898633957,34.12678,36.00146,-48.4458,0.3730791,-0.4478071,0.7622199,-19.58218,13.41914,-48.84655
24.908545971,30.34856,35.59369,-50.28669,0.3455652,-0.4191988,0.735296,-19.58218,13.41914,-48.84655
24.918457985,24.52638,33.55487,-48.81398,0.3806291,-0.4678514,0.7120801,-19.58218,13.41914,-48.84655
24.928369999,20.31459,30.05976,-45.25493,0.4320721,-0.6415325,0.6614711,-19.58218,13.41914,-48.84655
24.938282013,19.88103,27.61317,-39.30273,0.4897873,-0.7859096,0.636928,-19.58218,13.41914,-48.84655
24.948194027,23.03987,27.84618,-33.90279,0.5119317,-0.782146,0.6549942,-18.80755,11.16823,-49.6787
24.958106041,23.03987,28.3122,-33.2278,0.4670888,-0.6189902,0.7169959,-18.80755,11.16823,-49.6787
24.968017578,15.97893,25.92387,-36.5414,0.400476,-0.45331,0.7571283,-18.80755,11.16823,-49.6787
24.977929592,-0.1869005,20.85595,-37.70729,0.3660716,-0.3318972,0.6915134,-18.80755,11.16823,-49.6787
24.987841606,-17.65343,15.089,-37.83002,0.4093444,-0.397085,0.6388218,-18.80755,11.16823,-49.6787
25.000231743,-30.10298,8.39002600000001,-31.0801,0.4948884,-0.6984388,0.569281,-17.2828,8.919211,-50.06503
25.010143757,-27.62546,9.55506599999997,-23.22565,0.4896691,-0.7915853,0.5711095,-17.2828,8.919211,-50.06503
25.020055771,-17.2818,14.04047,-21.63021,0.3914869,-0.6957001,0.5981047,-17.2828,8.919211,-50.06503
25.029967785,-6.814272,16.07928,-28.44149,0.2654208,-0.5852971,0.593284,-17.2828,8.919211,-50.06503
25.039879322,1.175737,11.18612,-34.08688,0.245105,-0.5405614,0.6672341,-17.2828,8.919211,-50.06503
25.049791336,0.804108299999999,6.70071999999997,-34.57779,0.3464079,-0.5836295,0.7202682,-16.90369,8.544646,-50.06582
25.05970335,-3.531555,5.069665,-30.77328,0.442382,-0.6191826,0.7393104,-16.90369,8.544646,-50.06582
25.069615364,-7.61946700000001,3.555114,-25.74153,0.4706703,-0.6364257,0.712045,-16.90369,8.544646,-50.06582
25.079527378,-7.24783800000001,3.263854,-23.83928,0.4598639,-0.661952,0.6774035,-16.90369,8.544646,-50.06582
25.089439392,-2.292794,3.613366,-23.10292,0.3938884,-0.6108139,0.6932392,-16.90369,8.544646,-50.06582
25.099351406,-0.5585288,3.904626,-25.49607,0.3412561,-0.5182219,0.7236325,-16.90045,8.168221,-50.51438
25.10926342,-1.673414,3.380358,-28.68694,0.3313803,-0.5101019,0.7237779,-16.90045,8.168221,-50.51438
25.119175434,-3.655432,2.506578,-28.38013,0.3454925,-0.569463,0.7429384,-16.90045,8.168221,-50.51438
25.129087448,-4.460626,2.390074,-27.45969,0.3961897,-0.641093,0.7391114,-16.90045,8.168221,-50.51438
25.138998985,-2.726361,1.691051,-24.69836,0.4133936,-0.6705879,0.7133074,-16.90045,8.168221,-50.51438
25.148910999,-0.4965908,0.933775699999999,-22.9802,0.4398705,-0.6333943,0.7161913,-16.90691,8.540986,-50.96524
25.158823013,-0.3727147,1.807555,-23.16428,0.4313532,-0.574829,0.7171404,-16.90691,8.540986,-50.96524
25.168735027,-3.345741,2.331823,-23.83928,0.3968664,-0.5161288,0.7130488,-16.90691,8.540986,-50.96524
25.178647041,-7.86721900000001,3.263854,-25.06653,0.386978,-0.4482636,0.7342392,-16.90691,8.540986,-50.96524
25.188559055,-14.80428,1.458043,-26.84606,0.3856584,-0.490396,0.746935,-16.90691,8.540986,-50.96524
25.198471069,-19.01607,1.108532,-25.98698,0.4484451,-0.5987679,0.7345887,-16.53105,8.542846,-50.51748
25.208383083,-18.83025,1.516295,-23.16428,0.5006477,-0.6359737,0.7271358,-16.53105,8.542846,-50.51748
25.218295097,-16.60048,3.846374,-20.70977,0.5066707,-0.5989944,0.7378899,-16.53105,8.542846,-50.51748
25.228206635,-14.86622,5.011413,-19.85069,0.4511982,-0.5171223,0.764877,-16.53105,8.542846,-50.51748
25.238118649,-14.9901,6.584216,-22.24384,0.4193003,-0.4597797,0.7732365,-16.53105,8.542846,-50.51748
25.248030663,-12.76033,7.45799500000003,-25.43471,0.3881908,-0.4795881,0.7681105,-17.27632,8.166361,-50.96215
25.257942677,-10.03505,6.351208,-26.60061,0.4252525,-0.5901369,0.7718329,-17.27632,8.166361,-50.96215
25.267855167,-10.40668,5.82694100000001,-23.34837,0.5026491,-0.6898236,0.7161951,-17.27632,8.166361,-50.96215
25.277767181,-12.45063,6.70071999999997,-17.64162,0.5416073,-0.6216202,0.6850789,-17.27632,8.166361,-50.96215
25.290156841,-19.94514,8.27352199999998,-14.57348,0.4938671,-0.4994579,0.7026596,-17.65382,8.542756,-50.51164
25.300069332,-27.19189,9.14730199999998,-14.2053,0.4529025,-0.4508959,0.7225683,-17.65382,8.542756,-50.51164
25.309981346,-31.89918,11.36088,-15.73937,0.4325969,-0.4705452,0.7221451,-17.65382,8.542756,-50.51164
25.31989336,-31.46562,13.57445,-17.64162,0.4085741,-0.486976,0.6968094,-17.65382,8.542756,-50.51164
25.329805374,-29.17391,16.25404,-20.1575,0.3797975,-0.431211,0.6739192,-17.65382,8.542756,-50.51164
25.339716911,-29.35972,19.22489,-26.17107,0.3377122,-0.2878707,0.6478943,-16.91799,9.288608,-51.35302
25.349628925,-33.57151,20.15692,-34.8846,0.2928657,-0.1788632,0.6461544,-16.91799,9.288608,-51.35302
25.359540939,-41.80927,19.05013,-45.62311,0.3065431,-0.1621134,0.6643856,-16.91799,9.288608,-51.35302
25.369452953,-52.64843,17.06957,-54.27528,0.3523108,-0.2643089,0.6685632,-16.91799,9.288608,-51.35302
25.379364967,-65.1599199999998,14.50648,-57.09797,0.4115121,-0.4708395,0.716096,-16.91799,9.288608,-51.35302
25.389276981,-73.8312499999998,11.12787,-55.62526,0.5140502,-0.7032606,0.71552,-16.92146,9.664772,-50.96871
25.399188995,-76.6804,13.22494,-48.87534,0.6409653,-0.8103037,0.7117125,-16.92146,9.664772,-50.96871
25.409101009,-76.1229599999998,20.21518,-42.92314,0.6420143,-0.7434342,0.7015848,-16.92146,9.664772,-50.96871
25.419013023,-76.0610099999999,25.63261,-38.44365,0.5653847,-0.6384791,0.7428458,-16.92146,9.664772,-50.96871
25.428925037,-76.0610099999999,29.12773,-40.46862,0.4844478,-0.5498765,0.7264188,-16.92146,9.664772,-50.96871
25.438836575,-74.1409399999997,33.26361,-45.62311,0.4520796,-0.5320427,0.6903449,-16.19397,11.54147,-50.07895
25.448748589,-69.0620199999998,36.46747,-50.5935,0.4296928,-0.5927574,0.6296475,-16.19397,11.54147,-50.07895
25.458660603,-59.33774,35.12768,-51.45258,0.4156933,-0.6945441,0.5758013,-16.19397,11.54147,-50.07895
25.468572617,-45.58749,30.99179,-49.97987,0.4146116,-0.7916748,0.5473151,-16.19397,11.54147,-50.07895
25.478484631,-29.9791,28.02094,-46.42083,0.4578931,-0.8709956,0.5742355,-16.19397,11.54147,-50.07895
25.488396645,-18.83025,25.69086,-43.41404,0.5032153,-0.9065935,0.6129522,-15.10514,14.16373,-50.09286
25.498308659,-11.21187,20.68119,-32.98235,0.5712588,-0.9208238,0.6035853,-15.10514,14.16373,-50.09286
25.508220673,-6.62845799999998,19.5744,-22.79611,0.5924008,-0.8856261,0.6084258,-15.10514,14.16373,-50.09286
25.518132687,-4.956131,19.16664,-15.43256,0.551083,-0.8367603,0.5942485,-15.10514,14.16373,-50.09286
25.528044701,-4.460626,19.05013,-11.44397,0.4963822,-0.7627879,0.5918862,-15.10514,14.16373,-50.09286
25.537956238,-5.575511,19.22489,-10.52352,0.4260653,-0.7141132,0.6106266,-15.11484,14.91292,-50.09517
25.547868252,-7.12396199999998,18.17636,-11.01443,0.3598714,-0.6847917,0.6272793,-15.11484,14.91292,-50.09517
25.557780266,-9.47760899999999,15.84628,-12.18032,0.3273163,-0.6733877,0.6607873,-15.11484,14.91292,-50.09517
25.570170402,-12.76033,14.21522,-12.79395,0.3582019,-0.6456428,0.7010198,-15.11484,14.91292,-50.09517
25.580082416,-14.9901,12.87543,-12.42577,0.4071568,-0.6449998,0.7072935,-15.11484,14.91292,-50.09517
25.58999443,-14.6804,12.40941,-10.70761,0.4573946,-0.6851617,0.6955177,-14.7535,15.65848,-50.99885
25.599906444,-12.3887,11.30262,-7.946282,0.4785851,-0.7292027,0.6599768,-14.7535,15.65848,-50.99885
25.609817982,-9.10597999999999,10.72011,-4.694048,0.4779356,-0.7612392,0.6544876,-14.7535,15.65848,-50.99885
25.619729996,-6.25683000000001,8.97254599999999,-0.705459200000001,0.4599169,-0.7965498,0.6203278,-14.7535,15.65848,-50.99885
25.62964201,-4.708378,4.545397,4.14221,0.4441033,-0.8270766,0.5684136,-14.7535,15.65848,-50.99885
25.639554024,-1.983104,0.001744238,7.82398500000003,0.4677313,-0.8064609,0.5601697,-13.63049,15.65883,-50.94044
25.649466038,0.804108299999999,-0.755531299999998,11.9353,0.4854615,-0.778857,0.6048444,-13.63049,15.65883,-50.94044
25.659378052,1.547365,-0.1730116,16.10798,0.4805499,-0.7316126,0.6580219,-13.63049,15.65883,-50.94044
25.669290066,-1.054033,1.516295,18.86931,0.4719963,-0.6713542,0.7050778,-13.63049,15.65883,-50.94044
25.67920208,-5.203883,3.671618,20.15793,0.4633186,-0.6577415,0.7330979,-13.63049,15.65883,-50.94044
25.689114094,-7.37171500000001,4.312389,21.26246,0.4507134,-0.6939423,0.7012829,-14.00983,16.03313,-51.00389
25.699026108,-5.389697,1.05028,23.47153,0.4496264,-0.7513241,0.6711408,-14.00983,16.03313,-51.00389
25.708937645,-0.682404900000003,-4.075893,26.47831,0.4617805,-0.8153494,0.6369908,-14.00983,16.03313,-51.00389
25.718849659,6.37853299999997,-10.54186,32.18506,0.5027108,-0.8432019,0.5903316,-14.00983,16.03313,-51.00389
25.728761673,16.10281,-12.69718,37.83044,0.5479116,-0.8164328,0.5948935,-14.00983,16.03313,-51.00389
25.738673687,21.73917,-10.30885,42.18721,0.538708,-0.7591913,0.6227289,-13.26455,16.40962,-50.55923
25.748585701,23.59731,-6.46422299999998,42.3713,0.4694863,-0.6528911,0.6250376,-13.26455,16.40962,-50.55923
25.758497715,22.48243,-5.124428,40.2236,0.3684414,-0.5848106,0.6264256,-13.26455,16.40962,-50.55923
25.768409729,17.83707,-11.64865,38.50544,0.3034395,-0.5687845,0.6007249,-13.26455,16.40962,-50.55923
25.778321743,15.66924,-23.64855,41.20541,0.326821,-0.6577963,0.5831101,-13.26455,16.40962,-50.55923
25.788233757,13.74916,-31.62907,47.3417,0.4383993,-0.7646345,0.5621601,-13.25485,15.66043,-50.55692
25.798145771,13.62528,-32.26984,54.33707,0.5536733,-0.8154387,0.5857238,-13.25485,15.66043,-50.55692
25.808057308,11.51939,-27.72619,60.2892699999999,0.6004857,-0.7876004,0.605643,-13.25485,15.66043,-50.55692
25.817969322,7.74116999999998,-22.36701,62.1915199999998,0.5425075,-0.6989613,0.6346189,-13.25485,15.66043,-50.55692
25.827881336,0.927984400000002,-20.26994,62.4983300000001,0.457896,-0.639792,0.6545217,-13.25485,15.66043,-50.55692
25.83779335,-8.23884800000001,-18.93014,63.41878,0.3884526,-0.577013,0.6795901,-13.62911,15.6604,-50.55497
25.850183487,-22.42266,-17.00783,62.37561,0.3514965,-0.5622497,0.7170024,-13.62911,15.6604,-50.55497
25.860095501,-35.49159,-18.58063,64.7687700000001,0.3278712,-0.6157863,0.73463,-13.62911,15.6604,-50.55497
25.870007515,-47.63145,-19.80392,65.62785,0.330168,-0.6843649,0.6875766,-13.62911,15.6604,-50.55497
25.879919052,-56.1789,-22.19225,65.0755799999999,0.3467762,-0.7458683,0.6615649,-13.62911,15.6604,-50.55497
25.889831066,-59.2757999999997,-22.60002,64.8914900000003,0.3883577,-0.8102067,0.6833192,-13.26131,16.03319,-51.00779
25.89974308,-62.6204499999998,-21.72624,65.5664799999999,0.3901971,-0.8558483,0.6661926,-13.26131,16.03319,-51.00779
25.909655094,-61.3816900000001,-21.78449,63.3574200000002,0.3253288,-0.8017127,0.6028119,-13.26131,16.03319,-51.00779
25.919567108,-58.0989800000003,-22.48351,55.19615,0.2520263,-0.6521437,0.5439863,-13.26131,16.03319,-51.00779
25.929479122,-55.86921,-25.80387,46.60534,0.2487331,-0.5004294,0.543587,-13.26131,16.03319,-51.00779
25.939391136,-56.55053,-24.52233,42.30994,0.2977912,-0.455103,0.5645623,-13.29229,19.03885,-48.8327
25.94930315,-57.29378,-22.89128,39.97815,0.2696679,-0.4289936,0.6182939,-13.29229,19.03885,-48.8327
25.959215164,-54.69238,-20.61945,31.93961,0.2557834,-0.4209731,0.6088725,-13.29229,19.03885,-48.8327
25.969127178,-51.16191,-18.52238,23.47153,0.2640074,-0.445793,0.5711788,-13.29229,19.03885,-48.8327
25.979038715,-49.24184,-17.59035,18.01023,0.3041948,-0.5449945,0.5115669,-13.29229,19.03885,-48.8327
25.988950729,-44.96811,-14.736,16.29206,0.3365901,-0.6671957,0.5234175,-12.94899,21.66444,-48.00754
25.998862743,-36.4826,-10.54186,14.5739,0.3276151,-0.7776226,0.5678997,-12.94899,21.66444,-48.00754
26.008774757,-28.43065,-7.39625499999999,11.50576,0.3020062,-0.7816904,0.5930777,-12.94899,21.66444,-48.00754
26.018686771,-21.43165,-6.28946699999999,5.492195,0.3127264,-0.7049983,0.5838863,-12.94899,21.66444,-48.00754
26.028598785,-14.30878,-3.668129,1.258154,0.3592336,-0.6663474,0.539059,-12.94899,21.66444,-48.00754
26.038510799,-7.18590000000003,-0.1147597,-2.178169,0.373818,-0.6357244,0.5189615,-12.98158,24.66826,-46.28217
26.048422813,1.237675,3.263854,-7.33265300000001,0.3592153,-0.6383126,0.5224404,-12.98158,24.66826,-46.28217
26.058334827,12.38652,6.351208,-12.42577,0.3321547,-0.6638543,0.523961,-12.98158,24.66826,-46.28217
26.068247318,23.22568,8.97254599999999,-17.21208,0.3119954,-0.6805006,0.5413222,-12.98158,24.66826,-46.28217
26.078159332,31.83507,12.40941,-20.95522,0.3237681,-0.6647243,0.5634057,-12.98158,24.66826,-46.28217
26.088071346,38.58632,12.29291,-23.34837,0.2984966,-0.6288648,0.620537,-14.10921,25.04277,-46.27748
26.09798336,39.39151,11.41913,-26.1097,0.2984771,-0.6656998,0.6231727,-14.10921,25.04277,-46.27748
26.107894897,35.67523,11.9434,-27.70514,0.3246541,-0.7042633,0.6034674,-14.10921,25.04277,-46.27748
26.117806911,29.48143,14.38998,-28.62558,0.3533252,-0.7164291,0.6194466,-14.10921,25.04277,-46.27748
26.130197048,20.19072,17.65209,-30.77328,0.3693584,-0.7443247,0.6243941,-14.10921,25.04277,-46.27748
26.140109062,13.99691,20.09867,-30.95737,0.3855921,-0.7799209,0.6398522,-14.1138,25.03754,-47.56237
26.150021076,7.80310800000002,21.78798,-29.9142,0.3661404,-0.7908421,0.6375585,-14.1138,25.03754,-47.56237
26.15993309,2.538374,19.34139,-30.5892,0.3271012,-0.7739788,0.617385,-14.1138,25.03754,-47.56237
26.169845104,0.618294100000002,16.37054,-33.78007,0.3250526,-0.7425925,0.5974464,-14.1138,25.03754,-47.56237
26.179756641,1.485427,15.67152,-36.84821,0.3472786,-0.7170835,0.6012521,-14.1138,25.03754,-47.56237
26.189668655,3.405506,17.18607,-38.32092,0.3920121,-0.7042073,0.6393368,-13.33619,22.79003,-47.55935
26.199580669,4.210701,18.81713,-38.38229,0.4104304,-0.713079,0.6607145,-13.33619,22.79003,-47.55935
26.209492683,2.786126,19.51615,-37.70729,0.4081473,-0.7522894,0.6782402,-13.33619,22.79003,-47.55935
26.219404697,3.033878,19.05013,-34.02552,0.4246264,-0.8282458,0.6703795,-13.33619,22.79003,-47.55935
26.229316711,7.865046,19.4579,-30.5892,0.4043329,-0.8732546,0.6414577,-13.71206,22.78817,-48.00711
26.239228725,18.58033,20.50644,-31.81645,0.3372955,-0.8777823,0.5839484,-13.71206,22.78817,-48.00711
26.249140739,31.4015,18.17636,-34.20961,0.2775137,-0.8827471,0.5182064,-13.71206,22.78817,-48.00711
26.259052754,43.35555,11.9434,-34.14824,0.2806073,-0.8645872,0.4597194,-13.71206,22.78817,-48.00711
26.268964768,53.51339,5.88519199999999,-34.70051,0.3095248,-0.7985847,0.4959036,-13.71206,22.78817,-48.00711
26.278876305,59.7072000000001,3.263854,-35.55959,0.3933517,-0.7579137,0.5640619,-14.07636,21.65912,-49.28659
26.288788319,61.6272799999999,3.904626,-35.06869,0.4746101,-0.7424553,0.6383181,-14.07636,21.65912,-49.28659
26.298700333,58.5923100000001,7.05023200000001,-31.87782,0.5187943,-0.7547342,0.6887245,-14.07636,21.65912,-49.28659
26.308612347,51.53137,9.78807399999997,-25.98698,0.5037522,-0.7709613,0.681073,-14.07636,21.65912,-49.28659
26.318524361,43.66524,9.14730199999998,-20.77113,0.4312732,-0.7672965,0.6270296,-14.07636,21.65912,-49.28659
26.328436375,34.56035,5.302673,-12.0576,0.4236569,-0.7919254,0.5707575,-13.66816,19.03699,-49.28046
26.338348389,30.28662,-0.05650773,-6.16675799999997,0.3684991,-0.7647719,0.5167105,-13.66816,19.03699,-49.28046
26.348260403,29.35755,-5.007925,-6.78038700000001,0.3335404,-0.7153372,0.5034385,-13.66816,19.03699,-49.28046
26.358172417,30.10081,-7.27975100000002,-10.76898,0.3427734,-0.6850066,0.533325,-13.66816,19.03699,-49.28046
26.368084431,32.14476,-6.52247499999999,-14.26666,0.3659013,-0.6970772,0.5810465,-13.66816,19.03699,-49.28046
26.377995968,35.67523,-4.658412,-15.06438,0.3898587,-0.7479888,0.6164976,-13.6372,16.41142,-50.10757
26.387907982,39.63927,-3.959389,-11.62806,0.3891446,-0.8002983,0.6286399,-13.6372,16.41142,-50.10757
26.397819996,43.47943,-5.124428,-5.491766,0.393845,-0.833258,0.6192538,-13.6372,16.41142,-50.10757
26.410210133,49.23967,-10.94963,2.976315,0.4037519,-0.8216101,0.5976326,-13.6372,16.41142,-50.10757
26.420122147,51.71719,-13.97873,7.08763000000002,0.450497,-0.7496648,0.6149653,-13.6372,16.41142,-50.10757
26.430034161,50.35455,-14.38649,7.026268,0.454506,-0.646647,0.6497058,-14.37924,15.65851,-51.00079
26.439946175,45.77113,-13.86222,4.264936,0.4234402,-0.555222,0.6837331,-14.37924,15.65851,-51.00079
26.449857712,40.5064,-13.2797,1.074065,0.3993076,-0.5278073,0.6990238,-14.37924,15.65851,-51.00079
26.459769726,36.04686,-12.05641,0.460436,0.3915803,-0.5734607,0.7026324,-14.37924,15.65851,-51.00079
26.46968174,33.63128,-11.88166,2.853589,0.3830611,-0.6643954,0.6713753,-14.37924,15.65851,-51.00079
26.479593754,35.17973,-13.57096,6.78081600000001,0.3824166,-0.7339903,0.6224216,-15.10351,13.78547,-50.99113
26.489505768,40.44446,-18.23112,11.07622,0.3868535,-0.762209,0.592903,-15.10351,13.78547,-50.99113
26.499417782,44.53238,-21.49323,12.73302,0.4360626,-0.7324139,0.6104122,-15.10351,13.78547,-50.99113
26.509329796,47.0099,-24.11457,15.61707,0.4855615,-0.6875942,0.6260982,-15.10351,13.78547,-50.99113
26.51924181,47.5054,-23.93981,15.55571,0.4846025,-0.5995521,0.6833523,-15.10351,13.78547,-50.99113
26.529153824,44.96594,-22.48351,16.16934,0.4676155,-0.5894566,0.7075845,-14.71123,12.28555,-51.37393
26.539065838,41.49741,-21.20197,18.80795,0.4020699,-0.5937047,0.7004799,-14.71123,12.28555,-51.37393
26.548977375,39.14376,-21.43498,22.30563,0.3534504,-0.5988116,0.6740066,-14.71123,12.28555,-51.37393
26.558889389,38.77214,-23.7068,24.45333,0.3453847,-0.6470801,0.6415891,-14.71123,12.28555,-51.37393
26.568801403,40.13477,-27.84269,26.78512,0.3775643,-0.6374555,0.6437564,-14.71123,12.28555,-51.37393
26.578713417,40.93997,-29.82326,26.78512,0.4412282,-0.6146567,0.6798115,-15.81323,10.78865,-50.97801
26.588625431,40.63028,-28.94948,25.74195,0.5010252,-0.5918836,0.7202237,-15.81323,10.78865,-50.97801
26.598537445,39.88702,-27.55143,25.12832,0.5135276,-0.5925612,0.7465123,-15.81323,10.78865,-50.97801
26.608449459,40.01089,-26.26989,27.03057,0.4782582,-0.5915722,0.7415633,-15.81323,10.78865,-50.97801
26.61836195,40.44446,-25.97863,30.28281,0.4250238,-0.5890408,0.7031797,-15.81323,10.78865,-50.97801
26.628273964,40.13477,-27.14367,33.04414,0.3838943,-0.5708086,0.6715109,-16.16672,9.291805,-50.58598
26.638185978,39.70121,-29.18249,34.7623,0.3760632,-0.5477443,0.6501299,-16.16672,9.291805,-50.58598
26.648097992,38.77214,-31.45431,35.56002,0.4013594,-0.5328593,0.6547966,-16.16672,9.291805,-50.58598
26.658010006,37.03787,-32.6776,35.62138,0.4644009,-0.5328146,0.6988686,-16.16672,9.291805,-50.58598
26.66792202,35.86105,-30.63879,36.29637,0.5359681,-0.5718188,0.7656492,-16.16672,9.291805,-50.58598
26.677834034,37.53337,-26.03688,38.5668,0.5501528,-0.6467518,0.7736617,-18.01838,7.793535,-50.50739
26.690223694,42.55036,-24.81359,43.29174,0.4647456,-0.6601831,0.7263463,-18.01838,7.793535,-50.50739
26.700135708,45.83307,-27.14367,45.6849,0.3996857,-0.6024842,0.6961221,-18.01838,7.793535,-50.50739
26.710047722,46.08083,-31.27956,45.99171,0.3660911,-0.5291821,0.7007624,-18.01838,7.793535,-50.50739
26.719959736,43.97493,-33.08537,43.65992,0.399583,-0.4781562,0.7363242,-18.01838,7.793535,-50.50739
26.72987175,40.01089,-31.45431,40.83723,0.4847827,-0.4792188,0.7941085,-18.75421,7.047683,-49.66601
26.739783764,35.67523,-28.13395,40.40769,0.5309354,-0.522686,0.8092373,-18.75421,7.047683,-49.66601
26.749695778,33.25965,-25.10485,41.57358,0.5132139,-0.5597933,0.8019516,-18.75421,7.047683,-49.66601
26.759607315,32.14476,-25.68737,43.59856,0.4492349,-0.5764145,0.7424128,-18.75421,7.047683,-49.66601
26.769519329,32.33058,-28.42521,44.519,0.4022159,-0.5302229,0.6936991,-18.75421,7.047683,-49.66601
26.779431343,33.44546,-29.99801,43.90537,0.3959367,-0.4895349,0.7012306,-19.47202,4.801881,-49.20547
26.789343357,33.75515,-30.05627,42.67812,0.416138,-0.4765208,0.7313805,-19.47202,4.801881,-49.20547
26.799255371,33.87903,-28.01745,41.75767,0.4264931,-0.4868304,0.7753906,-19.47202,4.801881,-49.20547
26.809167385,34.99392,-25.80387,39.36452,0.4437039,-0.5141221,0.8004979,-19.47202,4.801881,-49.20547
26.819079399,36.54237,-24.58058,38.75089,0.4560507,-0.5314661,0.7921056,-19.47202,4.801881,-49.20547
26.828991413,36.29461,-25.74562,40.59178,0.4513901,-0.5021487,0.7534512,-20.96768,4.803329,-48.81222
26.838903427,33.07383,-26.44465,40.2236,0.4563575,-0.4788806,0.7405959,-20.96768,4.803329,-48.81222
26.848814964,30.34856,-26.85241,39.85542,0.4454985,-0.4656582,0.6985306,-20.96768,4.803329,-48.81222
26.858726978,28.3046,-26.96891,38.93498,0.4414406,-0.4496857,0.7029958,-20.96768,4.803329,-48.81222
26.868638992,26.19871,-26.5029,37.64636,0.4437335,-0.4626565,0.7206541,-20.96768,4.803329,-48.81222
26.878551006,23.59731,-25.92038,36.78728,0.4503821,-0.4755956,0.7339509,-21.33548,4.430534,-48.35941
26.88846302,20.87204,-24.69709,36.35773,0.466129,-0.4729086,0.7467874,-21.33548,4.430534,-48.35941
26.898375034,17.89901,-23.99806,36.4191,0.4864222,-0.4886272,0.7522569,-21.33548,4.430534,-48.35941
26.908287048,14.80211,-22.65827,36.84864,0.4930209,-0.4957386,0.7675136,-21.33548,4.430534,-48.35941
26.918199062,13.12978,-21.26022,36.66455,0.4789992,-0.4977851,0.7805939,-21.33548,4.430534,-48.35941
26.928111076,13.06784,-18.63888,34.70094,0.4804172,-0.4738897,0.8037876,-22.4421,3.308488,-47.9004
26.93802309,13.0059,-17.18258,32.18506,0.4658723,-0.4445011,0.8026774,-22.4421,3.308488,-47.9004
26.947934628,12.0149,-15.78454,30.58962,0.4774185,-0.4254281,0.8065389,-22.4421,3.308488,-47.9004
26.957846642,10.21869,-14.26999,30.40553,0.4786487,-0.4535772,0.7981774,-22.4421,3.308488,-47.9004
26.967758656,8.67023999999999,-13.57096,30.89644,0.4696711,-0.4842626,0.7927742,-22.4421,3.308488,-47.9004
26.980148792,8.23667399999998,-12.75544,30.71235,0.4594211,-0.4985281,0.7778891,-22.81822,3.686452,-47.06443
26.990060806,9.16574500000002,-12.05641,28.56465,0.4499153,-0.4816833,0.7766487,-22.81822,3.686452,-47.06443
26.99997282,10.52838,-11.76515,25.37378,0.4332557,-0.4509385,0.7616425,-22.81822,3.686452,-47.06443
27.009884834,11.27164,-11.41564,21.692,0.4295829,-0.4184285,0.7753375,-22.81822,3.686452,-47.06443
27.019796371,9.78512499999999,-10.48361,19.23748,0.4336433,-0.3936724,0.7711435,-22.81822,3.686452,-47.06443
27.029708385,6.19271900000002,-9.60983000000002,17.82614,0.4592638,-0.4113016,0.7693486,-23.94584,4.060958,-47.05974
27.039620399,2.228683,-8.79430199999998,18.19431,0.4682652,-0.4859609,0.7490815,-23.94584,4.060958,-47.05974
27.049532413,0.866046300000002,-8.91080699999998,19.48294,0.4314039,-0.5443192,0.7101408,-23.94584,4.060958,-47.05974
27.059444904,4.024887,-11.29914,19.11476,0.3972406,-0.5813,0.6732382,-23.94584,4.060958,-47.05974
27.069356918,10.40451,-14.15348,17.45796,0.3901182,-0.5712858,0.6580057,-23.94584,4.060958,-47.05974
27.079268932,16.10281,-16.83307,16.53752,0.4110307,-0.517671,0.6620108,-24.32656,4.433693,-47.50866
27.089180946,18.2087,-17.59035,16.29206,0.4283236,-0.4546848,0.7054847,-24.32656,4.433693,-47.50866
27.09909296,15.73118,-17.24084,15.92389,0.4326733,-0.39588,0.7216814,-24.32656,4.433693,-47.50866
27.109004974,10.83807,-16.71657,14.88072,0.4494772,-0.3936274,0.7417077,-24.32656,4.433693,-47.50866
27.118916988,6.254657,-16.54181,13.53074,0.4594006,-0.4458646,0.7422283,-24.32656,4.433693,-47.50866
27.128829002,3.529382,-16.13405,14.14436,0.4705703,-0.5296572,0.7319635,-24.32495,4.435523,-47.05895
27.138741016,3.715197,-16.42531,16.10798,0.4384832,-0.6024001,0.7125694,-24.32495,4.435523,-47.05895
27.14865303,6.19271900000002,-18.40588,17.76477,0.3989444,-0.6111538,0.7090354,-24.32495,4.435523,-47.05895
27.158564568,8.11279800000001,-20.5612,17.76477,0.3797802,-0.5555927,0.7172653,-24.32495,4.435523,-47.05895
27.168476582,7.67923199999999,-22.19225,15.61707,0.3980211,-0.4743215,0.7315627,-24.32495,4.435523,-47.05895
27.178388596,4.334577,-22.134,12.73302,0.4455934,-0.4158526,0.7660836,-24.68629,3.689962,-46.15527
27.18830061,-0.806281,-19.27966,10.7694,0.4808529,-0.3846518,0.8077391,-24.68629,3.689962,-46.15527
27.198212624,-7.24783800000001,-15.72629,9.35805800000003,0.4845914,-0.3942007,0.8273275,-24.68629,3.689962,-46.15527
27.208124638,-13.50358,-13.57096,9.235332,0.5040562,-0.4720445,0.8223074,-24.68629,3.689962,-46.15527
27.218036652,-16.41467,-11.76515,12.4262,0.5368353,-0.6118553,0.803307,-24.68629,3.689962,-46.15527
27.227948666,-12.20288,-9.95934199999999,17.08978,0.5083396,-0.723492,0.754811,-25.44015,4.44406,-44.93304
27.23786068,-1.921166,-10.71662,19.72839,0.4321496,-0.7353815,0.7021388,-25.44015,4.44406,-44.93304
27.247772694,9.41349700000002,-15.20202,19.85111,0.3818575,-0.6508665,0.6652345,-25.44015,4.44406,-44.93304
27.260162354,16.16475,-20.15343,17.45796,0.402252,-0.5050865,0.6789813,-25.44015,4.44406,-44.93304
27.270074368,15.04986,-20.85246,15.06481,0.4495615,-0.4155348,0.7242753,-26.19004,4.442432,-45.31461
27.279986382,10.15675,-18.75539,13.83755,0.4984169,-0.373968,0.7687551,-26.19004,4.442432,-45.31461
27.289898396,3.219692,-15.78454,14.26709,0.5417659,-0.4105751,0.8046023,-26.19004,4.442432,-45.31461
27.29981041,-3.71737,-11.99816,17.15115,0.5739835,-0.5240883,0.8093101,-26.19004,4.442432,-45.31461
27.309722424,-6.56652,-8.79430199999998,20.95565,0.5563968,-0.6394137,0.771252,-26.19004,4.442432,-45.31461
27.319634438,-4.150936,-8.095279,23.71698,0.4865416,-0.687572,0.7216408,-26.57586,5.569587,-44.48095
27.329545975,1.113798,-10.77487,24.51469,0.4152018,-0.6577178,0.666321,-26.57586,5.569587,-44.48095
27.339457989,5.387524,-15.43503,23.65561,0.3788678,-0.5865508,0.639762,-26.57586,5.569587,-44.48095
27.349370003,5.94496599999999,-19.74567,23.10335,0.39033,-0.5063063,0.659397,-26.57586,5.569587,-44.48095
27.359282017,2.66225,-20.73595,21.44655,0.4224572,-0.4547577,0.7055385,-26.57586,5.569587,-44.48095
27.369194031,-2.540546,-19.04665,20.34202,0.4713888,-0.435342,0.7791597,-26.95012,5.569557,-44.479
27.379106045,-9.41567000000003,-15.37677,20.28065,0.5179674,-0.4732218,0.8423375,-26.95012,5.569557,-44.479
27.389018059,-14.61847,-9.95934199999999,21.32382,0.5532997,-0.5473402,0.8631241,-26.95012,5.569557,-44.479
27.398930073,-14.12296,-5.18268,22.12154,0.5310745,-0.6187025,0.8057154,-26.95012,5.569557,-44.479
27.408842087,-7.00008600000001,-5.066176,21.87609,0.4499547,-0.6382396,0.692538,-26.95012,5.569557,-44.479
27.418754101,2.538374,-10.89137,21.50791,0.3870349,-0.612376,0.5953399,-27.32463,5.94935,-43.19332
27.428666592,10.52838,-18.93014,21.75336,0.3752456,-0.5849947,0.5745044,-27.32463,5.94935,-43.19332
27.438578606,14.92598,-23.06603,22.42836,0.4235667,-0.5607702,0.6419212,-27.32463,5.94935,-43.19332
27.44849062,15.23567,-22.25051,22.30563,0.4840341,-0.5139942,0.7281021,-27.32463,5.94935,-43.19332
27.458402634,11.7052,-18.34762,22.30563,0.5388568,-0.4813219,0.819523,-27.32463,5.94935,-43.19332
27.468314171,5.635276,-12.52243,23.47153,0.5653216,-0.476321,0.8788511,-27.33731,6.695143,-44.03081
27.478226185,0.680232200000002,-6.17296399999999,23.47153,0.5489292,-0.4944572,0.8803224,-27.33731,6.695143,-44.03081
27.488138199,-1.054033,-1.804067,21.87609,0.4879701,-0.5290457,0.8081519,-27.33731,6.695143,-44.03081
27.498050213,1.485427,-1.978823,20.46474,0.4216516,-0.563452,0.6904171,-27.33731,6.695143,-44.03081
27.507962227,7.369542,-7.454507,20.40338,0.3810634,-0.6032354,0.5959362,-27.33731,6.695143,-44.03081
27.517874241,14.18273,-14.15348,21.50791,0.3876898,-0.6200885,0.6024849,-27.71343,7.073107,-43.19483
27.527786255,18.89002,-17.00783,21.692,0.4408096,-0.5948746,0.6621814,-27.71343,7.073107,-43.19483
27.540175915,18.82808,-14.6195,21.99882,0.507764,-0.5135651,0.753814,-27.71343,7.073107,-43.19483
27.550087929,13.99691,-10.48361,22.30563,0.510537,-0.4555631,0.8060319,-27.71343,7.073107,-43.19483
27.559999943,7.617294,-6.58072700000001,22.73517,0.4926676,-0.4546985,0.8287704,-27.71343,7.073107,-43.19483
27.569911957,3.219692,-2.444838,21.56927,0.4693238,-0.4812682,0.810083,-28.46519,7.449472,-42.74238
27.579823971,3.653259,0.409508,19.23748,0.4147393,-0.5289384,0.724322,-28.46519,7.449472,-42.74238
27.589735985,8.42248799999999,-2.037075,17.94886,0.3747784,-0.5827898,0.6268606,-28.46519,7.449472,-42.74238
27.599647999,15.91699,-7.80401899999998,18.3784,0.3669974,-0.6345732,0.5704091,-28.46519,7.449472,-42.74238
27.609560013,22.35855,-13.39621,20.34202,0.4117555,-0.6431476,0.5857832,-28.46519,7.449472,-42.74238
27.619472027,25.08382,-15.84279,21.99882,0.469495,-0.5887445,0.6533141,-28.83945,7.449443,-42.74043
27.629383564,22.97793,-14.6195,23.04198,0.5255867,-0.5129907,0.7282047,-28.83945,7.449443,-42.74043
27.639295578,15.79312,-11.41564,23.10335,0.516135,-0.4614836,0.7728097,-28.83945,7.449443,-42.74043
27.649207592,6.254657,-8.67779800000001,23.10335,0.4649953,-0.4620218,0.7920053,-28.83945,7.449443,-42.74043
27.659119606,-0.3107767,-7.39625499999999,22.30563,0.432119,-0.4939515,0.7911363,-28.83945,7.449443,-42.74043
27.66903162,-1.735352,-5.240932,19.66702,0.4383809,-0.5385509,0.7773369,-28.83299,7.076677,-42.28957
27.678943634,1.547365,-3.493374,17.27387,0.4382436,-0.5786223,0.7170514,-28.83299,7.076677,-42.28957
27.688855648,6.87403699999997,-5.066176,16.66024,0.4346134,-0.6095049,0.6607007,-28.83299,7.076677,-42.28957
27.698767662,12.57234,-7.92052300000001,18.01023,0.441678,-0.6361344,0.6508548,-28.83299,7.076677,-42.28957
27.708679676,17.15575,-10.07585,20.89428,0.4580438,-0.6455687,0.6621644,-28.83299,7.076677,-42.28957
27.71859169,19.63328,-10.83312,23.47153,0.4699553,-0.6199641,0.7092803,-29.21371,7.449412,-42.73849
27.728503227,20.0049,-9.26031799999999,25.0056,0.4625954,-0.5786057,0.755239,-29.21371,7.449412,-42.73849
27.738415241,18.45645,-6.58072700000001,25.61923,0.4409222,-0.543348,0.7811227,-29.21371,7.449412,-42.73849
27.748327255,15.85505,-4.89142,25.37378,0.4209273,-0.5038201,0.7849321,-29.21371,7.449412,-42.73849
27.758239269,13.43947,-3.551625,23.8397,0.4279437,-0.4941376,0.7652451,-29.21371,7.449412,-42.73849
27.76815176,12.07683,-2.736098,21.2011,0.434015,-0.4942065,0.7373394,-28.83299,7.076677,-42.28957
27.778063774,10.96195,-3.493374,19.66702,0.4375854,-0.5296965,0.710181,-28.83299,7.076677,-42.28957
27.787975788,10.15675,-5.18268,20.21929,0.4434639,-0.5703446,0.7112963,-28.83299,7.076677,-42.28957
27.797887802,10.15675,-6.11471200000003,21.81473,0.4429684,-0.6062034,0.7163438,-28.83299,7.076677,-42.28957
27.807799816,12.5104,-5.76519999999999,23.59425,0.4261578,-0.6174795,0.7327495,-28.83299,7.076677,-42.28957
27.820189953,20.19072,-3.959389,24.76015,0.4043508,-0.6288725,0.7386372,-29.22203,8.200171,-42.35533
27.830101967,28.3046,-3.842885,24.20788,0.3803007,-0.5962974,0.7203504,-29.22203,8.200171,-42.35533
27.840013504,35.3036,-5.82345200000001,22.55108,0.3684237,-0.5504251,0.7126032,-29.22203,8.200171,-42.35533
27.849925518,37.96694,-8.03702600000001,20.46474,0.3937501,-0.4991872,0.7151111,-29.22203,8.200171,-42.35533
27.859837532,37.03787,-9.60983000000002,19.97384,0.4167702,-0.4537616,0.7243239,-29.22203,8.200171,-42.35533
27.869749546,33.87903,-9.95934199999999,19.60566,0.445765,-0.4272312,0.7218317,-28.83807,7.451011,-42.35497
27.87966156,30.10081,-9.26031799999999,19.11476,0.427032,-0.4619291,0.7140912,-28.83807,7.451011,-42.35497
27.889573574,29.97693,-8.61954700000002,19.23748,0.4120385,-0.5281265,0.7003445,-28.83807,7.451011,-42.35497
27.899485588,33.19771,-11.00788,19.66702,0.3822193,-0.5687358,0.70131,-28.83807,7.451011,-42.35497
27.909397602,38.33857,-14.26999,19.0534,0.3769824,-0.5392216,0.7020352,-28.83807,7.451011,-42.35497
27.919309616,41.62128,-17.00783,17.21251,0.401205,-0.4700127,0.7133159,-29.57528,6.70359,-41.89906
27.92922163,40.75415,-17.35734,15.49435,0.4277768,-0.4022864,0.7135214,-29.57528,6.70359,-41.89906
27.939133167,37.03787,-16.89132,14.5739,0.4379328,-0.3822162,0.7260453,-29.57528,6.70359,-41.89906
27.949045181,33.0119,-16.42531,14.38982,0.4253391,-0.4240162,0.7364467,-29.57528,6.70359,-41.89906
27.958957195,31.27763,-17.29909,13.28528,0.4173811,-0.4561311,0.7334254,-29.57528,6.70359,-41.89906
27.968869209,34.68422,-19.80392,11.68985,0.425175,-0.4862924,0.6952199,-29.18163,5.205239,-41.89639
27.978781223,39.14376,-25.45436,11.9353,0.4179593,-0.5102249,0.6788018,-29.18163,5.205239,-41.89639
27.988693237,40.75415,-28.89123,12.85574,0.4443307,-0.4923502,0.6964429,-29.18163,5.205239,-41.89639
27.998605251,40.07283,-27.60969,13.28528,0.4456475,-0.4272923,0.7103086,-29.18163,5.205239,-41.89639
28.008517265,36.04686,-25.10485,12.36484,0.4343312,-0.3511325,0.7450118,-29.18163,5.205239,-41.89639
28.018429279,27.93297,-20.79421,9.84896099999999,0.4222118,-0.290016,0.7791421,-29.86455,5.208844,-40.99339
28.028341293,16.96994,-17.41559,6.53536400000002,0.4222718,-0.2773019,0.7998731,-29.86455,5.208844,-40.99339
28.038252831,5.635276,-15.20202,5.124017,0.4357682,-0.302837,0.7986178,-29.86455,5.208844,-40.99339
28.048164845,-3.593493,-14.09523,4.939929,0.4502922,-0.3395536,0.789116,-29.86455,5.208844,-40.99339
28.058076859,-9.29179500000003,-12.87194,4.019485,0.4680649,-0.3746061,0.8122458,-29.86455,5.208844,-40.99339
28.067988873,-12.3887,-10.36711,2.362686,0.48596,-0.404229,0.8536566,-30.9714,4.086536,-40.59863
28.077901363,-12.63645,-6.46422299999998,0.705887599999999,0.4904987,-0.4419025,0.8706495,-30.9714,4.086536,-40.59863
28.087813377,-10.96412,-2.561342,-0.766822200000002,0.5032724,-0.4809757,0.8784336,-30.9714,4.086536,-40.59863
28.100203514,-5.327759,2.623082,-1.932717,0.5298033,-0.5174038,0.8957115,-30.9714,4.086536,-40.59863
28.110115528,0.1227897,6.29295599999999,-2.730435,0.5334063,-0.5150765,0.8683246,-31.34566,4.086507,-40.59668
28.120027542,2.66225,8.098766,-3.03725,0.5007927,-0.4837118,0.8241805,-31.34566,4.086507,-40.59668
28.129939556,1.671241,7.98226299999999,-3.650879,0.4671158,-0.4324039,0.7950639,-31.34566,4.086507,-40.59668
28.13985157,-2.10698,7.39974399999998,-4.878137,0.4475425,-0.3909536,0.7945608,-31.34566,4.086507,-40.59668
28.149763107,-8.36272300000002,7.98226299999999,-6.84175,0.4424615,-0.3716022,0.798578,-31.34566,4.086507,-40.59668
28.159675121,-14.9901,9.32205800000003,-8.74399900000002,0.4510718,-0.3564694,0.7976388,-30.9811,4.835727,-40.60093
28.169587135,-22.17491,11.65214,-10.46216,0.4793363,-0.3366516,0.8114341,-30.9811,4.835727,-40.60093
28.179499149,-30.22686,15.20551,-11.99623,0.5077024,-0.3348297,0.8140648,-30.9811,4.835727,-40.60093
28.189411163,-37.72136,19.28314,-13.10077,0.5155608,-0.3493477,0.800451,-30.9811,4.835727,-40.60093
28.199323177,-43.35772,22.77826,-13.89848,0.5062478,-0.4155691,0.7684055,-30.9811,4.835727,-40.60093
28.209235191,-45.46362,25.63261,-13.89848,0.4991095,-0.491896,0.7458758,-31.35211,4.459272,-41.04755
28.219147205,-44.96811,27.72968,-13.77576,0.4809874,-0.5657882,0.7517931,-31.35211,4.459272,-41.04755
28.229059219,-41.74733,29.12773,-13.83712,0.4546534,-0.608761,0.7560719,-31.35211,4.459272,-41.04755
28.238971233,-37.59748,29.18598,-13.34622,0.4342737,-0.6040586,0.7769384,-31.35211,4.459272,-41.04755
28.248882771,-32.95213,29.12773,-13.40758,0.4214353,-0.5691611,0.805619,-31.35211,4.459272,-41.04755
28.258794785,-28.43065,29.36073,-14.45075,0.4111718,-0.5285599,0.8059844,-29.93499,5.579774,-41.89365
28.268706799,-25.76732,29.71025,-16.04619,0.4029662,-0.5064178,0.794684,-29.93499,5.579774,-41.89365
28.278618813,-24.90018,28.95297,-16.90527,0.4095156,-0.5113642,0.7600191,-29.93499,5.579774,-41.89365
28.288530827,-24.59049,27.49667,-16.353,0.4151066,-0.5348492,0.705553,-29.93499,5.579774,-41.89365
28.298442841,-24.09499,24.99184,-14.26666,0.4286441,-0.5881679,0.6757829,-29.93499,5.579774,-41.89365
28.308354855,-22.60847,22.13749,-11.75078,0.4371227,-0.6443143,0.67389,-30.26441,6.700137,-42.73067
28.318266869,-19.32576,20.85595,-9.48035400000003,0.4554983,-0.6880819,0.6979166,-30.26441,6.700137,-42.73067
28.328178883,-13.87521,21.0307,-7.08720199999999,0.4622688,-0.6926649,0.7328749,-30.26441,6.700137,-42.73067
28.33809042,-7.80528100000003,22.54525,-5.491766,0.4296581,-0.6381236,0.7637899,-30.26441,6.700137,-42.73067
28.348002434,-2.850237,24.40932,-7.02583799999998,0.3913939,-0.5513581,0.7579996,-30.26441,6.700137,-42.73067
28.357915402,0.618294100000002,24.52582,-10.70761,0.3659747,-0.4843647,0.7418754,-28.46034,7.074877,-42.74123
28.367827416,1.361551,22.31225,-13.16213,0.3719404,-0.4669274,0.7241706,-28.46034,7.074877,-42.74123
28.377738953,-0.3727147,18.87538,-13.34622,0.4049793,-0.4729621,0.6964558,-28.46034,7.074877,-42.74123
28.390129089,-2.850237,15.55502,-10.46216,0.4305188,-0.5259949,0.6929854,-28.46034,7.074877,-42.74123
28.400041103,-2.974113,13.5162,-7.33265300000001,0.4287036,-0.5671613,0.7061723,-28.46034,7.074877,-42.74123
28.409953117,-1.363724,13.28319,-4.448596,0.4243328,-0.5957331,0.7233081,-27.71481,7.071538,-43.5803
28.419865131,1.733179,14.44823,-3.282701,0.4063089,-0.5934854,0.7326128,-27.71481,7.071538,-43.5803
28.429777145,5.263648,15.32201,-4.203145,0.3800193,-0.5657121,0.7287195,-27.71481,7.071538,-43.5803
28.439689159,8.79411600000002,14.44823,-6.22812100000001,0.3510396,-0.5268776,0.7138812,-27.71481,7.071538,-43.5803
28.449600697,9.84706299999998,12.40941,-7.946282,0.3583907,-0.4919035,0.7087644,-27.71481,7.071538,-43.5803
28.459512711,7.617294,9.90457699999998,-8.92808800000003,0.3714329,-0.4727969,0.7154933,-27.34216,7.069737,-44.03196
28.469424725,2.476436,7.63275100000002,-8.80536299999997,0.3822898,-0.4774883,0.7196831,-27.34216,7.069737,-44.03196
28.479336739,-3.221865,6.351208,-8.00764499999998,0.3917091,-0.4846219,0.7238699,-27.34216,7.069737,-44.03196
28.489248753,-7.74334299999998,5.76868899999999,-7.946282,0.3859447,-0.4841539,0.7344897,-27.34216,7.069737,-44.03196
28.499160767,-10.90218,6.00169699999999,-8.19173300000002,0.3799907,-0.5186582,0.7333547,-27.34216,7.069737,-44.03196
28.509072781,-10.90218,6.81722400000001,-8.86672600000002,0.3709498,-0.5254741,0.7497182,-26.96305,6.695172,-44.03275
28.518984795,-9.41567000000003,7.63275100000002,-11.19852,0.3509378,-0.5081457,0.7735465,-26.96305,6.695172,-44.03275
28.528896809,-8.300786,8.215271,-14.08257,0.3458648,-0.4878145,0.7794908,-26.96305,6.695172,-44.03275
28.538808823,-8.23884800000001,8.62303400000002,-15.30983,0.370702,-0.470481,0.7899401,-26.96305,6.695172,-44.03275
28.54872036,-9.41567000000003,8.564782,-15.67801,0.3920487,-0.4746891,0.7685876,-26.96305,6.695172,-44.03275
28.558632374,-10.53056,8.44827800000003,-15.43256,0.410171,-0.4905441,0.7529494,-26.95981,6.318747,-44.48131
28.568544388,-11.088,7.574499,-15.30983,0.416118,-0.5104293,0.7373968,-26.95981,6.318747,-44.48131
28.578456402,-10.59249,6.93372799999998,-15.43256,0.4129084,-0.5274343,0.7382734,-26.95981,6.318747,-44.48131
28.588368416,-8.85822799999998,6.40946000000002,-15.98482,0.4038324,-0.5391466,0.7454818,-26.95981,6.318747,-44.48131
28.59828043,-6.69039600000003,6.75897199999999,-16.59845,0.405822,-0.5283728,0.7613804,-26.95981,6.318747,-44.48131
28.608192444,-5.637449,7.574499,-17.58026,0.4028166,-0.5050322,0.7817304,-26.59365,7.069798,-44.03585
28.618104458,-5.88520100000001,8.44827800000003,-19.05297,0.4069314,-0.4831746,0.7794371,-26.59365,7.069798,-44.03585
28.628016949,-7.37171500000001,8.91429399999998,-20.21886,0.3983571,-0.4678052,0.7719362,-26.59365,7.069798,-44.03585
28.637928963,-9.911175,9.14730199999998,-21.63021,0.4010807,-0.4737315,0.7445026,-26.59365,7.069798,-44.03585
28.647840977,-11.76932,8.39002600000001,-22.55066,0.3927656,-0.4874956,0.7281624,-26.59365,7.069798,-44.03585
28.657752991,-13.00808,7.05023200000001,-22.42793,0.3889795,-0.5074793,0.7170206,-26.59178,6.691804,-44.86988
28.670142651,-13.44164,5.127917,-23.04156,0.4022411,-0.5038682,0.7270054,-26.59178,6.691804,-44.86988
28.680054665,-14.43265,5.360925,-24.51427,0.4205088,-0.4947695,0.7547462,-26.59178,6.691804,-44.86988
28.689966679,-15.42366,7.10848400000002,-26.29379,0.4324391,-0.4901307,0.7791549,-26.59178,6.691804,-44.86988
28.699878693,-16.91018,9.205554,-27.21424,0.4132559,-0.4850628,0.7740843,-26.59178,6.691804,-44.86988
28.709790707,-18.14894,9.78807399999997,-28.01195,0.3936435,-0.4858237,0.7680185,-25.46763,6.693462,-44.49025
28.719702721,-18.76832,8.85604200000002,-28.38013,0.3838369,-0.496692,0.7526718,-25.46763,6.693462,-44.49025
28.729614735,-18.27281,8.39002600000001,-28.87103,0.3823508,-0.5074521,0.7382091,-25.46763,6.693462,-44.49025
28.739526749,-17.03405,8.215271,-29.60739,0.3985777,-0.5159832,0.7370418,-25.46763,6.693462,-44.49025
28.749438763,-15.79529,8.04051500000001,-30.28238,0.4042647,-0.5169792,0.7182565,-25.46763,6.693462,-44.49025
28.7593503,-15.05203,7.51624699999999,-30.34374,0.4139125,-0.5076569,0.7163087,-26.21291,6.316977,-44.93492
28.769262314,-15.85723,6.87547600000002,-30.15965,0.4252493,-0.502103,0.7316059,-26.21291,6.316977,-44.93492
28.779174328,-18.27281,7.05023200000001,-30.5892,0.4596722,-0.4971823,0.7562886,-26.21291,6.316977,-44.93492
28.789086342,-21.06002,8.62303400000002,-31.01874,0.4635814,-0.527618,0.7680536,-26.21291,6.316977,-44.93492
28.798998356,-21.9891,9.84632599999999,-31.01874,0.4403743,-0.5565556,0.7599128,-26.21291,6.316977,-44.93492
28.80891037,-21.43165,10.19584,-31.26419,0.419286,-0.5656322,0.7432418,-26.21291,6.316977,-44.93492
28.818822384,-19.32576,9.90457699999998,-32.12327,0.4018894,-0.5459937,0.7387319,-26.21291,6.316977,-44.93492
28.828734398,-17.90118,9.78807399999997,-33.10508,0.4026672,-0.5251099,0.7436655,-26.21291,6.316977,-44.93492
28.838646412,-17.21987,9.90457699999998,-34.33233,0.4241352,-0.5073036,0.7599109,-26.21291,6.316977,-44.93492
28.848558426,-17.65343,11.06962,-35.00732,0.4494979,-0.5045791,0.7568136,-26.21291,6.316977,-44.93492
28.858469963,-18.64444,12.23466,-35.00732,0.4447451,-0.5226179,0.7490548,-25.84835,7.066197,-44.93917
28.868382931,-19.26382,12.70067,-34.82323,0.4316639,-0.5524766,0.7259293,-25.84835,7.066197,-44.93917
28.878294945,-18.70638,11.65214,-34.33233,0.4076314,-0.5796441,0.6870777,-25.84835,7.066197,-44.93917
28.888206959,-17.03405,9.84632599999999,-33.47325,0.3907291,-0.584387,0.6545517,-25.84835,7.066197,-44.93917
28.898118496,-15.42366,7.224988,-33.16644,0.3836015,-0.5714488,0.6422197,-25.84835,7.066197,-44.93917
28.90803051,-15.4856,4.836657,-32.85962,0.4019765,-0.5386401,0.6605143,-25.46577,6.315469,-45.32428
28.917942524,-18.14894,4.487145,-33.41189,0.4384188,-0.5097594,0.7194291,-25.46577,6.315469,-45.32428
28.927854538,-23.04204,6.351208,-34.08688,0.4689451,-0.4965872,0.7552465,-25.46577,6.315469,-45.32428
28.937766552,-28.43065,9.61331700000002,-34.51642,0.4656757,-0.4916722,0.7759563,-25.46577,6.315469,-45.32428
28.950156689,-34.06701,12.58417,-34.76188,0.4354183,-0.5178752,0.7510933,-25.84995,7.064367,-45.38888
28.960068703,-36.60647,12.35116,-33.96416,0.4371428,-0.5489423,0.7398267,-25.84995,7.064367,-45.38888
28.96998024,-36.4826,11.65214,-33.04371,0.457542,-0.5797278,0.7379925,-25.84995,7.064367,-45.38888
28.979892254,-35.42965,11.65214,-32.55281,0.4816647,-0.6017817,0.7280194,-25.84995,7.064367,-45.38888
28.989804268,-33.076,12.11815,-32.24599,0.4861874,-0.6045899,0.7366016,-25.84995,7.064367,-45.38888
28.999716282,-30.53655,12.81718,-32.00054,0.4729756,-0.5979311,0.7434904,-25.09797,6.688264,-45.77709
29.009628296,-27.87321,13.98221,-32.18463,0.4569445,-0.594664,0.757585,-25.09797,6.688264,-45.77709
29.01954031,-25.70538,14.9725,-32.30736,0.4436802,-0.5914472,0.7553284,-25.09797,6.688264,-45.77709
29.029452324,-23.84724,15.089,-31.20283,0.4558364,-0.5957196,0.7436637,-25.09797,6.688264,-45.77709
29.039364338,-22.60847,15.67152,-29.60739,0.4638591,-0.5908883,0.7210543,-25.09797,6.688264,-45.77709
29.049276352,-22.23685,16.6618,-28.50286,0.4610821,-0.5671892,0.7164362,-25.10282,7.06286,-45.77824
29.059187889,-23.41367,17.36083,-28.44149,0.4604606,-0.5589716,0.7131355,-25.10282,7.06286,-45.77824
29.069099903,-25.33375,18.35111,-28.50286,0.4478405,-0.5629849,0.717547,-25.10282,7.06286,-45.77824
29.079011917,-26.44864,18.87538,-29.23921,0.4469109,-0.573216,0.7102851,-25.10282,7.06286,-45.77824
29.088923931,-26.07701,18.93363,-30.03693,0.458218,-0.5754824,0.7135265,-25.10282,7.06286,-45.77824
29.098835945,-25.20987,19.28314,-30.65056,0.4767409,-0.5699138,0.7143526,-24.73501,7.435655,-46.23106
29.108748436,-24.46662,19.4579,-30.46647,0.4781884,-0.5674666,0.7153158,-24.73501,7.435655,-46.23106
29.11866045,-24.59049,19.86566,-29.97557,0.478858,-0.5490781,0.7067893,-24.73501,7.435655,-46.23106
29.128572464,-25.086,20.21518,-29.66875,0.4631062,-0.5571337,0.6871948,-24.73501,7.435655,-46.23106
29.138484478,-25.086,19.05013,-29.48466,0.44433,-0.555517,0.6700935,-24.73501,7.435655,-46.23106
29.148396492,-24.71437,18.75887,-29.79148,0.4399476,-0.5623918,0.6638462,-24.73154,7.05949,-46.61537
29.158308506,-24.15693,19.16664,-30.15965,0.4316471,-0.5600507,0.6677799,-24.73154,7.05949,-46.61537
29.16822052,-23.59948,19.98217,-31.32555,0.4199269,-0.5616534,0.6673974,-24.73154,7.05949,-46.61537
29.178132534,-23.41367,19.92392,-31.81645,0.4175386,-0.5601912,0.6746315,-24.73154,7.05949,-46.61537
29.188044548,-24.52855,18.99188,-32.00054,0.4333826,-0.5676973,0.6849985,-24.73154,7.05949,-46.61537
29.197956085,-27.19189,17.65209,-31.38691,0.4604906,-0.5887122,0.6812467,-23.24421,7.808801,-46.62546
29.207868099,-29.79329,16.48705,-30.40511,0.4571478,-0.6052988,0.6696433,-23.24421,7.808801,-46.62546
29.217780113,-30.84624,15.26376,-30.71192,0.4403845,-0.6055791,0.6558719,-23.24421,7.808801,-46.62546
29.23017025,-31.46562,14.79774,-32.7369,0.4250364,-0.5805021,0.6667444,-23.24421,7.808801,-46.62546
29.240082264,-32.14693,15.26376,-34.63915,0.4241197,-0.5529259,0.6573334,-23.24421,7.808801,-46.62546
29.249994278,-32.89019,15.32201,-35.43687,0.4235969,-0.5505106,0.6568742,-23.25552,8.556162,-47.07748
29.259906292,-33.44763,13.86571,-35.13005,0.4312724,-0.5795096,0.6561298,-23.25552,8.556162,-47.07748
29.269817829,-33.19988,12.35116,-33.35052,0.464732,-0.635321,0.6588097,-23.25552,8.556162,-47.07748
29.279729843,-31.09399,11.36088,-30.46647,0.4864274,-0.6981236,0.6505081,-23.25552,8.556162,-47.07748
29.289641857,-27.3777,10.13759,-27.2756,0.4805753,-0.7113598,0.6365495,-23.25552,8.556162,-47.07748
29.299553871,-23.28979,8.85604200000002,-25.80289,0.4548089,-0.6889285,0.6297349,-22.88287,8.554361,-47.52914
29.309465885,-20.37871,7.28324000000001,-25.68016,0.4346381,-0.6470531,0.6191567,-22.88287,8.554361,-47.52914
29.319377899,-19.20188,5.477429,-26.1097,0.4290307,-0.5918779,0.6138142,-22.88287,8.554361,-47.52914
29.329289913,-20.06902,4.953161,-26.90742,0.438738,-0.5615491,0.6422558,-22.88287,8.554361,-47.52914
29.339202404,-22.4846,5.244421,-27.88923,0.4524083,-0.556998,0.6455209,-22.88287,8.554361,-47.52914
29.349114418,-24.59049,5.419177,-27.2756,0.4561055,-0.5733978,0.65306,-22.14892,10.05829,-46.18851
29.359026432,-25.45763,5.419177,-26.35516,0.4678293,-0.5944718,0.6748984,-22.14892,10.05829,-46.18851
29.368938446,-25.51956,5.535681,-24.45291,0.4879008,-0.6222526,0.6922936,-22.14892,10.05829,-46.18851
29.37885046,-26.20088,6.29295599999999,-21.56885,0.518079,-0.6638868,0.7253482,-22.14892,10.05829,-46.18851
29.388762474,-27.50158,8.50653100000001,-19.35978,0.5196939,-0.6779377,0.723319,-22.14892,10.05829,-46.18851
29.398674488,-28.30678,10.19584,-18.13253,0.4865451,-0.668794,0.6963175,-23.27652,10.05271,-47.53181
29.408586025,-28.55453,9.84632599999999,-17.58026,0.4553399,-0.6610956,0.6664074,-23.27652,10.05271,-47.53181
29.418498039,-28.24484,8.50653100000001,-17.82571,0.4446602,-0.65217,0.6367958,-23.27652,10.05271,-47.53181
29.428410053,-28.24484,7.574499,-17.64162,0.4547518,-0.6423773,0.6310058,-23.27652,10.05271,-47.53181
29.438322067,-28.30678,7.39974399999998,-17.39617,0.4659048,-0.6300897,0.6362663,-23.27652,10.05271,-47.53181
29.448234081,-29.05003,8.04051500000001,-16.41436,0.4749109,-0.6303607,0.6558677,-22.90066,10.05457,-47.08404
29.458146095,-31.58949,9.72982099999999,-14.26666,0.490058,-0.6333428,0.698922,-22.90066,10.05457,-47.08404
29.468058109,-36.60647,12.58417,-11.62806,0.5348673,-0.6611545,0.7444175,-22.90066,10.05457,-47.08404
29.477970123,-43.10997,16.5453,-7.76219299999999,0.5825421,-0.7209117,0.7935149,-22.90066,10.05457,-47.08404
29.487882137,-47.81726,22.02098,-3.159976,0.5806531,-0.7699214,0.7903249,-22.90066,10.05457,-47.08404
29.497794151,-47.8792,26.8559,-1.135,0.5194852,-0.7841308,0.7216532,-22.53609,10.80379,-47.08829
29.510183811,-44.03904,26.38988,-0.950910899999997,0.4024731,-0.7542224,0.5995339,-22.53609,10.80379,-47.08829
29.520095825,-39.14594,19.51615,0.583161800000002,0.3448857,-0.7431891,0.5281162,-22.53609,10.80379,-47.08829
29.530007839,-34.06701,11.01136,2.976315,0.3643816,-0.7537085,0.5096198,-22.53609,10.80379,-47.08829
29.539919853,-28.80228,7.45799500000003,4.326299,0.443565,-0.7612634,0.5453293,-22.53609,10.80379,-47.08829
29.549831867,-23.53755,10.13759,4.939929,0.5119661,-0.7514051,0.5990202,-21.82313,13.42419,-47.54998
29.559744358,-20.75033,14.62299,6.90354199999998,0.5308312,-0.700541,0.6385576,-21.82313,13.42419,-47.54998
29.569656372,-22.54654,17.30258,9.05124299999999,0.4981543,-0.6553024,0.6521254,-21.82313,13.42419,-47.54998
29.579568386,-27.25383,17.94335,12.18075,0.482026,-0.6311103,0.6812452,-21.82313,13.42419,-47.54998
29.5894804,-32.02306,18.05985,13.71482,0.4831422,-0.6344407,0.6908159,-21.82313,13.42419,-47.54998
29.599392414,-35.86322,18.1181,13.65346,0.4573849,-0.643712,0.6477781,-21.45696,14.17524,-47.10452
29.609304428,-37.47361,15.72977,12.91711,0.4128428,-0.6601516,0.576537,-21.45696,14.17524,-47.10452
29.619215965,-35.49159,11.30262,13.40801,0.3824369,-0.7015539,0.5194036,-21.45696,14.17524,-47.10452
29.629127979,-30.10298,6.52596399999999,14.32845,0.3826948,-0.7326393,0.5081504,-21.45696,14.17524,-47.10452
29.639039993,-25.5815,5.593933,17.33524,0.424095,-0.7595111,0.5560845,-21.45696,14.17524,-47.10452
29.648952007,-22.73235,9.61331700000002,18.25568,0.4844142,-0.7408565,0.6425595,-20.72299,15.29909,-47.11187
29.658864021,-21.1839,15.43851,16.72161,0.5184122,-0.7012745,0.7140524,-20.72299,15.29909,-47.11187
29.668776035,-20.50258,21.20546,14.81936,0.5313272,-0.6583315,0.7363063,-20.72299,15.29909,-47.11187
29.678688049,-19.44963,24.23456,12.30348,0.4775185,-0.6151235,0.6895562,-20.72299,15.29909,-47.11187
29.688600063,-19.51157,22.07924,10.33986,0.3617676,-0.6089577,0.5672671,-20.72299,15.29909,-47.11187
29.698512077,-19.8832,14.44823,12.24211,0.2896565,-0.6616869,0.4830748,-20.36652,16.79933,-46.66872
29.708424091,-18.52057,7.05023200000001,15.98525,0.3134891,-0.7433951,0.4703061,-20.36652,16.79933,-46.66872
29.718335628,-15.85723,4.894909,17.64205,0.4089101,-0.7806907,0.5287148,-20.36652,16.79933,-46.66872
29.728247642,-12.51257,8.50653100000001,16.35343,0.4966403,-0.7646047,0.6149192,-20.36652,16.79933,-46.66872
29.738159656,-12.51257,15.84628,14.14436,0.5263463,-0.7196555,0.7032931,-20.36652,16.79933,-46.66872
29.74807167,-14.06102,20.27343,12.73302,0.5083609,-0.6300794,0.7232625,-18.88564,17.92141,-47.12968
29.757983684,-17.15793,22.25399,10.95349,0.4433746,-0.5784443,0.6454616,-18.88564,17.92141,-47.12968
29.767896175,-20.00708,20.15692,9.60350899999999,0.3396975,-0.5870773,0.5388074,-18.88564,17.92141,-47.12968
29.777808189,-20.56452,14.21522,9.787598,0.2836193,-0.6594097,0.4692212,-18.88564,17.92141,-47.12968
29.790198326,-17.77731,8.68128599999997,11.26031,0.3496111,-0.7637012,0.4880828,-18.51948,18.67246,-46.68423
29.80011034,-13.31777,8.85604200000002,12.05803,0.4199327,-0.8216329,0.5542686,-18.51948,18.67246,-46.68423
29.810022354,-7.43365200000003,11.82689,11.81257,0.4419051,-0.8196617,0.6011341,-18.51948,18.67246,-46.68423
29.819934368,-2.974113,13.6327,11.81257,0.4243673,-0.779121,0.6073283,-18.51948,18.67246,-46.68423
29.829845905,-1.921166,13.45795,11.26031,0.3976209,-0.71061,0.6065916,-18.51948,18.67246,-46.68423
29.839757919,-2.912175,12.40941,10.33986,0.3847429,-0.6574448,0.6051442,-17.40801,19.41991,-47.14208
29.849669933,-4.398688,10.89486,8.68306499999997,0.3882353,-0.637614,0.5874781,-17.40801,19.41991,-47.14208
29.859581947,-5.018068,8.62303400000002,7.45580799999998,0.3856428,-0.6450385,0.5644051,-17.40801,19.41991,-47.14208
29.869493961,-6.13295399999998,7.98226299999999,4.080848,0.4184986,-0.6494566,0.5683932,-17.40801,19.41991,-47.14208
29.879405975,-4.770316,8.15701899999998,2.485412,0.4457847,-0.6928177,0.555848,-17.40801,19.41991,-47.14208
29.889317989,0.0608516599999998,8.33177500000003,1.81042,0.4293584,-0.7138982,0.5505778,-17.0483,20.54372,-47.14749
29.899230003,6.750161,8.564782,0.2763473,0.3935859,-0.7051178,0.5533679,-17.0483,20.54372,-47.14749
29.909142017,12.75815,8.04051500000001,-2.178169,0.3619481,-0.677396,0.5524047,-17.0483,20.54372,-47.14749
29.919053555,16.84606,7.51624699999999,-4.632685,0.3594214,-0.6357664,0.545503,-17.0483,20.54372,-47.14749
29.928965569,18.2087,5.82694100000001,-7.27128999999997,0.3351652,-0.58964,0.5229871,-17.0483,20.54372,-47.14749
29.938877583,17.21769,2.797838,-10.70761,0.3216403,-0.5385144,0.5037662,-16.29493,20.16919,-47.15023
29.948789597,14.61629,0.1765001,-14.88029,0.3447175,-0.5135469,0.4945962,-16.29493,20.16919,-47.15023
29.958701611,9.78512499999999,-0.930287099999998,-18.31661,0.3730004,-0.5378615,0.5061765,-16.29493,20.16919,-47.15023
29.968614101,2.166745,-1.279799,-18.31661,0.3944905,-0.6029617,0.5228298,-16.29493,20.16919,-47.15023
29.978526115,-5.513573,-1.629311,-15.98482,0.4102882,-0.6748736,0.5486133,-16.29493,20.16919,-47.15023
29.988438129,-10.03505,-1.163295,-14.75756,0.4092183,-0.716876,0.5857958,-16.65625,19.04354,-47.59453
29.998350143,-10.71637,-0.1147597,-15.61665,0.3904094,-0.7155159,0.6128676,-16.65625,19.04354,-47.59453
30.008262157,-8.48660000000001,0.9920276,-19.05297,0.3872513,-0.686401,0.6250948,-16.65625,19.04354,-47.59453
30.018174171,-5.947139,1.341539,-23.40973,0.3779441,-0.6448232,0.6244975,-16.65625,19.04354,-47.59453
30.028086185,-4.088998,0.700767799999999,-27.21424,0.3707759,-0.6338574,0.6059107,-16.65625,19.04354,-47.59453
30.037998199,-2.41667,-1.454555,-28.25741,0.3812345,-0.6692395,0.5830108,-16.6611,19.41814,-47.59569
30.047910213,1.547365,-2.79435,-27.95059,0.3984099,-0.7199643,0.5772323,-16.6611,19.41814,-47.59569
30.057821751,7.865046,-3.435122,-28.44149,0.4130955,-0.7619626,0.5772969,-16.6611,19.41814,-47.59569
30.067733765,14.74017,-3.435122,-28.07332,0.4325531,-0.7937171,0.5778657,-16.6611,19.41814,-47.59569
30.080123901,20.37653,-3.609878,-24.02337,0.4499523,-0.8255492,0.5683697,-16.6611,19.41814,-47.59569
30.090035915,20.87204,-3.08561,-21.13931,0.4136988,-0.8104291,0.5793692,-17.411,19.41651,-47.97726
30.099947929,18.89002,-4.833169,-15.43256,0.439172,-0.8566673,0.5773851,-17.411,19.41651,-47.97726
30.109859943,17.15575,-6.34771999999997,-11.87351,0.4444214,-0.8108134,0.6184554,-17.411,19.41651,-47.97726
30.119771957,14.43048,-4.774917,-12.18032,0.4474559,-0.7490212,0.6529303,-17.411,19.41651,-47.97726
30.129683495,11.02389,-2.095326,-14.26666,0.4460427,-0.7038942,0.6633273,-17.411,19.41651,-47.97726
30.139595509,6.31659499999999,-0.5225234,-15.24847,0.449868,-0.6785243,0.6845879,-17.77232,18.29086,-48.42157
30.149507523,1.237675,0.293004,-14.88029,0.4418454,-0.6840917,0.6586965,-17.77232,18.29086,-48.42157
30.159419537,-2.230856,-0.2312636,-13.53031,0.4237777,-0.7194278,0.6197353,-17.77232,18.29086,-48.42157
30.169332027,-2.912175,-1.221547,-11.19852,0.4181525,-0.7788875,0.5737762,-17.77232,18.29086,-48.42157
30.179244041,-0.3727147,-3.08561,-8.19173300000002,0.4155124,-0.8212104,0.5528719,-17.77232,18.29086,-48.42157
30.189156055,4.520391,-4.949672,-5.859943,0.4383304,-0.8300275,0.5742092,-18.14012,17.91807,-47.96876
30.19906807,8.48442599999998,-4.483657,-5.000863,0.4645405,-0.7776026,0.61657,-18.14012,17.91807,-47.96876
30.208980084,8.979931,-2.736098,-4.9395,0.4853584,-0.7145204,0.6700953,-18.14012,17.91807,-47.96876
30.218892098,5.94496599999999,-0.3477675,-4.571322,0.4912606,-0.6517503,0.6992684,-18.14012,17.91807,-47.96876
30.228804112,0.804108299999999,2.448327,-4.878137,0.4826604,-0.6168821,0.7120643,-18.14012,17.91807,-47.96876
30.238716126,-3.469617,4.720153,-5.859943,0.459955,-0.6241041,0.6829365,-17.75478,17.17048,-47.58292
30.24862814,-4.150936,5.82694100000001,-7.394016,0.4349622,-0.6634698,0.6315285,-17.75478,17.17048,-47.58292
30.258540154,0.2466658,4.312389,-8.31446000000002,0.4042073,-0.7223663,0.5675595,-17.75478,17.17048,-47.58292
30.268451691,8.79411600000002,1.341539,-7.82355600000003,0.3940104,-0.7629457,0.5270501,-17.75478,17.17048,-47.58292
30.278363705,19.63328,-1.745815,-6.78038700000001,0.405878,-0.7802908,0.5196225,-17.75478,17.17048,-47.58292
30.288275719,29.6053,-3.842885,-5.98266900000002,0.425254,-0.7655066,0.5190617,-17.75292,16.79248,-48.41695
30.298187733,37.47144,-5.47394,-5.553129,0.440573,-0.7298714,0.5287605,-17.75292,16.79248,-48.41695
30.308099747,42.11679,-7.221499,-4.387233,0.4430163,-0.6817972,0.5372208,-17.75292,16.79248,-48.41695
30.318011761,43.23167,-9.14381400000001,-3.773605,0.4215899,-0.642757,0.5439212,-17.75292,16.79248,-48.41695
30.327923775,42.67423,-11.47389,-3.282701,0.407854,-0.6302688,0.5542147,-17.75292,16.79248,-48.41695
30.337835789,39.82508,-12.46418,-2.239532,0.4113953,-0.6518672,0.5881293,-18.11748,16.04326,-48.4127
30.34774828,36.35655,-12.40592,-0.950910899999997,0.4342579,-0.6689538,0.6041295,-18.11748,16.04326,-48.4127
30.360138416,32.14476,-11.8234,1.258154,0.4601294,-0.6952329,0.6166794,-18.11748,16.04326,-48.4127
30.37005043,29.48143,-11.7069,3.467218,0.4616549,-0.7112816,0.6035941,-18.11748,16.04326,-48.4127
30.379961968,28.3046,-12.52243,5.492195,0.456232,-0.7186891,0.5906307,-18.11748,16.04326,-48.4127
30.389873982,27.49941,-14.32824,7.39444499999999,0.466044,-0.7161105,0.5967991,-18.47234,14.54485,-48.40614
30.399785996,26.19871,-16.36706,9.05124299999999,0.4750781,-0.7075865,0.6294231,-18.47234,14.54485,-48.40614
30.40969801,24.52638,-16.83307,10.58532,0.47259,-0.689103,0.6468549,-18.47234,14.54485,-48.40614
30.419610024,23.96894,-16.25055,11.87394,0.4692966,-0.6871274,0.6617835,-18.47234,14.54485,-48.40614
30.429522038,24.09282,-14.56125,13.40801,0.4630473,-0.6861755,0.6733714,-18.47234,14.54485,-48.40614
30.439434052,24.7122,-12.87194,14.51254,0.4386559,-0.6779202,0.6410012,-19.20953,13.41734,-49.29821
30.449346066,26.13677,-14.32824,15.37162,0.4169443,-0.688536,0.6094409,-19.20953,13.41734,-49.29821
30.45925808,26.81809,-17.5321,16.96706,0.4364832,-0.6878135,0.6083047,-19.20953,13.41734,-49.29821
30.469170094,26.32258,-20.03693,18.86931,0.4682086,-0.6703721,0.6230123,-19.20953,13.41734,-49.29821
30.479081631,25.45545,-20.09518,20.15793,0.4956445,-0.6543912,0.6468729,-19.20953,13.41734,-49.29821
30.488993645,23.72119,-18.46413,20.95565,0.500407,-0.6309815,0.6618698,-19.94513,12.67175,-48.39258
30.498905659,21.24366,-15.55153,21.63064,0.474999,-0.6195832,0.6770656,-19.94513,12.67175,-48.39258
30.508817673,18.02289,-13.80397,21.75336,0.4307181,-0.6100332,0.6616935,-19.94513,12.67175,-48.39258
30.518729687,15.73118,-14.32824,22.36699,0.3999264,-0.6274854,0.6426557,-19.94513,12.67175,-48.39258
30.528642178,14.49242,-16.25055,22.18291,0.4046958,-0.6265112,0.6320546,-19.94513,12.67175,-48.39258
30.538554192,14.05885,-17.93986,22.24427,0.4315939,-0.6159277,0.6448406,-20.68395,11.9225,-48.38638
30.548466206,14.18273,-18.23112,21.38519,0.4599327,-0.596559,0.6653544,-20.68395,11.9225,-48.38638
30.55837822,13.37753,-17.00783,20.58747,0.4710096,-0.5667502,0.6836965,-20.68395,11.9225,-48.38638
30.568290234,11.02389,-14.67775,19.42157,0.451739,-0.5407522,0.6946114,-20.68395,11.9225,-48.38638
30.578202248,7.80310800000002,-12.87194,18.80795,0.430054,-0.5337933,0.6862155,-20.68395,11.9225,-48.38638
30.588114262,4.582329,-12.40592,17.51932,0.4223894,-0.5267399,0.6623254,-20.68234,11.92433,-47.93667
30.598026276,3.28163,-12.69718,14.94208,0.4273707,-0.5344358,0.6622281,-20.68234,11.92433,-47.93667
30.607937813,3.28163,-12.75544,12.30348,0.4340972,-0.5236803,0.6631979,-20.68234,11.92433,-47.93667
30.617849827,3.157754,-12.28942,9.48078300000003,0.4399661,-0.503606,0.6868051,-20.68234,11.92433,-47.93667
30.627761841,1.485427,-11.24088,7.27171900000003,0.4347377,-0.496766,0.7094665,-20.68234,11.92433,-47.93667
30.640151977,-0.806281,-9.20206600000003,5.308106,0.4550282,-0.5371158,0.733498,-21.06306,12.29707,-48.38559
30.650063991,-1.611476,-6.988491,4.694477,0.4794399,-0.5751168,0.7330191,-21.06306,12.29707,-48.38559
30.659976005,-0.06302445,-4.89142,3.774033,0.4884568,-0.5973336,0.7279862,-21.06306,12.29707,-48.38559
30.669888019,3.033878,-3.493374,2.608138,0.4871683,-0.5989707,0.6958166,-21.06306,12.29707,-48.38559
30.679799557,6.93597599999999,-2.852602,1.442243,0.4826609,-0.6044472,0.6790162,-21.06306,12.29707,-48.38559
30.689711571,9.10380600000001,-3.318618,1.196791,0.458651,-0.6198957,0.6560878,-21.0469,11.17511,-47.93242
30.699623585,10.52838,-4.483657,1.933146,0.4491085,-0.6545291,0.6386596,-21.0469,11.17511,-47.93242
30.709535599,12.13877,-5.415688,3.958122,0.4549051,-0.6986346,0.6277487,-21.0469,11.17511,-47.93242
30.71944809,15.04986,-5.532192,6.596727,0.4670061,-0.7256143,0.6317785,-21.0469,11.17511,-47.93242
30.729360104,18.02289,-4.949672,9.11260599999998,0.4768924,-0.7181191,0.6509432,-21.0469,11.17511,-47.93242
30.739272118,19.38552,-4.367153,11.13758,0.4946569,-0.6751357,0.6693113,-21.42948,11.92584,-47.54731
30.749184132,18.08482,-3.435122,12.4262,0.4966394,-0.6290042,0.6782432,-21.42948,11.92584,-47.54731
30.759096146,14.92598,-1.862319,12.85574,0.4759575,-0.6064103,0.690589,-21.42948,11.92584,-47.54731
30.76900816,11.45745,-0.4642715,12.4262,0.4550396,-0.6149104,0.691206,-21.42948,11.92584,-47.54731
30.778920174,10.03288,-0.988539100000001,12.85574,0.4390538,-0.6550345,0.6589159,-21.42948,11.92584,-47.54731
30.788832188,11.08582,-3.435122,14.81936,0.4399212,-0.7065388,0.6355171,-21.43272,12.30227,-47.09875
30.798744202,14.36854,-5.590444,17.3966,0.445107,-0.737543,0.6280602,-21.43272,12.30227,-47.09875
30.808656216,18.51839,-7.97877500000003,20.40338,0.4602605,-0.7446725,0.6192297,-21.43272,12.30227,-47.09875
30.818567753,23.10181,-9.43507399999997,23.3488,0.4707531,-0.7217485,0.6202458,-21.43272,12.30227,-47.09875
30.828479767,26.38452,-10.07585,25.06696,0.4709894,-0.6828494,0.6411495,-21.43272,12.30227,-47.09875
30.838391781,28.11879,-10.2506,24.82151,0.466227,-0.6240684,0.6747161,-21.42302,11.55307,-47.09644
30.848303795,28.73817,-9.26031799999999,24.02379,0.465181,-0.584116,0.714845,-21.42302,11.55307,-47.09644
30.858215809,28.49042,-6.81373500000001,22.24427,0.4499709,-0.5648208,0.7323999,-21.42302,11.55307,-47.09644
30.868127823,27.99491,-5.357436,20.58747,0.4211298,-0.5768855,0.7191418,-21.42302,11.55307,-47.09644
30.878039837,28.36654,-5.998208,20.0352,0.3946249,-0.6075126,0.6735679,-21.42302,11.55307,-47.09644
30.887952328,29.72918,-9.20206600000003,21.07837,0.3765639,-0.6230936,0.6107305,-21.77949,10.05283,-47.53959
30.897864342,32.82608,-13.80397,24.45333,0.4058087,-0.6815507,0.5807809,-21.77949,10.05283,-47.53959
30.907776356,36.66624,-17.12433,25.86468,0.4419948,-0.6732911,0.5905845,-21.77949,10.05283,-47.53959
30.920166492,41.55935,-17.7651,26.23286,0.4798366,-0.6532076,0.6326223,-21.77949,10.05283,-47.53959
30.93007803,44.03687,-16.1923,25.43514,0.479063,-0.5967764,0.6709379,-21.77949,10.05283,-47.53959
30.939990044,42.98392,-14.26999,23.96243,0.4517772,-0.5348786,0.7052137,-21.77949,10.05283,-47.53959
30.949902058,39.14376,-14.26999,23.65561,0.4221683,-0.5070943,0.7114345,-21.77949,10.05283,-47.53959
30.959814072,33.63128,-15.60978,24.45333,0.4018761,-0.5025947,0.692926,-21.77949,10.05283,-47.53959
30.969726086,28.42848,-17.47384,25.92604,0.3969021,-0.5202609,0.6640448,-21.77949,10.05283,-47.53959
30.9796381,24.09282,-18.69714,27.52148,0.4025749,-0.5502844,0.6575503,-22.52129,9.300184,-48.36857
30.989550114,23.47343,-20.21169,27.76693,0.4202823,-0.595127,0.6628497,-22.52129,9.300184,-48.36857
30.999462128,25.08382,-20.85246,27.70557,0.4414787,-0.6150141,0.7038147,-22.52129,9.300184,-48.36857
31.009374142,27.49941,-19.80392,27.27603,0.4588159,-0.6049274,0.7373326,-22.52129,9.300184,-48.36857
31.019286156,30.03887,-18.05636,27.52148,0.4539967,-0.6054398,0.7436159,-22.52129,9.300184,-48.36857
31.029197693,32.45445,-17.5321,28.13511,0.4367418,-0.60963,0.7250214,-22.4973,7.807031,-47.07907
31.039109707,34.18872,-18.34762,30.34417,0.419206,-0.6022592,0.692582,-22.4973,7.807031,-47.07907
31.049021721,35.42748,-20.50295,32.79869,0.4275203,-0.6094711,0.6842943,-22.4973,7.807031,-47.07907
31.058934689,35.79911,-22.30876,33.84186,0.4383465,-0.6053981,0.6957451,-22.4973,7.807031,-47.07907
31.068846226,35.3036,-22.48351,33.84186,0.4698372,-0.5902694,0.7325268,-22.4973,7.807031,-47.07907
31.07875824,34.3126,-20.6777,33.78049,0.4870621,-0.5724362,0.7641768,-23.6187,7.80851,-46.68776
31.088670254,33.07383,-18.05636,34.45549,0.4709296,-0.5672707,0.7706024,-23.6187,7.80851,-46.68776
31.098582268,31.64926,-16.42531,35.31457,0.4402096,-0.552251,0.7488993,-23.6187,7.80851,-46.68776
31.108494282,30.47243,-15.95929,35.9282,0.4190553,-0.5520937,0.7366119,-23.6187,7.80851,-46.68776
31.118406296,30.03887,-16.36706,36.23501,0.4187838,-0.5536984,0.7082744,-23.6187,7.80851,-46.68776
31.12831831,30.16274,-16.94958,36.84864,0.4330432,-0.5529915,0.7167901,-23.5993,6.310128,-46.68314
31.138230324,30.10081,-16.25055,36.48046,0.4740151,-0.5547204,0.7524115,-23.5993,6.310128,-46.68314
31.148142338,31.27763,-13.80397,37.21682,0.4888693,-0.5898017,0.7770087,-23.5993,6.310128,-46.68314
31.158054352,33.94097,-12.46418,39.24179,0.4636061,-0.6119866,0.7670112,-23.5993,6.310128,-46.68314
31.167965889,37.34756,-11.99816,40.95995,0.4257326,-0.6120866,0.7452735,-23.5993,6.310128,-46.68314
31.177877903,40.32059,-12.46418,42.12585,0.393338,-0.5879251,0.7140436,-23.59907,6.31039,-46.6189
31.187789917,41.49741,-13.68747,42.67812,0.3984643,-0.5262861,0.7139267,-23.59907,6.31039,-46.6189
31.200180054,40.56834,-14.03698,41.14404,0.4215521,-0.4857033,0.7240669,-23.59907,6.31039,-46.6189
31.210092068,38.7102,-13.74572,40.10087,0.4369468,-0.4853902,0.7474543,-23.59907,6.31039,-46.6189
31.220004559,35.73717,-12.81369,40.03951,0.4322856,-0.489235,0.7652376,-23.59907,6.31039,-46.6189
31.229916573,33.07383,-11.7069,40.46905,0.4173232,-0.5034695,0.767682,-24.34621,6.311898,-46.22954
31.239828587,30.78213,-10.77487,40.53041,0.4181295,-0.4981807,0.7571464,-24.34621,6.311898,-46.22954
31.249740601,27.37553,-10.94963,40.77586,0.4039757,-0.5110276,0.7447075,-24.34621,6.311898,-46.22954
31.259652615,24.65026,-12.23117,40.16224,0.4093991,-0.5280102,0.7291792,-24.34621,6.311898,-46.22954
31.269564629,23.84506,-14.09523,39.67133,0.3995498,-0.5369495,0.711925,-24.34621,6.311898,-46.22954
31.279476166,27.18972,-16.77482,38.68953,0.3758511,-0.5383381,0.688127,-24.33166,5.188112,-46.22608
31.28938818,32.51639,-19.39616,37.89181,0.3744476,-0.5246648,0.7103183,-24.33166,5.188112,-46.22608
31.299300194,36.91399,-19.57092,37.83044,0.3916686,-0.5126873,0.7347269,-24.33166,5.188112,-46.22608
31.309212208,36.54237,-20.6777,39.54861,0.4064098,-0.5188075,0.7345498,-24.33166,5.188112,-46.22608
31.319124222,33.0119,-21.02721,41.63494,0.437311,-0.5183714,0.7443503,-24.33166,5.188112,-46.22608
31.329036236,29.23367,-20.09518,42.61675,0.4474173,-0.5085709,0.7400007,-25.07372,4.815288,-45.77132
31.33894825,26.38452,-19.57092,42.3713,0.4333204,-0.5043151,0.7531237,-25.07372,4.815288,-45.77132
31.348860264,24.27863,-19.1049,40.34632,0.3928195,-0.4767358,0.7459994,-25.07372,4.815288,-45.77132
31.358772278,22.91599,-19.51266,37.64636,0.358894,-0.417504,0.7495887,-25.07372,4.815288,-45.77132
31.368683815,20.62428,-19.80392,33.96458,0.362206,-0.355328,0.7638968,-25.07372,4.815288,-45.77132
31.378596783,16.4125,-19.27966,30.9578,0.3948457,-0.3193707,0.7940845,-25.06589,4.444091,-44.93499
31.388508797,11.64327,-17.35734,28.56465,0.429473,-0.3323925,0.8176855,-25.06589,4.444091,-44.93499
31.398420811,8.29861200000002,-15.84279,26.78512,0.4461947,-0.3782271,0.8210667,-25.06589,4.444091,-44.93499
31.408332348,7.98892199999997,-14.67775,24.51469,0.4353926,-0.4269173,0.8073979,-25.06589,4.444091,-44.93499
31.418244362,10.34257,-13.86222,22.12154,0.4339506,-0.4430203,0.7909785,-25.06589,4.444091,-44.93499
31.428156376,14.24467,-13.2797,19.72839,0.4435079,-0.4244767,0.7910137,-25.8241,5.193221,-44.9334
31.43806839,16.96994,-12.40592,17.27387,0.456305,-0.3733025,0.8114029,-25.8241,5.193221,-44.9334
31.447980404,16.04087,-10.19235,15.49435,0.4535088,-0.3310769,0.8265949,-25.8241,5.193221,-44.9334
31.457892418,12.69621,-7.16324699999999,12.54893,0.4256756,-0.2906791,0.8300024,-25.8241,5.193221,-44.9334
31.467804432,7.617294,-4.192397,7.08763000000002,0.3960146,-0.2585317,0.8362528,-25.8241,5.193221,-44.9334
31.480194092,-0.2488386,-2.50309,1.012702,0.3784045,-0.2714391,0.8204845,-26.18705,4.44583,-44.47943
31.490106106,-6.44264400000003,-1.512807,-2.607709,0.3955081,-0.317811,0.812815,-26.18705,4.44583,-44.47943
31.50001812,-11.088,-0.8720351,-5.062225,0.4186666,-0.3632846,0.7767662,-26.18705,4.44583,-44.47943
31.509930134,-13.75133,-1.221547,-7.51674200000002,0.4434536,-0.395485,0.772001,-26.18705,4.44583,-44.47943
31.519842148,-15.36172,-0.6972793,-9.23490300000001,0.4523396,-0.4104527,0.762696,-26.18705,4.44583,-44.47943
31.529754162,-17.71537,-0.639027300000002,-10.46216,0.4428054,-0.4309355,0.7626477,-26.93557,4.445771,-44.47554
31.539666653,-19.51157,0.001744238,-11.81215,0.4125066,-0.4425259,0.7508469,-26.93557,4.445771,-44.47554
31.549578667,-19.69739,-0.4060195,-15.00302,0.361001,-0.4466692,0.7301687,-26.93557,4.445771,-44.47554
31.559490681,-18.14894,-2.561342,-17.64162,0.3410181,-0.4532281,0.7288693,-26.93557,4.445771,-44.47554
31.569402695,-16.7863,-4.192397,-19.35978,0.3856547,-0.477715,0.7614242,-26.93557,4.445771,-44.47554
31.579314709,-16.91018,-4.075893,-18.74615,0.4486617,-0.527684,0.7912387,-26.93557,4.445771,-44.47554
31.589226723,-16.72436,-1.629311,-16.96663,0.4694113,-0.5551207,0.7798204,-26.93557,4.445771,-44.47554
31.599138737,-13.99909,-0.1730116,-17.45753,0.4447131,-0.5265371,0.7413464,-26.93557,4.445771,-44.47554
31.609050751,-10.34474,-1.396303,-20.03478,0.3956241,-0.4687219,0.6951301,-26.93557,4.445771,-44.47554
31.618962288,-8.23884800000001,-4.89142,-23.40973,0.3723674,-0.3842838,0.6718999,-26.93557,4.445771,-44.47554
31.628874302,-9.60148500000001,-7.92052300000001,-26.29379,0.4074861,-0.3143801,0.6974891,-26.94042,4.820366,-44.47669
31.638786316,-14.92816,-8.61954700000002,-28.07332,0.4733899,-0.3050676,0.7454376,-26.94042,4.820366,-44.47669
31.64869833,-22.54654,-6.988491,-27.09151,0.5294098,-0.3593379,0.8040976,-26.94042,4.820366,-44.47669
31.658610344,-27.62546,-1.804067,-25.98698,0.5521211,-0.4738071,0.8343353,-26.94042,4.820366,-44.47669
31.668522358,-26.32476,4.079382,-26.1097,0.5190416,-0.5465698,0.8135097,-26.94042,4.820366,-44.47669
31.678434372,-20.25483,4.953161,-28.07332,0.4511984,-0.5807764,0.7380442,-27.6908,5.1983,-43.63877
31.688346863,-11.76932,0.46776,-30.28238,0.4049275,-0.5798095,0.6616532,-27.6908,5.1983,-43.63877
31.698258877,-3.531555,-6.46422299999998,-31.571,0.3964869,-0.5577897,0.6273066,-27.6908,5.1983,-43.63877
31.708170891,1.485427,-11.24088,-32.24599,0.4198681,-0.524859,0.6570796,-27.6908,5.1983,-43.63877
31.718082905,0.742170199999999,-11.47389,-32.36872,0.4725916,-0.470583,0.7121717,-27.6908,5.1983,-43.63877
31.727994919,-6.318768,-8.561295,-31.75509,0.5048512,-0.4404289,0.7461655,-27.32113,5.193101,-44.92562
31.737906933,-16.04304,-5.93995599999998,-30.40511,0.5150644,-0.4830075,0.7385851,-27.32113,5.193101,-44.92562
31.747818947,-24.15693,-5.299184,-26.60061,0.5499235,-0.5790751,0.7352219,-27.32113,5.193101,-44.92562
31.757730484,-28.24484,-5.648696,-20.95522,0.5673363,-0.6811354,0.7401428,-27.32113,5.193101,-44.92562
31.770120621,-27.12995,-5.88170400000003,-15.98482,0.5633511,-0.7175596,0.7380164,-28.43099,4.447481,-44.01804
31.780032635,-22.67041,-6.23121499999997,-15.37119,0.5250835,-0.6717715,0.6839373,-28.43099,4.447481,-44.01804
31.789944649,-18.14894,-8.50304200000002,-15.80074,0.4522385,-0.6134235,0.6105752,-28.43099,4.447481,-44.01804
31.799856663,-13.93715,-13.51271,-16.10755,0.3720124,-0.5871384,0.5428296,-28.43099,4.447481,-44.01804
31.809768677,-9.22985600000001,-21.31847,-14.75756,0.3351327,-0.5959984,0.5123815,-28.43099,4.447481,-44.01804
31.819680691,-4.708378,-28.01745,-11.75078,0.3830462,-0.6107622,0.5420901,-27.68273,4.827365,-42.7382
31.829592228,-1.921166,-30.11452,-8.86672600000002,0.475674,-0.5941232,0.6296933,-27.68273,4.827365,-42.7382
31.839505196,-0.6204669,-27.49318,-6.35084600000001,0.5540176,-0.5860088,0.6972053,-27.68273,4.827365,-42.7382
31.84941721,-0.06302445,-24.58058,-3.589516,0.5888969,-0.5767086,0.7238336,-27.68273,4.827365,-42.7382
31.859329224,0.0608516599999998,-24.28932,-1.135,0.5553845,-0.5743352,0.7011117,-27.68273,4.827365,-42.7382
31.869240761,1.547365,-24.87184,-0.1531931,0.5296388,-0.5814008,0.7094654,-28.81544,5.576204,-42.79891
31.879152775,6.502409,-24.75534,0.889976299999999,0.4757678,-0.5938261,0.6868333,-28.81544,5.576204,-42.79891
31.889064789,14.67823,-28.30871,0.583161800000002,0.3878672,-0.5704883,0.6301827,-28.81544,5.576204,-42.79891
31.898976803,24.09282,-35.41545,-0.5213705,0.3386912,-0.5553971,0.573119,-28.81544,5.576204,-42.79891
31.908888817,32.82608,-43.45422,-2.055443,0.3567915,-0.5144386,0.5741848,-28.81544,5.576204,-42.79891
31.918800831,39.82508,-47.99787,-5.491766,0.4468086,-0.4825551,0.6158186,-29.54619,4.456018,-41.89213
31.928712845,44.28462,-48.6969,-6.596298,0.5677675,-0.453629,0.66723,-29.54619,4.456018,-41.89213
31.938624859,44.96594,-45.95905,-8.13037100000001,0.5951255,-0.4037907,0.6754716,-29.54619,4.456018,-41.89213
31.948536873,43.78912,-47.18234,-7.45537899999998,0.5368813,-0.3726027,0.6589324,-29.54619,4.456018,-41.89213
31.95844841,40.13477,-50.67746,-7.08720199999999,0.4896835,-0.3372269,0.6754497,-29.54619,4.456018,-41.89213
31.968360424,34.18872,-52.01726,-9.48035400000003,0.4676475,-0.3038609,0.7114075,-30.9827,4.833897,-41.05064
31.978272438,28.11879,-50.85222,-15.24847,0.4671673,-0.2711795,0.7505225,-30.9827,4.833897,-41.05064
31.988185406,22.66824,-48.52214,-21.56885,0.4927373,-0.258591,0.7791794,-30.9827,4.833897,-41.05064
31.998096943,19.57134,-46.25031,-27.7665,0.535821,-0.274121,0.7661933,-30.9827,4.833897,-41.05064
32.008008957,18.08482,-49.22116,-30.34374,0.5665936,-0.3478983,0.676588,-30.9827,4.833897,-41.05064
32.017920971,18.08482,-53.00754,-29.73012,0.641752,-0.4082442,0.6394791,-33.18811,2.218608,-39.29629
32.027832985,19.88103,-51.90075,-26.53924,0.6996086,-0.4545076,0.6482389,-33.18811,2.218608,-39.29629
32.037744999,20.62428,-50.91047,-24.26882,0.7068351,-0.441789,0.6525782,-33.18811,2.218608,-39.29629
32.050135136,19.0139,-47.00759,-25.25062,0.6919796,-0.3893868,0.6957988,-33.18811,2.218608,-39.29629
32.06004715,15.66924,-43.51247,-28.01195,0.6574621,-0.3480152,0.7160801,-33.18811,2.218608,-39.29629
32.069958687,11.02389,-41.82316,-30.09829,0.6191691,-0.348573,0.7005854,-33.9137,1.167652,-36.71934
32.079870701,7.67923199999999,-40.59987,-30.83465,0.6188722,-0.3443373,0.6766084,-33.9137,1.167652,-36.71934
32.089782715,4.768144,-39.72609,-31.14146,0.6499792,-0.3337985,0.670629,-33.9137,1.167652,-36.71934
32.099694729,2.724188,-39.31833,-31.93918,0.6938555,-0.3706279,0.6622954,-33.9137,1.167652,-36.71934
32.109606743,2.476436,-38.3863,-31.75509,0.7447209,-0.3902236,0.6881031,-33.9137,1.167652,-36.71934
32.119518757,2.600312,-36.58049,-31.63236,0.7760852,-0.4124734,0.7164743,-35.3932,0.04714489,-35.87291
32.129430771,2.290622,-33.72614,-30.34374,0.7485282,-0.4419275,0.7126917,-35.3932,0.04714489,-35.87291
32.139343262,3.28163,-31.97858,-28.62558,0.6897056,-0.454934,0.6833792,-35.3932,0.04714489,-35.87291
32.149255276,5.75915199999997,-30.81354,-28.44149,0.6599762,-0.4496515,0.6515188,-35.3932,0.04714489,-35.87291
32.15916729,9.16574500000002,-30.46403,-29.60739,0.6682099,-0.421544,0.6290624,-35.3932,0.04714489,-35.87291
32.169079304,11.7052,-29.47375,-30.52783,0.7017152,-0.3885598,0.6448175,-36.49522,-1.069673,-34.12901
32.178991318,11.58133,-28.36696,-30.15965,0.7549653,-0.3708435,0.6607685,-36.49522,-1.069673,-34.12901
32.188903332,8.979931,-26.73591,-28.87103,0.8060662,-0.3671503,0.6891299,-36.49522,-1.069673,-34.12901
32.198815346,5.449462,-23.00778,-26.84606,0.8346103,-0.3662114,0.7080786,-36.49522,-1.069673,-34.12901
32.208726883,3.095816,-18.75539,-24.57563,0.8032296,-0.3690877,0.6963457,-36.49522,-1.069673,-34.12901
32.218638897,2.104807,-18.17287,-22.67338,0.7145339,-0.3859066,0.6581611,-37.21949,-2.942709,-34.11935
32.228550911,3.157754,-20.44469,-21.69157,0.6710719,-0.4254471,0.6174861,-37.21949,-2.942709,-34.11935
32.238462925,7.12178899999997,-22.36701,-20.95522,0.688457,-0.4394862,0.5797796,-37.21949,-2.942709,-34.11935
32.248374939,10.90001,-23.18254,-19.78932,0.7113584,-0.4275326,0.5858894,-37.21949,-2.942709,-34.11935
32.258286953,10.96195,-21.84274,-18.62343,0.7597758,-0.3922869,0.6279303,-37.21949,-2.942709,-34.11935
32.268198967,6.62628499999997,-18.9884,-17.27345,0.7988124,-0.3523265,0.6667284,-37.96341,-2.93754,-32.83056
32.278111458,-0.1869005,-14.67775,-15.30983,0.8222895,-0.3422729,0.6790624,-37.96341,-2.93754,-32.83056
32.288023472,-7.61946700000001,-10.94963,-12.79395,0.812292,-0.3846997,0.6558245,-37.96341,-2.93754,-32.83056
32.297935486,-12.3887,-9.49332599999999,-9.66444299999998,0.7697574,-0.4208396,0.6142034,-37.96341,-2.93754,-32.83056
32.3078475,-12.51257,-9.84283699999999,-6.71902399999997,0.7407143,-0.4403265,0.5725684,-37.96341,-2.93754,-32.83056
32.317759514,-9.29179500000003,-10.01759,-4.878137,0.7396222,-0.4340567,0.568779,-38.31528,-4.432553,-31.98882
32.330149174,-4.584502,-10.42536,-3.405427,0.7555146,-0.4071519,0.5764938,-38.31528,-4.432553,-31.98882
32.340061188,-1.054033,-9.43507399999997,-2.853161,0.7707832,-0.3834898,0.6149229,-38.31528,-4.432553,-31.98882
32.349973202,0.680232200000002,-7.33800299999997,-2.362258,0.7699655,-0.3692722,0.6471958,-38.31528,-4.432553,-31.98882
32.359885216,1.547365,-5.240932,-1.073637,0.7595815,-0.3818958,0.6688148,-38.31528,-4.432553,-31.98882
32.36979723,3.777135,-4.075893,-0.214556,0.7463396,-0.4015941,0.6419172,-38.69278,-4.056158,-31.53831
32.379709244,6.44047100000002,-3.959389,1.196791,0.7442929,-0.4187391,0.6130124,-38.69278,-4.056158,-31.53831
32.389621258,9.04186800000002,-3.784633,2.055871,0.7476291,-0.4019163,0.5766016,-38.69278,-4.056158,-31.53831
32.399533272,10.46644,-2.677846,1.38088,0.7406604,-0.3720706,0.5518967,-38.69278,-4.056158,-31.53831
32.409445286,11.02389,-1.745815,0.583161800000002,0.7278466,-0.3271647,0.5470326,-38.69278,-4.056158,-31.53831
32.419357777,10.40451,-1.105043,-0.766822200000002,0.7245629,-0.293725,0.5520873,-39.06865,-4.058018,-31.98608
32.429269791,8.91799300000002,-0.639027300000002,-2.239532,0.7127682,-0.2680493,0.5763754,-39.06865,-4.058018,-31.98608
32.439181805,6.56434699999999,-1.221547,-3.773605,0.7083091,-0.2652079,0.5740348,-39.06865,-4.058018,-31.98608
32.449093819,4.334577,-3.435122,-4.448596,0.6997478,-0.2542221,0.5626633,-39.06865,-4.058018,-31.98608
32.459005356,2.910002,-4.949672,-5.92130599999998,0.7259697,-0.2403276,0.5610729,-39.06865,-4.058018,-31.98608
32.46891737,1.361551,-5.007925,-7.394016,0.7458773,-0.2274664,0.5624149,-38.30722,-4.803489,-31.08824
32.478829384,-0.1249625,-4.774917,-9.11217699999998,0.7572476,-0.2267731,0.5752787,-38.30722,-4.803489,-31.08824
32.488741398,-2.540546,-4.949672,-11.56669,0.7433038,-0.2212224,0.5571986,-38.30722,-4.803489,-31.08824
32.498653412,-4.64644,-5.648696,-14.57348,0.7259639,-0.2191155,0.5376865,-38.30722,-4.803489,-31.08824
32.508565426,-5.82326300000003,-6.69723099999998,-17.82571,0.7248202,-0.216775,0.5242683,-38.30722,-4.803489,-31.08824
32.51847744,-6.69039600000003,-7.39625499999999,-20.1575,0.7285891,-0.2428935,0.5274205,-38.69278,-4.056158,-31.53831
32.528389454,-8.42466199999997,-7.62926299999999,-21.38476,0.7347618,-0.2602222,0.5368511,-38.69278,-4.056158,-31.53831
32.538301468,-10.59249,-7.16324699999999,-22.18248,0.7432122,-0.2615097,0.5487684,-38.69278,-4.056158,-31.53831
32.548213482,-13.56552,-5.88170400000003,-23.83928,0.745425,-0.2367217,0.555155,-38.69278,-4.056158,-31.53831
32.558125973,-18.21087,-4.658412,-26.29379,0.7525406,-0.2089388,0.566318,-38.69278,-4.056158,-31.53831
32.568037987,-24.83825,-4.250649,-28.31877,0.7585868,-0.1899963,0.5582256,-39.03794,-6.30376,-31.52944
32.577950001,-32.95213,-4.192397,-30.09829,0.764361,-0.1850933,0.5548437,-39.03794,-6.30376,-31.52944
32.587861538,-41.25183,-4.425405,-32.79826,0.7500882,-0.17849,0.5535793,-39.03794,-6.30376,-31.52944
32.597773552,-48.00307,-5.648696,-36.72549,0.7439654,-0.1777207,0.5296331,-39.03794,-6.30376,-31.52944
32.610163689,-53.02006,-7.454507,-40.59135,0.7354162,-0.2074558,0.5194308,-39.03634,-6.301929,-31.07973
32.620075703,-52.2768,-8.44479099999997,-42.18679,0.7435904,-0.2679027,0.5304763,-39.03634,-6.301929,-31.07973
32.629987717,-48.3747,-7.97877500000003,-42.12542,0.7709881,-0.3314451,0.5528471,-39.03634,-6.301929,-31.07973
32.639899731,-42.49059,-6.75548299999999,-41.26634,0.8014883,-0.3809651,0.5603979,-39.03634,-6.301929,-31.07973
32.649811745,-35.05802,-5.76519999999999,-40.03909,0.833858,-0.429042,0.5612187,-39.03634,-6.301929,-31.07973
32.659723759,-26.82026,-5.299184,-37.33912,0.8472432,-0.4687814,0.5325008,-38.65723,-6.676496,-31.08052
32.669635296,-18.02506,-6.81373500000001,-33.53461,0.8192508,-0.4906572,0.4951616,-38.65723,-6.676496,-31.08052
32.67954731,-9.47760899999999,-10.2506,-29.79148,0.7679683,-0.4915181,0.4524159,-38.65723,-6.676496,-31.08052
32.689460277,-1.611476,-15.31852,-27.45969,0.7376343,-0.4819116,0.4143478,-38.65723,-6.676496,-31.08052
32.699371815,5.387524,-21.60973,-25.55744,0.7394286,-0.4634346,0.4202162,-38.65723,-6.676496,-31.08052
32.709283829,10.52838,-26.03688,-23.962,0.7751132,-0.4322608,0.4556256,-39.03634,-6.301929,-31.07973
32.719195843,13.43947,-27.08542,-21.69157,0.8177465,-0.3858257,0.5189215,-39.03634,-6.301929,-31.07973
32.729107857,13.37753,-24.52233,-19.48251,0.8396267,-0.3314677,0.5704582,-39.03634,-6.301929,-31.07973
32.739019871,10.65226,-20.50295,-18.07116,0.8232068,-0.2952322,0.5852562,-39.03634,-6.301929,-31.07973
32.748931885,6.81209899999999,-17.7651,-16.59845,0.7970968,-0.2985851,0.5624278,-39.03634,-6.301929,-31.07973
32.758843899,3.715197,-18.34762,-14.63484,0.773465,-0.3257925,0.5149294,-38.6494,-7.047692,-30.24419
32.768755913,2.724188,-21.14372,-12.11896,0.7788142,-0.3530575,0.4801269,-38.6494,-7.047692,-30.24419
32.778667927,3.219692,-23.53205,-10.21671,0.7932838,-0.3446848,0.4704457,-38.6494,-7.047692,-30.24419
32.788579941,4.272639,-24.46408,-9.66444299999998,0.8144794,-0.3065324,0.4839483,-38.6494,-7.047692,-30.24419
32.798491478,4.582329,-23.88156,-10.03262,0.8525621,-0.2768158,0.5130837,-38.6494,-7.047692,-30.24419
32.808403492,3.343568,-22.25051,-9.48035400000003,0.8733815,-0.2808016,0.5359122,-39.38523,-7.793544,-29.40281
32.818315506,3.901011,-22.0175,-8.25309699999997,0.8775337,-0.3162372,0.5178719,-39.38523,-7.793544,-29.40281
32.828228474,5.387524,-22.77477,-6.41221000000002,0.8604322,-0.3452257,0.4851862,-39.38523,-7.793544,-29.40281
32.838140011,8.29861200000002,-24.05632,-4.448596,0.8265734,-0.3671743,0.4479007,-39.38523,-7.793544,-29.40281
32.848052025,12.20071,-26.73591,-1.871354,0.8054571,-0.3743143,0.4307627,-39.38523,-7.793544,-29.40281
32.857964039,16.72219,-28.19221,-0.3986447,0.7896954,-0.3609115,0.4353192,-40.49371,-8.537597,-28.10977
32.867876053,21.86304,-29.06598,-0.2759189,0.8254802,-0.3282222,0.4822616,-40.49371,-8.537597,-28.10977
32.877788067,23.53537,-26.56115,0.2763473,0.884697,-0.279649,0.543978,-40.49371,-8.537597,-28.10977
32.890178204,19.57134,-20.6777,2.424049,0.8996957,-0.2371029,0.5782139,-40.49371,-8.537597,-28.10977
32.900090218,13.19172,-18.23112,4.264936,0.8742438,-0.2318295,0.5343098,-40.49371,-8.537597,-28.10977
32.910001755,8.732179,-17.59035,5.492195,0.8467318,-0.2463865,0.5046975,-40.8599,-8.908562,-27.20724
32.919913769,7.74116999999998,-17.59035,4.878565,0.8374136,-0.2596881,0.486449,-40.8599,-8.908562,-27.20724
32.929825783,10.21869,-16.94958,3.221767,0.8526646,-0.2745717,0.4780461,-40.8599,-8.908562,-27.20724
32.939737797,14.3066,-14.85251,1.933146,0.8999172,-0.2650408,0.5194464,-40.8599,-8.908562,-27.20724
32.949649811,17.96095,-11.29914,0.889976299999999,0.9093689,-0.2604502,0.5405166,-40.8599,-8.908562,-27.20724
32.959562302,19.94297,-10.2506,1.442243,0.8756945,-0.2759615,0.5287207,-41.22633,-9.279788,-26.36897
32.969474316,20.25266,-13.45446,4.326299,0.8452256,-0.2803234,0.5088068,-41.22633,-9.279788,-26.36897
32.97938633,20.87204,-15.66803,6.044461,0.8521304,-0.2765526,0.4713157,-41.22633,-9.279788,-26.36897
32.989298344,21.67723,-16.54181,6.596727,0.8639575,-0.2590451,0.4530769,-41.22633,-9.279788,-26.36897
32.999210358,22.42049,-16.0758,5.001291,0.8914348,-0.2154862,0.4655971,-41.22633,-9.279788,-26.36897
33.009122372,21.49142,-12.81369,2.424049,0.9192625,-0.1785742,0.5044785,-41.59897,-9.277987,-25.9173
33.019034386,18.82808,-8.61954700000002,-0.1531931,0.9187899,-0.1580839,0.5300677,-41.59897,-9.277987,-25.9173
33.0289464,13.56335,-5.82345200000001,-1.073637,0.8942558,-0.1462397,0.5356553,-41.59897,-9.277987,-25.9173
33.038858414,6.81209899999999,-5.998208,-1.257725,0.8676988,-0.1510403,0.5152221,-41.59897,-9.277987,-25.9173
33.048769951,1.795117,-7.04674300000001,-0.828185100000001,0.8533518,-0.1708171,0.47585,-41.59897,-9.277987,-25.9173
33.058681965,-0.06302445,-7.57101099999998,-1.503177,0.8709283,-0.1876834,0.4534878,-42.3445,-9.274649,-25.07823
33.068593979,-0.1249625,-7.221499,-1.56454,0.8885689,-0.2389022,0.4448208,-42.3445,-9.274649,-25.07823
33.078505993,1.609303,-6.17296399999999,-1.135,0.893687,-0.2596978,0.4427143,-42.3445,-9.274649,-25.07823
33.088418484,3.962949,-4.774917,-1.135,0.8947247,-0.2523373,0.4571585,-42.3445,-9.274649,-25.07823
33.098330498,4.89202,-3.202114,-1.625903,0.8877344,-0.2261569,0.4737229,-42.3445,-9.274649,-25.07823
33.108242512,4.024887,-1.804067,-1.503177,0.8771892,-0.2049663,0.4715608,-41.58953,-9.647354,-24.63126
33.118154526,0.618294100000002,-0.580775400000001,-0.582733500000001,0.8696495,-0.1939453,0.4645016,-41.58953,-9.647354,-24.63126
33.12806654,-3.779308,0.351256,0.460436,0.8711925,-0.1853553,0.4342946,-41.58953,-9.647354,-24.63126
33.137978554,-7.929157,1.458043,-0.1531931,0.8721096,-0.1790332,0.4357687,-41.58953,-9.647354,-24.63126
33.147890568,-10.65443,3.671618,-0.4600076,0.9075183,-0.1892181,0.4435361,-41.58953,-9.647354,-24.63126
33.157802582,-11.95513,6.75897199999999,-0.3986447,0.9209416,-0.2223478,0.4739214,-41.20073,-10.77111,-24.62974
33.170192242,-12.8842,9.14730199999998,0.2149844,0.8894054,-0.2440811,0.4726277,-41.20073,-10.77111,-24.62974
33.180104256,-12.3887,9.55506599999997,0.0922585699999997,0.8590493,-0.2537502,0.457479,-41.20073,-10.77111,-24.62974
33.19001627,-11.33575,8.04051500000001,-0.950910899999997,0.8448753,-0.2322218,0.4356663,-41.20073,-10.77111,-24.62974
33.199928284,-10.40668,7.45799500000003,-2.362258,0.8527589,-0.1942919,0.4382468,-41.20073,-10.77111,-24.62974
33.209840775,-10.40668,8.68128599999997,-3.957693,0.8685321,-0.1925668,0.4525172,-41.9654,-9.649215,-25.07903
33.219752789,-10.90218,9.72982099999999,-4.080419,0.8941965,-0.1994414,0.4675991,-41.9654,-9.649215,-25.07903
33.229664803,-11.52156,10.89486,-3.46679,0.9023634,-0.2191647,0.4779556,-41.9654,-9.649215,-25.07903
33.239576817,-12.32676,12.23466,-3.221339,0.8820827,-0.236362,0.4828303,-41.9654,-9.649215,-25.07903
33.249488831,-13.07002,12.52592,-3.344064,0.8600844,-0.2556594,0.4608178,-41.9654,-9.649215,-25.07903
33.259400845,-12.82226,11.53563,-4.019056,0.8588129,-0.2504586,0.4382968,-41.21203,-10.02375,-25.08176
33.269312859,-11.70738,11.01136,-4.9395,0.8584415,-0.2189445,0.4389904,-41.21203,-10.02375,-25.08176
33.279224873,-11.64544,11.65214,-6.35084600000001,0.8630967,-0.1824198,0.4588771,-41.21203,-10.02375,-25.08176
33.289136887,-13.93715,13.05018,-7.88491900000001,0.8600752,-0.1556729,0.4816507,-41.21203,-10.02375,-25.08176
33.299048424,-17.46762,14.38998,-9.54171799999998,0.862478,-0.14103,0.4946903,-41.21203,-10.02375,-25.08176
33.308960438,-21.67941,15.61327,-11.13715,0.8599455,-0.1250087,0.5049037,-41.21502,-10.02715,-25.91694
33.318872452,-26.26282,17.94335,-12.60986,0.8713008,-0.1321281,0.5071521,-41.21502,-10.02715,-25.91694
33.328784466,-29.79329,21.0307,-14.26666,0.8665466,-0.1728462,0.5203693,-41.21502,-10.02715,-25.91694
33.33869648,-30.10298,22.89477,-15.18711,0.8537761,-0.2279089,0.4980332,-41.21502,-10.02715,-25.91694
33.348608971,-28.24484,22.07924,-16.29164,0.8539797,-0.2560957,0.4848793,-41.21502,-10.02715,-25.91694
33.358520985,-25.89119,20.85595,-16.59845,0.8571386,-0.2435072,0.4738903,-41.21663,-10.02898,-26.36666
33.368432999,-25.27181,20.44818,-17.5189,0.8514013,-0.2022978,0.4871822,-41.21663,-10.02898,-26.36666
33.378345013,-27.25383,22.25399,-19.1757,0.8591691,-0.1646678,0.5257736,-41.21663,-10.02898,-26.36666
33.388257027,-30.35073,25.98212,-21.20067,0.8677517,-0.1658864,0.5506545,-41.21663,-10.02898,-26.36666
33.398169041,-32.70438,29.71025,-23.04156,0.8486619,-0.1897899,0.5684376,-41.21663,-10.02898,-26.36666
33.408081055,-33.94314,31.57431,-24.69836,0.8378856,-0.1996907,0.5550268,-40.48401,-9.286787,-28.10746
33.417993069,-35.49159,31.80732,-26.35516,0.8161205,-0.191798,0.5399157,-40.48401,-9.286787,-28.10746
33.427904606,-37.78329,30.00151,-27.45969,0.8115138,-0.2046432,0.5048211,-40.48401,-9.286787,-28.10746
33.43781662,-39.76531,26.79765,-26.72333,0.8251653,-0.2405899,0.4588403,-40.48401,-9.286787,-28.10746
33.450206757,-39.14594,22.83651,-25.1279,0.8325078,-0.2697622,0.4254472,-39.37206,-8.9189,-29.78481
33.460118771,-35.92516,20.62294,-24.75972,0.8277416,-0.2751251,0.4312174,-39.37206,-8.9189,-29.78481
33.470031262,-32.45662,19.98217,-24.94381,0.8356829,-0.2727661,0.4931002,-39.37206,-8.9189,-29.78481
33.479943276,-29.35972,22.3705,-25.37335,0.8489587,-0.2869482,0.5312955,-39.37206,-8.9189,-29.78481
33.48985529,-26.26282,25.16659,-25.80289,0.8292123,-0.2814373,0.5195109,-39.37206,-8.9189,-29.78481
33.499767304,-23.66142,25.34135,-26.35516,0.7844613,-0.2506685,0.4831576,-39.37181,-9.298723,-31.06855
33.509679318,-22.29879,21.90448,-26.04834,0.7598481,-0.2283821,0.4456012,-39.37181,-9.298723,-31.06855
33.519591332,-22.91817,16.4288,-23.77791,0.7802848,-0.2428109,0.4189073,-39.37181,-9.298723,-31.06855
33.529503346,-24.52855,13.10844,-19.97341,0.8409173,-0.280827,0.4219346,-39.37181,-9.298723,-31.06855
33.539414883,-26.94414,12.29291,-15.61665,0.8713329,-0.3162447,0.4377428,-39.37181,-9.298723,-31.06855
33.549326897,-29.91717,12.1764,-11.81215,0.8542091,-0.3137769,0.4873738,-38.6249,-9.300493,-31.52216
33.559238911,-32.39468,12.52592,-10.03262,0.8355141,-0.3311335,0.5512922,-38.6249,-9.300493,-31.52216
33.569150925,-31.03205,15.03075,-9.05081500000002,0.85442,-0.3841417,0.56853,-38.6249,-9.300493,-31.52216
33.579062939,-26.69639,18.87538,-7.82355600000003,0.8336202,-0.3801457,0.5476221,-38.6249,-9.300493,-31.52216
33.588975429,-22.17491,19.16664,-7.63946799999999,0.7514057,-0.3204919,0.4681132,-38.6249,-9.300493,-31.52216
33.598887443,-17.40568,12.46766,-7.946282,0.6765092,-0.2739255,0.371644,-38.24554,-10.05488,-32.80669
33.608799457,-12.69839,2.797838,-7.27128999999997,0.6773947,-0.2483559,0.3449173,-38.24554,-10.05488,-32.80669
33.618711471,-12.32676,-3.202114,-4.694048,0.7784246,-0.2259607,0.4003106,-38.24554,-10.05488,-32.80669
33.628623485,-17.83924,-3.027358,-1.748629,0.8910083,-0.2435042,0.4865414,-38.24554,-10.05488,-32.80669
33.638535499,-26.01507,1.166783,1.38088,0.9139521,-0.2741982,0.5898389,-38.24554,-10.05488,-32.80669
33.648447513,-30.97011,6.46771199999997,2.914952,0.8843824,-0.3246731,0.6512363,-37.51318,-8.932867,-33.26376
33.658359528,-28.80228,11.71039,2.853589,0.8696395,-0.3751305,0.6803262,-37.51318,-8.932867,-33.26376
33.668271542,-20.99809,16.5453,1.074065,0.810816,-0.3300974,0.6235512,-37.51318,-8.932867,-33.26376
33.678183079,-13.37971,15.20551,-2.853161,0.6920584,-0.2503567,0.4849746,-37.51318,-8.932867,-33.26376
33.688095093,-7.37171500000001,5.011413,-6.84175,0.6141495,-0.1826528,0.3579438,-37.51318,-8.932867,-33.26376
33.698007107,-2.41667,-8.03702600000001,-9.05081500000002,0.671953,-0.1772453,0.3267152,-37.14029,-8.934405,-33.65117
33.707919121,1.237675,-13.97873,-8.37582199999997,0.8440985,-0.2328655,0.4068597,-37.14029,-8.934405,-33.65117
33.717831612,2.600312,-9.90108999999998,-4.878137,0.9679148,-0.2783194,0.5067251,-37.14029,-8.934405,-33.65117
33.727743626,0.2466658,-3.027358,-0.828185100000001,0.9387386,-0.2773789,0.5713425,-37.14029,-8.934405,-33.65117
33.740133762,-6.69039600000003,1.225035,2.362686,0.8409439,-0.2532389,0.5997767,-37.14029,-8.934405,-33.65117
33.750045776,-11.89319,1.574547,2.976315,0.8092073,-0.251174,0.6068062,-37.51802,-8.558271,-33.26491
33.75995779,-13.44164,2.914342,1.994509,0.8052377,-0.2619848,0.5885248,-37.51802,-8.558271,-33.26491
33.769869804,-13.00808,4.487145,-0.4600076,0.7925426,-0.255066,0.5507559,-37.51802,-8.558271,-33.26491
33.779781818,-11.27381,3.555114,-3.03725,0.7686444,-0.2546071,0.5096864,-37.51802,-8.558271,-33.26491
33.789693356,-8.85822799999998,0.933775699999999,-4.387233,0.7717995,-0.2639718,0.4726226,-37.51802,-8.558271,-33.26491
33.79960537,-5.451635,-0.639027300000002,-3.89633,0.8029906,-0.290702,0.4788782,-37.14515,-8.55981,-33.65232
33.809517384,-2.540546,-0.755531299999998,-2.116806,0.8424117,-0.2866392,0.5131121,-37.14515,-8.55981,-33.65232
33.819429398,-1.983104,0.817271699999998,0.1536215,0.8602226,-0.2736274,0.5485658,-37.14515,-8.55981,-33.65232
33.829341888,-3.221865,3.205602,1.81042,0.8452646,-0.2742011,0.5674265,-37.14515,-8.55981,-33.65232
33.839253902,-4.274812,4.545397,2.301323,0.8251076,-0.2686555,0.5633284,-37.14515,-8.55981,-33.65232
33.849165916,-4.522564,4.894909,1.503605,0.8046885,-0.256417,0.5415115,-37.14515,-8.55981,-33.65232
33.85907793,-4.64644,4.720153,-0.4600076,0.7899847,-0.2339403,0.5168291,-37.14515,-8.55981,-33.65232
33.868989944,-4.770316,3.030846,-1.809992,0.77646,-0.2303712,0.4896089,-37.14515,-8.55981,-33.65232
33.878901958,-4.522564,0.933775699999999,-2.178169,0.7775599,-0.2595638,0.467317,-37.14515,-8.55981,-33.65232
33.888813972,-3.036051,-1.221547,-1.135,0.7920901,-0.2835943,0.4732645,-37.14515,-8.55981,-33.65232
33.898725986,-1.363724,-1.687563,-0.03046724,0.8306537,-0.297042,0.4987468,-37.52772,-7.80908,-33.26722
33.908638,-0.682404900000003,-0.813783199999999,1.564968,0.8440897,-0.2923646,0.526983,-37.52772,-7.80908,-33.26722
33.918550014,-1.79729,0.817271699999998,2.546775,0.8240084,-0.2745845,0.5445729,-37.52772,-7.80908,-33.26722
33.928461552,-3.593493,2.098815,2.853589,0.8101509,-0.2572816,0.5486577,-37.52772,-7.80908,-33.26722
33.938373566,-4.894192,2.506578,1.933146,0.809565,-0.2470943,0.5511317,-37.52772,-7.80908,-33.26722
33.948286533,-5.699387,2.972594,0.889976299999999,0.8120201,-0.2582779,0.5390306,-36.77734,-8.187014,-34.10514
33.958198547,-5.637449,2.390074,0.583161800000002,0.8061306,-0.2671433,0.5265418,-36.77734,-8.187014,-34.10514
33.968110085,-4.64644,1.691051,0.828613499999998,0.807579,-0.275915,0.514466,-36.77734,-8.187014,-34.10514
33.978022099,-2.850237,1.108532,1.135428,0.8089383,-0.2788794,0.5005091,-36.77734,-8.187014,-34.10514
33.987934113,-0.8682191,0.875523700000001,1.319517,0.8079744,-0.2783966,0.5024419,-36.77734,-8.187014,-34.10514
33.997846127,0.1847278,0.933775699999999,1.258154,0.8069544,-0.2633088,0.5159963,-37.52262,-8.563499,-34.5498
34.007758141,0.0608516599999998,0.875523700000001,1.196791,0.7992843,-0.2579611,0.5372298,-37.52262,-8.563499,-34.5498
34.020148277,-1.054033,1.399791,0.889976299999999,0.8061821,-0.2578481,0.5424485,-37.52262,-8.563499,-34.5498
34.030060291,-1.921166,1.749303,0.951339199999998,0.8077828,-0.2694674,0.5418761,-37.52262,-8.563499,-34.5498
34.039971828,-1.921166,2.273571,0.6445247,0.8122317,-0.280119,0.5340815,-37.52262,-8.563499,-34.5498
34.049883842,-0.744343000000003,2.914342,0.3377102,0.8136422,-0.2869593,0.5205785,-37.15484,-7.810618,-33.65463
34.059795856,0.3705419,2.85609,0.889976299999999,0.8041886,-0.2852094,0.5067529,-37.15484,-7.810618,-33.65463
34.069708824,1.05186,1.399791,1.074065,0.7976905,-0.279509,0.4996486,-37.15484,-7.810618,-33.65463
34.079620361,1.175737,0.5842639,0.889976299999999,0.7986174,-0.2678159,0.5083608,-37.15484,-7.810618,-33.65463
34.089532375,0.3705419,0.001744238,1.074065,0.7911656,-0.2591884,0.5070467,-37.15484,-7.810618,-33.65463
34.099444389,-0.001086392,-0.755531299999998,0.828613499999998,0.7907897,-0.2620625,0.5147136,-36.78219,-7.812418,-34.10629
34.109356403,-0.4965908,-1.163295,0.889976299999999,0.811574,-0.2709446,0.5283868,-36.78219,-7.812418,-34.10629
34.119268417,-0.4965908,-0.5225234,1.135428,0.8250645,-0.2852633,0.5396904,-36.78219,-7.812418,-34.10629
34.129180431,-0.3727147,0.351256,1.258154,0.8246126,-0.2867135,0.5416056,-36.78219,-7.812418,-34.10629
34.139092445,0.0608516599999998,1.691051,0.767250500000003,0.8175036,-0.2732778,0.5316775,-36.78219,-7.812418,-34.10629
34.149004459,0.2466658,1.807555,0.951339199999998,0.8036245,-0.2681814,0.5193557,-36.78219,-7.812418,-34.10629
34.158916473,0.1847278,0.759019800000003,1.196791,0.7887328,-0.2655542,0.5007848,-36.78219,-7.812418,-34.10629
34.168828011,1.113798,-0.4642715,1.319517,0.7833771,-0.2641462,0.5046849,-36.78219,-7.812418,-34.10629
34.178740978,1.980931,-0.755531299999998,1.074065,0.8012518,-0.2671989,0.5275468,-36.78219,-7.812418,-34.10629
34.188652992,2.724188,-0.3477675,0.951339199999998,0.8023346,-0.2710345,0.5332732,-36.78219,-7.812418,-34.10629
34.198565006,2.600312,0.001744238,0.767250500000003,0.8086644,-0.2651151,0.5375755,-37.16291,-7.439684,-34.55521
34.208476543,2.290622,0.293004,0.767250500000003,0.8153594,-0.2612053,0.5274563,-37.16291,-7.439684,-34.55521
34.218388557,1.795117,0.293004,1.012702,0.8249831,-0.2601881,0.5134495,-37.16291,-7.439684,-34.55521
34.228300571,1.609303,-0.1147597,0.828613499999998,0.8113181,-0.2676632,0.5072841,-37.16291,-7.439684,-34.55521
34.238212586,1.547365,-0.1730116,0.951339199999998,0.814725,-0.2700675,0.5029151,-37.16291,-7.439684,-34.55521
34.2481246,1.671241,-0.2895156,1.135428,0.8123577,-0.2666432,0.5144836,-37.15969,-7.436024,-33.65578
34.258036614,1.361551,-0.4060195,1.012702,0.8040505,-0.26333,0.518904,-37.15969,-7.436024,-33.65578
34.267948628,1.175737,-0.4642715,1.135428,0.7973008,-0.2667805,0.5242251,-37.15969,-7.436024,-33.65578
34.277860642,0.5563561,-0.639027300000002,1.503605,0.7972376,-0.2590085,0.5271584,-37.15969,-7.436024,-33.65578
34.287772656,-0.06302445,-0.580775400000001,1.564968,0.8070554,-0.2622806,0.5270458,-37.15969,-7.436024,-33.65578
34.300163269,-0.3107767,0.293004,1.319517,0.8252795,-0.272229,0.5282515,-36.78058,-7.810588,-33.65658
34.310075283,-0.2488386,0.9920276,1.258154,0.8222885,-0.2674175,0.5283112,-36.78058,-7.810588,-33.65658
34.31998682,-0.001086392,1.05028,1.012702,0.8143501,-0.2626973,0.5226542,-36.78058,-7.810588,-33.65658
34.329898834,0.1847278,0.759019800000003,0.3990731,0.8093038,-0.2569863,0.514096,-36.78058,-7.810588,-33.65658
34.339810848,0.5563561,0.001744238,0.2763473,0.7965047,-0.2542635,0.5089508,-37.52586,-8.187074,-34.10124
34.349722862,0.804108299999999,-1.279799,0.2149844,0.7961026,-0.2561756,0.5151839,-37.52586,-8.187074,-34.10124
34.359634876,1.175737,-1.978823,0.03089567,0.8084725,-0.2593613,0.5256116,-37.52586,-8.187074,-34.10124
34.36954689,1.113798,-1.221547,0.03089567,0.8233944,-0.2678264,0.5403022,-37.52586,-8.187074,-34.10124
34.379458904,0.618294100000002,-0.3477675,0.6445247,0.8219208,-0.2746775,0.5316274,-37.52586,-8.187074,-34.10124
34.389370918,0.3705419,0.1182482,1.012702,0.8184751,-0.2752202,0.5287746,-36.77573,-8.185184,-33.65543
34.399282932,0.3086039,0.642515800000001,1.074065,0.822877,-0.273701,0.5306646,-36.77573,-8.185184,-33.65543
34.409195423,0.43248,1.166783,0.583161800000002,0.8139114,-0.2660918,0.5235959,-36.77573,-8.185184,-33.65543
34.419107437,0.494418,0.817271699999998,0.2149844,0.8079018,-0.2628246,0.51359,-36.77573,-8.185184,-33.65543
34.429019451,0.2466658,0.001744238,-0.3986447,0.8010069,-0.2565946,0.516096,-36.77573,-8.185184,-33.65543
34.438931465,-0.001086392,-0.8720351,-0.4600076,0.8034339,-0.2551098,0.5160835,-36.40469,-8.188814,-34.5568
34.448843479,-0.06302445,-1.105043,-0.5213705,0.8049815,-0.2618787,0.5160241,-36.40469,-8.188814,-34.5568
34.458755016,0.43248,-0.8720351,-0.5213705,0.8183505,-0.2713826,0.5211188,-36.40469,-8.188814,-34.5568
34.46866703,1.299613,-0.4642715,-0.03046724,0.8233482,-0.2800456,0.521495,-36.40469,-8.188814,-34.5568
34.478579044,1.795117,-0.1147597,0.2149844,0.8243148,-0.2712587,0.5306676,-36.40469,-8.188814,-34.5568
34.488491058,1.547365,0.2347521,0.1536215,0.8147414,-0.254937,0.5222222,-37.15484,-7.810618,-33.65463
34.498403072,0.3705419,0.0599961999999999,-0.2759189,0.798954,-0.2488647,0.5156863,-37.15484,-7.810618,-33.65463
34.508315086,-0.1869005,-0.8720351,-0.828185100000001,0.801404,-0.2493192,0.5156606,-37.15484,-7.810618,-33.65463
34.518227577,-0.1869005,-1.338051,-1.257725,0.8044538,-0.2541001,0.5213625,-37.15484,-7.810618,-33.65463
34.528139591,0.43248,-1.512807,-1.625903,0.8078416,-0.2540754,0.5179702,-37.15484,-7.810618,-33.65463
34.538051605,0.43248,-1.920571,-1.809992,0.820078,-0.2592818,0.5130208,-36.78219,-7.812418,-34.10629
34.547963619,1.175737,-2.21183,-1.625903,0.8294723,-0.2688674,0.5119097,-36.78219,-7.812418,-34.10629
34.557875633,2.228683,-2.037075,-1.380451,0.8270236,-0.2718269,0.5080714,-36.78219,-7.812418,-34.10629
34.567787647,3.219692,-1.978823,-1.073637,0.8151618,-0.2603325,0.509218,-36.78219,-7.812418,-34.10629
34.580177307,3.033878,-2.677846,-1.135,0.8088256,-0.2574746,0.5145773,-36.78219,-7.812418,-34.10629
34.590089321,2.848064,-2.619594,-0.644096300000003,0.81542,-0.2675152,0.5259733,-36.78704,-7.437823,-34.10744
34.600001335,2.476436,-2.328334,-0.582733500000001,0.8133946,-0.2641612,0.5231334,-36.78704,-7.437823,-34.10744
34.609913349,2.476436,-1.978823,-0.828185100000001,0.8144052,-0.2660832,0.5240716,-36.78704,-7.437823,-34.10744
34.619825363,2.724188,-2.677846,-1.012274,0.8023715,-0.2571172,0.5055165,-36.78704,-7.437823,-34.10744
34.629737854,2.848064,-3.668129,-1.380451,0.7904888,-0.2583166,0.4897731,-36.78704,-7.437823,-34.10744
34.639649868,3.777135,-4.774917,-1.503177,0.7993205,-0.2650199,0.4848452,-36.77734,-8.187014,-34.10514
34.649561882,5.635276,-5.299184,-1.196362,0.824692,-0.2771645,0.512859,-36.77734,-8.187014,-34.10514
34.659473896,7.18372799999999,-4.367153,-0.889547900000002,0.8343302,-0.2807695,0.5425156,-36.77734,-8.187014,-34.10514
34.66938591,8.05085899999999,-3.143862,-0.2759189,0.8225462,-0.2770394,0.5421693,-36.77734,-8.187014,-34.10514
34.679297924,8.67023999999999,-3.260366,-0.09183015,0.7978796,-0.2730691,0.5256183,-36.77734,-8.187014,-34.10514
34.689209938,9.53737299999999,-5.18268,-0.214556,0.7804155,-0.2807828,0.4825142,-37.14377,-8.558242,-33.26686
34.699121952,12.0149,-8.03702600000001,-0.3986447,0.7961523,-0.2966376,0.4726599,-37.14377,-8.558242,-33.26686
34.709033489,15.85505,-9.72633399999999,-0.766822200000002,0.8276805,-0.3073432,0.4828605,-37.14377,-8.558242,-33.26686
34.718945503,19.38552,-9.37682200000001,-0.5213705,0.8434047,-0.3002777,0.4986073,-37.14377,-8.558242,-33.26686
34.728857517,20.8101,-8.85255399999999,-0.214556,0.8295271,-0.2746925,0.5104299,-37.14377,-8.558242,-33.26686
34.738769531,19.75715,-9.02730999999998,0.583161800000002,0.7915182,-0.2490093,0.5056708,-36.77921,-7.80902,-33.27111
34.748682022,18.02289,-10.36711,0.583161800000002,0.7854154,-0.2350589,0.4990979,-36.77921,-7.80902,-33.27111
34.758594036,15.97893,-11.06613,0.767250500000003,0.8217013,-0.2438205,0.498704,-36.77921,-7.80902,-33.27111
34.76850605,14.74017,-10.83312,1.38088,0.8566595,-0.2588696,0.5045225,-36.77921,-7.80902,-33.27111
34.778418064,13.19172,-9.49332599999999,2.485412,0.8611723,-0.261683,0.5121446,-36.77921,-7.80902,-33.27111
34.788330078,11.27164,-7.74576700000002,2.730864,0.8534114,-0.2495533,0.5324638,-37.13085,-9.303772,-32.36512
34.798242092,9.35155899999998,-6.93023899999998,2.730864,0.841086,-0.2385396,0.5355321,-37.13085,-9.303772,-32.36512
34.808154106,7.98892199999997,-6.28946699999999,2.669501,0.8323172,-0.2313159,0.5471851,-37.13085,-9.303772,-32.36512
34.81806612,6.997913,-5.124428,2.546775,0.8317887,-0.2284157,0.5467292,-37.13085,-9.303772,-32.36512
34.827978134,5.697214,-4.541909,2.608138,0.8385643,-0.2283664,0.5399446,-37.13085,-9.303772,-32.36512
34.837889671,4.644268,-3.726381,2.976315,0.841924,-0.2264051,0.5360854,-37.88098,-9.305662,-32.81094
34.847801685,4.086825,-2.444838,3.037678,0.8445143,-0.2419085,0.5321168,-37.88098,-9.305662,-32.81094
34.860192299,3.901011,-1.105043,3.405856,0.8310488,-0.2305037,0.5198333,-37.88098,-9.305662,-32.81094
34.870104313,3.901011,-0.639027300000002,2.853589,0.8236206,-0.2213761,0.5214033,-37.88098,-9.305662,-32.81094
34.880016327,3.715197,-0.2895156,2.117234,0.8188841,-0.2242844,0.5329514,-37.88098,-9.305662,-32.81094
34.889928341,3.529382,0.642515800000001,1.626331,0.8234299,-0.2343976,0.5352429,-37.88583,-8.931067,-32.8121
34.899840355,3.529382,1.05028,1.442243,0.8150374,-0.2379581,0.5232928,-37.88583,-8.931067,-32.8121
34.909752369,3.962949,0.001744238,0.5217989,0.7995639,-0.2300196,0.5018816,-37.88583,-8.931067,-32.8121
34.919664383,3.839073,-1.571059,-0.5213705,0.8111595,-0.2138476,0.5071639,-37.88583,-8.931067,-32.8121
34.929576397,3.033878,-1.804067,-1.257725,0.8450637,-0.2060217,0.5323508,-37.88583,-8.931067,-32.8121
34.939488411,0.927984400000002,-0.1147597,-1.073637,0.8627675,-0.2067242,0.5413055,-37.87799,-9.302263,-31.97576
34.949399948,-1.425662,1.865807,-0.705459200000001,0.845753,-0.2244479,0.5303011,-37.87799,-9.302263,-31.97576
34.959312916,-2.045042,2.273571,-0.766822200000002,0.8164555,-0.2355261,0.5213752,-37.87799,-9.302263,-31.97576
34.96922493,-1.735352,2.331823,-1.380451,0.818841,-0.2355263,0.5155913,-37.87799,-9.302263,-31.97576
34.979136944,-0.806281,2.157067,-1.441814,0.822817,-0.2388586,0.5179331,-37.87799,-9.302263,-31.97576
34.989048481,-0.744343000000003,2.681334,-1.257725,0.8353359,-0.2512349,0.5321396,-38.25225,-9.302293,-31.97382
34.998960495,-1.054033,3.72987,-0.4600076,0.8330822,-0.2643369,0.5354342,-38.25225,-9.302293,-31.97382
35.008872509,-0.1249625,4.545397,0.2763473,0.8249248,-0.2838726,0.527697,-38.25225,-9.302293,-31.97382
35.018784523,1.671241,4.720153,0.03089567,0.8127967,-0.2715411,0.5038834,-38.25225,-9.302293,-31.97382
35.028696537,3.28163,3.788122,-0.705459200000001,0.8094409,-0.2415535,0.4978721,-38.25225,-9.302293,-31.97382
35.038608551,3.529382,2.85609,-1.196362,0.8124809,-0.2095147,0.4980575,-37.50697,-8.925808,-31.52915
35.048520565,1.980931,2.448327,-1.380451,0.8193744,-0.2069649,0.5056933,-37.50697,-8.925808,-31.52915
35.058432579,0.0608516599999998,2.157067,-1.687266,0.8178077,-0.2031328,0.5004516,-37.50697,-8.925808,-31.52915
35.06834507,-0.9301572,2.098815,-2.055443,0.8239202,-0.2170782,0.5079847,-37.50697,-8.925808,-31.52915
35.078257084,-1.177909,2.215319,-1.99408,0.8314741,-0.2358966,0.5073093,-37.50697,-8.925808,-31.52915
35.088169098,-0.8682191,1.924059,-1.135,0.8420688,-0.2599883,0.5108921,-37.88583,-8.931067,-32.8121
35.098081112,-0.1869005,2.098815,0.1536215,0.8365711,-0.2847474,0.5179804,-37.88583,-8.931067,-32.8121
35.107993126,1.485427,2.564831,1.074065,0.8179641,-0.2952377,0.5031977,-37.88583,-8.931067,-32.8121
35.11790514,3.839073,2.040563,1.258154,0.8000298,-0.2756308,0.4938909,-37.88583,-8.931067,-32.8121
35.127816677,5.573338,0.5260119,0.3990731,0.7848019,-0.2365932,0.4851688,-37.88583,-8.931067,-32.8121
35.140206814,4.520391,-1.046791,-1.135,0.8062882,-0.1839037,0.4963647,-37.50511,-9.303802,-32.36317
35.150118828,1.485427,-0.930287099999998,-1.196362,0.8314499,-0.1805477,0.522083,-37.50511,-9.303802,-32.36317
35.160030842,-2.230856,0.0599961999999999,-0.2759189,0.8365652,-0.1998812,0.5214267,-37.50511,-9.303802,-32.36317
35.169943333,-4.150936,0.642515800000001,-0.1531931,0.8266441,-0.225195,0.5256712,-37.50511,-9.303802,-32.36317
35.179855347,-3.71737,0.5842639,0.03089567,0.8279665,-0.2581743,0.5206378,-37.50511,-9.303802,-32.36317
35.189767361,-1.4876,0.933775699999999,0.583161800000002,0.832573,-0.2853292,0.5088905,-37.87153,-9.675029,-31.5249
35.199679375,1.485427,0.1765001,1.074065,0.8152317,-0.2744424,0.4995201,-37.87153,-9.675029,-31.5249
35.209591389,4.148763,-0.5225234,0.767250500000003,0.7982925,-0.2562777,0.4901946,-37.87153,-9.675029,-31.5249
35.219503403,5.387524,-1.571059,-0.03046724,0.7970537,-0.2261818,0.5000098,-37.87153,-9.675029,-31.5249
35.229415417,4.458453,-2.444838,-0.5213705,0.8135102,-0.2002074,0.5139552,-37.50511,-9.303802,-32.36317
35.239326954,2.35256,-1.920571,-1.135,0.8190644,-0.1976096,0.5340878,-37.50511,-9.303802,-32.36317
35.249238968,-0.4346527,-1.046791,-0.889547900000002,0.8388928,-0.2157608,0.5390653,-37.50511,-9.303802,-32.36317
35.259150982,-1.673414,-0.1147597,-0.582733500000001,0.8380981,-0.2381167,0.5307609,-37.50511,-9.303802,-32.36317
35.269062996,-1.611476,0.2347521,-0.3986447,0.8297363,-0.2450759,0.5178277,-37.50511,-9.303802,-32.36317
35.278975487,-0.5585288,0.1182482,-0.3372818,0.833678,-0.2537918,0.5105308,-37.49541,-10.05299,-32.36087
35.288887501,0.5563561,-0.05650773,-0.2759189,0.8351151,-0.248423,0.5139143,-37.49541,-10.05299,-32.36087
35.298799515,0.989922399999999,-0.05650773,-0.03046724,0.8203526,-0.2413384,0.5131378,-37.49541,-10.05299,-32.36087
35.308711529,0.927984400000002,-0.2312636,-0.214556,0.8085094,-0.2293465,0.5166883,-37.49541,-10.05299,-32.36087
35.318623543,0.804108299999999,-0.8720351,-0.3372818,0.8055883,-0.2279132,0.5196058,-37.49541,-10.05299,-32.36087
35.328535557,0.742170199999999,-1.163295,-1.012274,0.8113358,-0.2191217,0.5181708,-37.50373,-9.302233,-31.97771
35.338447571,0.2466658,-0.988539100000001,-1.319088,0.8228213,-0.2305636,0.5280716,-37.50373,-9.302233,-31.97771
35.348359585,0.0608516599999998,-0.755531299999998,-1.012274,0.8425705,-0.2482682,0.5258504,-37.50373,-9.302233,-31.97771
35.358271599,0.5563561,0.293004,-0.5213705,0.8456364,-0.2564554,0.5291286,-37.50373,-9.302233,-31.97771
35.368183613,1.113798,0.817271699999998,-0.09183015,0.8356147,-0.2488992,0.5143867,-37.50373,-9.302233,-31.97771
35.378096104,1.361551,0.642515800000001,0.03089567,0.8263103,-0.2456082,0.5168955,-37.50049,-9.678658,-32.42627
35.388008118,0.927984400000002,0.409508,0.03089567,0.8208459,-0.2330373,0.5232719,-37.50049,-9.678658,-32.42627
35.397920132,0.3086039,0.351256,-0.1531931,0.8206959,-0.2233593,0.5199766,-37.50049,-9.678658,-32.42627
35.407831669,-0.001086392,0.642515800000001,-0.2759189,0.8119925,-0.2331747,0.5180711,-37.50049,-9.678658,-32.42627
35.417743683,0.3086039,0.5260119,-0.1531931,0.8185267,-0.2451977,0.5212917,-37.50049,-9.678658,-32.42627
35.43013382,1.237675,0.5842639,0.03089567,0.8243766,-0.2495236,0.5144865,-38.2474,-9.676888,-31.97266
35.440045834,1.361551,0.409508,0.3377102,0.8257626,-0.2402791,0.5174162,-38.2474,-9.676888,-31.97266
35.449957848,1.361551,0.351256,0.1536215,0.8232911,-0.2334943,0.5227661,-38.2474,-9.676888,-31.97266
35.459869862,1.175737,0.46776,-0.214556,0.8246686,-0.2276688,0.5208715,-38.2474,-9.676888,-31.97266
35.469781876,0.494418,0.46776,-0.3986447,0.8182555,-0.2228998,0.5209626,-38.2474,-9.676888,-31.97266
35.479694367,0.1847278,0.759019800000003,-0.4600076,0.8202493,-0.2277336,0.5189913,-37.8699,-10.05328,-32.42317
35.489606381,0.3705419,0.933775699999999,0.03089567,0.8110678,-0.2380373,0.5175671,-37.8699,-10.05328,-32.42317
35.499518395,0.742170199999999,0.817271699999998,0.0922585699999997,0.8131172,-0.2491836,0.5136326,-37.8699,-10.05328,-32.42317
35.509430409,1.423489,0.642515800000001,-0.214556,0.8155553,-0.2511077,0.5107163,-37.8699,-10.05328,-32.42317
35.519341946,1.733179,0.1765001,-0.582733500000001,0.8282118,-0.2348803,0.5241517,-37.8699,-10.05328,-32.42317
35.52925396,0.989922399999999,0.0599961999999999,-0.5213705,0.8316129,-0.2314341,0.5260639,-37.87613,-9.680258,-32.80979
35.539165974,0.3086039,0.46776,-0.2759189,0.8391458,-0.2414828,0.5336098,-37.87613,-9.680258,-32.80979
35.549077988,0.1847278,1.108532,-0.03046724,0.8353248,-0.2531919,0.5287656,-37.87613,-9.680258,-32.80979
35.558990002,1.05186,1.225035,0.0922585699999997,0.820455,-0.24909,0.5140455,-37.87613,-9.680258,-32.80979
35.568902016,1.733179,1.05028,0.03089567,0.8197578,-0.2316435,0.5141682,-37.87613,-9.680258,-32.80979
35.57881403,1.795117,0.700767799999999,-0.5213705,0.8160908,-0.2157159,0.5090265,-37.8699,-10.05328,-32.42317
35.58872652,1.609303,0.700767799999999,-0.582733500000001,0.8182418,-0.2287606,0.5127609,-37.8699,-10.05328,-32.42317
35.598638534,1.671241,0.293004,-0.09183015,0.8105438,-0.2429397,0.5084162,-37.8699,-10.05328,-32.42317
35.608550548,2.290622,0.1182482,0.3990731,0.8168287,-0.2419217,0.502603,-37.8699,-10.05328,-32.42317
35.618462562,2.848064,0.001744238,0.460436,0.8260026,-0.2301586,0.5049973,-37.8699,-10.05328,-32.42317
35.628374576,2.724188,0.293004,0.5217989,0.8417464,-0.2284487,0.5163869,-37.10661,-11.17675,-32.35935
35.63828659,1.547365,0.759019800000003,0.6445247,0.8359508,-0.2323872,0.5188151,-37.10661,-11.17675,-32.35935
35.648198605,0.804108299999999,1.341539,1.319517,0.8282287,-0.2334081,0.5275224,-37.10661,-11.17675,-32.35935
35.658110142,0.3705419,1.399791,1.258154,0.8238267,-0.2349273,0.5256324,-37.10661,-11.17675,-32.35935
35.668022156,0.3086039,1.691051,1.319517,0.8195485,-0.2451627,0.5256038,-37.10661,-11.17675,-32.35935
35.67793417,0.618294100000002,1.283287,1.38088,0.816968,-0.2457516,0.5116992,-37.49403,-10.05142,-31.9754
35.687847137,0.989922399999999,0.933775699999999,1.258154,0.814802,-0.2351538,0.5036272,-37.49403,-10.05142,-31.9754
35.697758675,1.423489,0.351256,0.951339199999998,0.8113843,-0.2269014,0.513797,-37.49403,-10.05142,-31.9754
35.710148811,1.237675,0.642515800000001,0.828613499999998,0.8216847,-0.226756,0.5170639,-37.49403,-10.05142,-31.9754
35.720060825,1.113798,0.759019800000003,0.583161800000002,0.8251731,-0.2335082,0.5155461,-37.49403,-10.05142,-31.9754
35.729972839,0.866046300000002,1.166783,0.705887599999999,0.8248463,-0.2417226,0.5217365,-37.8796,-9.304093,-32.42548
35.739884853,0.927984400000002,0.933775699999999,1.012702,0.8199573,-0.2442226,0.5188841,-37.8796,-9.304093,-32.42548
35.749796867,1.237675,0.875523700000001,0.889976299999999,0.8135259,-0.2375119,0.5194685,-37.8796,-9.304093,-32.42548
35.759708881,1.733179,0.5260119,0.583161800000002,0.8144978,-0.237015,0.5194628,-37.8796,-9.304093,-32.42548
35.769620418,1.671241,0.2347521,0.767250500000003,0.8114436,-0.2351632,0.5099002,-37.8796,-9.304093,-32.42548
35.779532433,1.733179,0.1765001,0.951339199999998,0.8164804,-0.23844,0.5203953,-37.87128,-10.05485,-32.80864
35.7894454,1.609303,0.001744238,0.828613499999998,0.8212155,-0.2267519,0.5189889,-37.87128,-10.05485,-32.80864
35.799357414,1.237675,-0.05650773,0.6445247,0.8176665,-0.2190555,0.5157118,-37.87128,-10.05485,-32.80864
35.809268951,0.0608516599999998,-0.1147597,0.3377102,0.8216294,-0.2180042,0.5219243,-37.87128,-10.05485,-32.80864
35.819180965,-1.115971,0.1182482,0.1536215,0.8275332,-0.2223022,0.5204006,-37.87128,-10.05485,-32.80864
35.829092979,-1.549538,0.409508,0.1536215,0.8311187,-0.233882,0.5226911,-37.11791,-10.42939,-32.81137
35.839004993,-1.549538,0.409508,-0.03046724,0.8178211,-0.2311703,0.5165901,-37.11791,-10.42939,-32.81137
35.848917007,-1.673414,0.1182482,-0.2759189,0.8102877,-0.2389222,0.5358144,-37.11791,-10.42939,-32.81137
35.858829021,-2.168918,0.0599961999999999,0.0922585699999997,0.8149109,-0.2538732,0.5399935,-37.11791,-10.42939,-32.81137
35.868741035,-1.611476,0.875523700000001,0.5217989,0.8170161,-0.271332,0.5340958,-37.11791,-10.42939,-32.81137
35.878653049,0.1227897,1.458043,0.460436,0.8134088,-0.261227,0.5279544,-37.49056,-10.42759,-32.35972
35.88856554,1.671241,0.817271699999998,0.2763473,0.7980982,-0.2305251,0.5014116,-37.49056,-10.42759,-32.35972
35.898477554,1.05186,-0.4060195,-0.214556,0.8019431,-0.1951494,0.4886475,-37.49056,-10.42759,-32.35972
35.908389568,-1.611476,-1.338051,-0.950910899999997,0.8181211,-0.1876083,0.5015124,-37.49056,-10.42759,-32.35972
35.918301582,-4.64644,-1.221547,-1.073637,0.8335171,-0.2014408,0.5084803,-37.49056,-10.42759,-32.35972
35.928213596,-6.87620999999998,-0.755531299999998,-0.705459200000001,0.8328071,-0.2218015,0.510752,-38.26008,-8.931097,-32.81015
35.93812561,-7.80528100000003,-0.4642715,-0.09183015,0.8286013,-0.2261454,0.5246865,-38.26008,-8.931097,-32.81015
35.948037148,-8.79629,-0.05650773,0.2149844,0.8339187,-0.2380567,0.5524072,-38.26008,-8.931097,-32.81015
35.957949162,-9.35373199999999,1.225035,0.6445247,0.8452058,-0.2742316,0.5616649,-38.26008,-8.931097,-32.81015
35.967861176,-7.49559099999998,3.14735,1.871783,0.8512954,-0.3023354,0.5503778,-38.26008,-8.931097,-32.81015
35.977774143,-4.088998,3.613366,2.669501,0.8204618,-0.286887,0.5181151,-37.87128,-10.05485,-32.80864
35.990163803,0.618294100000002,0.9920276,2.117234,0.7848896,-0.2389866,0.4909139,-37.87128,-10.05485,-32.80864
36.000075817,3.219692,-0.813783199999999,0.6445247,0.8001119,-0.2014505,0.4934241,-37.87128,-10.05485,-32.80864
36.009987831,2.538374,-0.6972793,-0.1531931,0.8290942,-0.1888246,0.5210893,-37.87128,-10.05485,-32.80864
36.019899845,-0.2488386,0.5842639,0.03089567,0.8385549,-0.1891074,0.5373253,-37.87128,-10.05485,-32.80864
36.029811859,-3.779308,1.691051,0.03089567,0.8184851,-0.1830286,0.542353,-37.126,-9.678368,-32.36397
36.039723873,-6.69039600000003,2.390074,-0.214556,0.8188881,-0.1816038,0.5356365,-37.126,-9.678368,-32.36397
36.049635887,-10.03505,3.380358,-0.582733500000001,0.8380828,-0.1822754,0.5469784,-37.126,-9.678368,-32.36397
36.059547424,-14.06102,4.661901,-0.5213705,0.8649868,-0.2090016,0.5643173,-37.126,-9.678368,-32.36397
36.069459438,-18.27281,7.39974399999998,0.460436,0.8750847,-0.2601724,0.5830894,-37.126,-9.678368,-32.36397
36.079372406,-19.8832,11.06962,1.626331,0.8606575,-0.2782792,0.5855029,-36.75174,-9.678337,-32.36591
36.08928442,-20.25483,13.80746,2.23996,0.8286098,-0.2802786,0.5574567,-36.75174,-9.678337,-32.36591
36.099195957,-19.8832,13.69096,2.117234,0.7992732,-0.265284,0.5275779,-36.75174,-9.678337,-32.36591
36.109107971,-19.3877,11.59388,1.933146,0.7837289,-0.2642115,0.4912369,-36.75174,-9.678337,-32.36591
36.119019985,-18.33475,9.55506599999997,2.23996,0.7990685,-0.2712441,0.5006512,-36.75174,-9.678337,-32.36591
36.128931999,-18.5825,9.78807399999997,3.405856,0.8475584,-0.2776636,0.548656,-37.1357,-8.929177,-32.36628
36.138844013,-21.67941,12.46766,5.246743,0.8677016,-0.2936998,0.5867755,-37.1357,-8.929177,-32.36628
36.148756027,-25.89119,15.72977,8.06943700000002,0.8514225,-0.3068989,0.6050842,-37.1357,-8.929177,-32.36628
36.158668041,-28.92616,18.1181,10.15578,0.8358999,-0.325079,0.5959836,-37.1357,-8.929177,-32.36628
36.168580055,-28.86422,19.69091,11.01486,0.8302482,-0.3460158,0.5925353,-37.1357,-8.929177,-32.36628
36.178492546,-26.07701,20.73944,10.40123,0.7986245,-0.3338966,0.5746625,-37.14999,-8.185214,-33.65348
36.18840456,-22.05103,20.33168,8.43761400000001,0.7617389,-0.3108128,0.5333837,-37.14999,-8.185214,-33.65348
36.198316574,-16.72436,17.41908,6.16718700000003,0.7431332,-0.298624,0.497625,-37.14999,-8.185214,-33.65348
36.208228588,-9.53954700000003,14.04047,5.062654,0.7520099,-0.3111575,0.4902571,-37.14999,-8.185214,-33.65348
36.218140602,-2.230856,11.9434,3.896759,0.7913281,-0.3017824,0.5206861,-37.14999,-8.185214,-33.65348
36.228052139,3.962949,12.40941,1.81042,0.8261383,-0.2734938,0.5628065,-37.15482,-8.190704,-35.00262
36.237964153,9.16574500000002,13.3997,0.2149844,0.8141891,-0.251801,0.5673829,-37.15482,-8.190704,-35.00262
36.247876167,13.93497,13.3997,-0.950910899999997,0.7943047,-0.2405082,0.5489159,-37.15482,-8.190704,-35.00262
36.257788181,18.64227,12.1764,-1.871354,0.7760917,-0.2447004,0.5322509,-37.15482,-8.190704,-35.00262
36.267700672,23.78312,10.07933,-2.484983,0.7706279,-0.2618853,0.5038576,-37.15482,-8.190704,-35.00262
36.280090809,29.66724,6.81722400000001,-2.975887,0.7768421,-0.2570017,0.4956699,-36.42085,-7.066858,-35.00997
36.290002823,32.82608,5.82694100000001,-3.773605,0.7618093,-0.244204,0.4752474,-36.42085,-7.066858,-35.00997
36.299914837,35.05585,3.555114,-5.246314,0.7482422,-0.2255349,0.4615727,-36.42085,-7.066858,-35.00997
36.309826851,36.1088,0.1765001,-6.35084600000001,0.7372224,-0.2228795,0.4391249,-36.42085,-7.066858,-35.00997
36.319738865,36.29461,-3.551625,-6.65766099999999,0.7551024,-0.2395879,0.4465307,-36.04312,-7.442993,-35.39623
36.329650879,35.67523,-7.51275900000002,-5.73721700000003,0.7765114,-0.2610762,0.4586737,-36.04312,-7.442993,-35.39623
36.339562416,34.68422,-10.07585,-3.957693,0.7847054,-0.2822488,0.4699807,-36.04312,-7.442993,-35.39623
36.34947443,33.13577,-11.53214,-1.503177,0.7701059,-0.3153189,0.4857406,-36.04312,-7.442993,-35.39623
36.359387398,32.2067,-13.22145,1.074065,0.739771,-0.3366841,0.4589899,-36.04312,-7.442993,-35.39623
36.369299412,31.95895,-16.01755,4.264936,0.7044448,-0.3581637,0.4222014,-36.02212,-8.939545,-34.9419
36.379210949,32.76414,-20.5612,7.27171900000003,0.6803035,-0.3795341,0.3795482,-36.02212,-8.939545,-34.9419
36.389122963,33.38353,-25.57087,10.70804,0.6750597,-0.3883119,0.3824192,-36.02212,-8.939545,-34.9419
36.399034977,32.88802,-30.75529,14.14436,0.6833302,-0.3716441,0.3978188,-36.02212,-8.939545,-34.9419
36.408946991,30.28662,-34.77468,17.08978,0.6899164,-0.3558353,0.4386766,-36.02212,-8.939545,-34.9419
36.418859005,28.05685,-37.45427,19.85111,0.7271692,-0.3319075,0.4754637,-36.38854,-9.31077,-34.10362
36.428771019,26.01289,-37.51252,21.38519,0.763474,-0.3055374,0.5180377,-36.38854,-9.31077,-34.10362
36.438683033,23.78312,-35.93972,22.12154,0.7977909,-0.280184,0.5563018,-36.38854,-9.31077,-34.10362
36.448595047,21.3056,-34.65817,22.61244,0.8186085,-0.2571019,0.5629854,-36.38854,-9.31077,-34.10362
36.458507538,19.69521,-34.30866,22.61244,0.826421,-0.2438389,0.5774062,-36.38854,-9.31077,-34.10362
36.468419552,19.75715,-34.19216,22.18291,0.8472226,-0.2280823,0.5739577,-37.11493,-10.42599,-31.97619
36.478331566,23.47343,-33.49313,21.75336,0.8651391,-0.2486741,0.580377,-37.11493,-10.42599,-31.97619
36.48824358,28.67623,-32.4446,20.64883,0.846316,-0.2609798,0.5900723,-37.11493,-10.42599,-31.97619
36.498155594,33.56934,-32.26984,19.17612,0.8204041,-0.2574003,0.5946572,-37.11493,-10.42599,-31.97619
36.508067608,37.65725,-32.85236,15.92389,0.7964176,-0.230158,0.5763344,-37.11493,-10.42599,-31.97619
36.517979145,40.38252,-33.9009,12.73302,0.8124366,-0.1873382,0.5673485,-38.23959,-9.667999,-29.78835
36.527891159,40.69221,-35.06594,9.84896099999999,0.8475742,-0.1705954,0.5325636,-38.23959,-9.667999,-29.78835
36.537803173,38.64826,-35.76496,7.63989600000002,0.8936817,-0.1953102,0.5175678,-38.23959,-9.667999,-29.78835
36.547715187,36.1088,-35.64846,6.53536400000002,0.9301177,-0.2244816,0.5079135,-38.23959,-9.667999,-29.78835
36.560105801,34.06484,-33.49313,5.92173499999998,0.9143873,-0.2434972,0.525218,-38.23959,-9.667999,-29.78835
36.570017815,32.14476,-31.45431,5.18538,0.8830575,-0.2287859,0.5390502,-39.73524,-9.666551,-29.39509
36.579929829,29.66724,-28.71647,4.203574,0.8599929,-0.2183855,0.5431741,-39.73524,-9.666551,-29.39509
36.589841843,28.18073,-26.56115,3.405856,0.8304531,-0.2203215,0.5213471,-39.73524,-9.666551,-29.39509
36.599753857,28.42848,-25.33786,3.344493,0.8093532,-0.2284284,0.5046827,-39.73524,-9.666551,-29.39509
36.609665871,30.16274,-24.69709,3.896759,0.8088675,-0.2489206,0.4810229,-39.73524,-9.666551,-29.39509
36.619577885,31.71119,-23.82331,5.246743,0.8285432,-0.2612977,0.4778775,-39.71311,-10.78171,-27.27156
36.629489422,32.45445,-21.84274,7.148993,0.8564534,-0.2560501,0.4877377,-39.71311,-10.78171,-27.27156
36.639401436,31.89701,-19.33791,8.37625100000002,0.8782247,-0.2197977,0.5074643,-39.71311,-10.78171,-27.27156
36.649314403,30.22468,-16.36706,8.86715399999999,0.8906114,-0.1793205,0.5229845,-39.71311,-10.78171,-27.27156
36.659226417,27.12778,-13.39621,9.41941999999998,0.8915903,-0.1666247,0.5379449,-39.71311,-10.78171,-27.27156
36.669137955,24.03088,-10.54186,9.66487199999998,0.888215,-0.1681063,0.5408472,-40.82136,-11.5255,-25.91428
36.679049969,22.1108,-7.62926299999999,9.787598,0.8875539,-0.1938074,0.5416424,-40.82136,-11.5255,-25.91428
36.688961983,22.42049,-4.541909,10.52395,0.8996976,-0.2227161,0.5475796,-40.82136,-11.5255,-25.91428
36.698873997,23.78312,-1.571059,11.32167,0.8984123,-0.2387376,0.5465244,-40.82136,-11.5255,-25.91428
36.708786011,25.45545,0.9920276,11.99666,0.8892632,-0.2273214,0.5260383,-40.82136,-11.5255,-25.91428
36.718698025,26.13677,2.564831,12.4262,0.8865495,-0.2113944,0.518487,-40.44226,-11.90007,-25.91507
36.728610039,24.77413,3.496862,13.16256,0.887895,-0.2094879,0.5088841,-40.44226,-11.90007,-25.91507
36.73852253,21.86304,4.079382,13.40801,0.8789504,-0.1999167,0.5061496,-40.44226,-11.90007,-25.91507
36.748434544,19.32359,4.487145,13.1012,0.8608985,-0.1803709,0.4853198,-40.44226,-11.90007,-25.91507
36.758346558,17.21769,3.962878,12.18075,0.8540665,-0.1636247,0.4586056,-40.44226,-11.90007,-25.91507
36.768258572,14.24467,2.914342,11.68985,0.850075,-0.1598128,0.4553069,-40.81837,-11.5221,-25.07909
36.778170586,11.39551,1.924059,11.38303,0.8352395,-0.155693,0.4439477,-40.81837,-11.5221,-25.07909
36.7880826,6.87403699999997,1.632799,12.36484,0.8567293,-0.1678709,0.4748781,-40.81837,-11.5221,-25.07909
36.797994137,0.927984400000002,4.02113,14.02164,0.8932067,-0.205553,0.5069405,-40.81837,-11.5221,-25.07909
36.807906151,-3.531555,7.807507,15.7398,0.8787065,-0.2473519,0.5221612,-40.81837,-11.5221,-25.07909
36.817818165,-4.02706,11.12787,16.84433,0.8564564,-0.2650685,0.5251299,-41.5685,-11.52399,-25.52491
36.827731132,-1.673414,13.16669,17.45796,0.8552151,-0.2549739,0.5112841,-41.5685,-11.52399,-25.52491
36.840120792,1.733179,13.80746,17.64205,0.8623732,-0.2161977,0.4917897,-41.5685,-11.52399,-25.52491
36.850032806,2.414498,13.92396,18.31704,0.8686897,-0.2244316,0.478232,-41.5685,-11.52399,-25.52491
36.85994482,2.290622,13.5162,19.85111,0.8802654,-0.2582656,0.4706972,-41.5685,-11.52399,-25.52491
36.869856834,2.600312,13.22494,21.38519,0.8827637,-0.3057638,0.4679568,-40.81998,-11.52393,-25.52881
36.879768848,5.387524,13.10844,22.42836,0.8876857,-0.3366569,0.4825904,-40.81998,-11.52393,-25.52881
36.889680862,9.78512499999999,13.69096,24.14652,0.8932751,-0.3452604,0.4930449,-40.81998,-11.52393,-25.52881
36.899592876,14.92598,14.38998,25.43514,0.8844545,-0.3312342,0.5076246,-40.81998,-11.52393,-25.52881
36.909504414,18.95196,15.49677,26.96921,0.8765765,-0.3059947,0.5318735,-40.81998,-11.52393,-25.52881
36.919417381,21.36754,16.72006,27.95102,0.8625498,-0.2765848,0.5336397,-40.83267,-10.77814,-26.36629
36.929329395,22.73018,17.30258,28.19647,0.848066,-0.2510669,0.5339436,-40.83267,-10.77814,-26.36629
36.939241409,23.72119,16.95306,27.82829,0.8301451,-0.23877,0.5173858,-40.83267,-10.77814,-26.36629
36.949152946,26.32258,15.67152,27.03057,0.8207427,-0.2516276,0.4914585,-40.83267,-10.77814,-26.36629
36.95906496,29.97693,13.5162,27.03057,0.8184569,-0.2740145,0.480767,-40.83267,-10.77814,-26.36629
36.968976974,33.32159,11.12787,27.21466,0.8268293,-0.2914402,0.4661688,-40.47457,-9.656154,-26.82141
36.978888988,36.29461,9.61331700000002,28.01238,0.8342761,-0.3000703,0.4670027,-40.47457,-9.656154,-26.82141
36.988801002,38.27663,8.73953799999999,29.23964,0.8395031,-0.2820331,0.4733166,-40.47457,-9.656154,-26.82141
36.998713017,39.26764,8.44827800000003,30.03736,0.8286336,-0.2597872,0.4884502,-40.47457,-9.656154,-26.82141
37.008625507,40.13477,9.08905000000002,29.66918,0.8235482,-0.243365,0.4886066,-40.47457,-9.656154,-26.82141
37.018537521,41.37353,9.67157,29.48509,0.8163785,-0.2497125,0.4972735,-41.59573,-9.654413,-26.36586
37.028449535,42.92199,9.61331700000002,29.36236,0.8095869,-0.2463556,0.5064817,-41.59573,-9.654413,-26.36586
37.038361549,44.904,8.73953799999999,28.74874,0.8082085,-0.2409621,0.5214153,-41.59573,-9.654413,-26.36586
37.048273563,47.44346,7.574499,27.88965,0.8036925,-0.2283943,0.5249019,-41.59573,-9.654413,-26.36586
37.058185577,49.42548,5.710437,27.09194,0.8009841,-0.2207571,0.5081723,-41.59573,-9.654413,-26.36586
37.068097591,50.66424,3.030846,27.39875,0.7855112,-0.2318427,0.4645471,-40.47781,-9.279728,-26.37286
37.078009605,51.09781,-0.580775400000001,27.95102,0.7860416,-0.2571809,0.438925,-40.47781,-9.279728,-26.37286
37.087921143,51.77913,-3.435122,28.50328,0.7850181,-0.2723388,0.4167462,-40.47781,-9.279728,-26.37286
37.09783411,52.52238,-5.066176,28.74874,0.8007423,-0.2599075,0.4387709,-40.47781,-9.279728,-26.37286
37.107746124,50.72618,-4.250649,27.6442,0.8165522,-0.2220656,0.4988966,-40.47781,-9.279728,-26.37286
37.120135784,44.4085,-2.21183,25.68059,0.8120627,-0.1758254,0.544381,-40.84722,-9.654353,-26.36976
37.130047798,38.02888,-0.988539100000001,24.76015,0.7978606,-0.1569902,0.5643243,-40.84722,-9.654353,-26.36976
37.139959812,31.02988,-0.6972793,24.20788,0.7665251,-0.1578916,0.5593264,-40.84722,-9.654353,-26.36976
37.149871826,24.83607,-1.804067,24.14652,0.7591875,-0.1901803,0.5212467,-40.84722,-9.654353,-26.36976
37.15978384,22.42049,-3.668129,24.51469,0.7837627,-0.2244422,0.4934221,-41.22334,-9.276389,-25.53378
37.169695854,21.55335,-3.609878,24.82151,0.7953895,-0.2514203,0.4988967,-41.22334,-9.276389,-25.53378
37.179607868,25.76514,-4.250649,24.82151,0.7964653,-0.3150114,0.4816576,-41.22334,-9.276389,-25.53378
37.189520359,32.14476,-6.40597199999999,25.55787,0.8072711,-0.3104611,0.4916713,-41.22334,-9.276389,-25.53378
37.199432373,36.35655,-7.74576700000002,27.76693,0.8061168,-0.2783699,0.5120624,-41.22334,-9.276389,-25.53378
37.209344387,38.40051,-7.80401899999998,28.68737,0.8006467,-0.2599483,0.5247198,-41.60083,-8.899994,-25.08328
37.219256401,37.905,-7.27975100000002,29.60782,0.7824295,-0.2378012,0.5384803,-41.60083,-8.899994,-25.08328
37.229168415,36.04686,-6.93023899999998,28.38056,0.7710284,-0.2136325,0.551711,-41.60083,-8.899994,-25.08328
37.239079952,32.51639,-7.57101099999998,27.09194,0.7751535,-0.2000622,0.5407196,-41.60083,-8.899994,-25.08328
37.248991966,27.62328,-9.14381400000001,25.68059,0.7694963,-0.1758842,0.5418934,-41.60083,-8.899994,-25.08328
37.25890398,22.23467,-10.01759,23.77834,0.7743786,-0.1563146,0.5640659,-41.59923,-8.898164,-24.63357
37.268815994,16.84606,-9.49332599999999,21.56927,0.7991343,-0.1553606,0.5950536,-41.59923,-8.898164,-24.63357
37.278728485,12.20071,-8.15353100000001,20.52611,0.8405229,-0.1605355,0.6196045,-41.59923,-8.898164,-24.63357
37.288640499,9.22768300000001,-5.240932,20.0352,0.8680725,-0.2032716,0.6334698,-41.59923,-8.898164,-24.63357
37.298552513,8.54636400000002,-3.668129,20.89428,0.8578039,-0.2655912,0.6081814,-41.59923,-8.898164,-24.63357
37.308464527,11.95296,-3.143862,21.32382,0.8243943,-0.3160866,0.581265,-41.97211,-8.896626,-24.24615
37.318376541,18.2087,-3.493374,21.50791,0.7988952,-0.3325406,0.5549825,-41.97211,-8.896626,-24.24615
37.328288555,25.76514,-4.483657,22.24427,0.7800455,-0.3255963,0.5369571,-41.97211,-8.896626,-24.24615
37.338200569,30.84406,-6.63897900000002,22.55108,0.783447,-0.282886,0.5372102,-41.97211,-8.896626,-24.24615
37.348112583,32.14476,-6.87198700000002,23.59425,0.799969,-0.263219,0.5501527,-41.97211,-8.896626,-24.24615
37.358024597,30.53437,-6.05646000000001,24.26924,0.8134799,-0.24119,0.5583372,-41.99151,-7.398244,-24.25077
37.367937088,27.87104,-4.134145,24.08516,0.8066384,-0.2373712,0.5632275,-41.99151,-7.398244,-24.25077
37.377849102,25.76514,-3.435122,24.20788,0.7951635,-0.2525047,0.5709153,-41.99151,-7.398244,-24.25077
37.387761116,25.70321,-3.609878,24.33061,0.7726905,-0.2842354,0.5833959,-41.99151,-7.398244,-24.25077
37.400150776,26.32258,-7.33800299999997,26.29422,0.7472515,-0.3201704,0.5401775,-41.99151,-7.398244,-24.25077
37.41006279,27.0039,-10.54186,28.62601,0.7379489,-0.291761,0.5246076,-42.7368,-7.394644,-23.34745
37.419974804,27.31359,-11.7069,29.23964,0.7429746,-0.2601699,0.5271723,-42.7368,-7.394644,-23.34745
37.429886818,24.83607,-11.29914,28.68737,0.7771459,-0.238307,0.5471687,-42.7368,-7.394644,-23.34745
37.439798832,19.19971,-10.1341,29.54645,0.7917811,-0.2347261,0.5480174,-42.7368,-7.394644,-23.34745
37.449711323,12.69621,-9.02730999999998,30.89644,0.7940705,-0.2618451,0.548776,-42.7368,-7.394644,-23.34745
37.459623337,8.42248799999999,-7.74576700000002,31.93961,0.7895074,-0.297834,0.538495,-43.10968,-7.393106,-22.96004
37.469535351,7.98892199999997,-8.03702600000001,32.1237,0.7743184,-0.303406,0.5289952,-43.10968,-7.393106,-22.96004
37.479447365,10.83807,-9.43507399999997,31.63279,0.7643238,-0.2758356,0.540315,-43.10968,-7.393106,-22.96004
37.489359379,13.56335,-11.12438,30.28281,0.7618335,-0.2534508,0.5620943,-43.10968,-7.393106,-22.96004
37.499271393,13.43947,-11.41564,29.36236,0.7923434,-0.2239501,0.5677705,-43.10968,-7.393106,-22.96004
37.509183407,11.51939,-10.94963,29.301,0.816681,-0.2168721,0.5651918,-43.50035,-5.891355,-22.12753
37.519094944,9.72318700000001,-9.84283699999999,29.42373,0.8352613,-0.2132249,0.5693657,-43.50035,-5.891355,-22.12753
37.529006958,8.732179,-7.33800299999997,28.8101,0.8380321,-0.2281467,0.5836454,-43.50035,-5.891355,-22.12753
37.538919926,9.59931099999998,-5.240932,26.78512,0.8088316,-0.2333208,0.5910833,-43.50035,-5.891355,-22.12753
37.54883194,11.45745,-3.842885,23.71698,0.8005413,-0.2339012,0.5925967,-43.50035,-5.891355,-22.12753
37.558743477,13.12978,-4.134145,20.28065,0.8105863,-0.2280351,0.577658,-43.50173,-5.892923,-22.51299
37.568655491,13.87304,-4.541909,17.45796,0.8074019,-0.2140559,0.5696178,-43.50173,-5.892923,-22.51299
37.578567505,13.43947,-4.192397,15.43299,0.8045053,-0.1811509,0.5641019,-43.50173,-5.892923,-22.51299
37.588479519,11.58133,-3.726381,12.54893,0.8109491,-0.1578595,0.5521935,-43.50173,-5.892923,-22.51299
37.598391533,7.865046,-3.027358,10.15578,0.8153069,-0.1509973,0.5560402,-43.50173,-5.892923,-22.51299
37.608303547,2.910002,-0.5225234,8.13079899999997,0.8144939,-0.1445823,0.5796182,-43.50684,-5.138504,-21.23041
37.618215561,-2.168918,2.739586,5.369469,0.8096715,-0.1407061,0.5907323,-43.50684,-5.138504,-21.23041
37.628128052,-7.12396199999998,4.953161,1.564968,0.7953814,-0.1326484,0.5894776,-43.50684,-5.138504,-21.23041
37.638040066,-12.3887,6.17645200000001,-1.748629,0.7868476,-0.1413999,0.6053435,-43.50684,-5.138504,-21.23041
37.64795208,-17.2818,7.39974399999998,-4.203145,0.7814363,-0.149777,0.5923734,-43.50684,-5.138504,-21.23041
37.657864094,-20.75033,9.14730199999998,-7.27128999999997,0.7985333,-0.152986,0.5869122,-43.51814,-4.391143,-21.68243
37.667776108,-24.15693,11.76864,-10.52352,0.8242431,-0.1632516,0.6024513,-43.51814,-4.391143,-21.68243
37.680165768,-28.1829,14.62299,-12.79395,0.8376389,-0.2188347,0.6038778,-43.51814,-4.391143,-21.68243
37.690077782,-29.9791,15.49677,-13.22349,0.8289294,-0.2574337,0.5676892,-43.51814,-4.391143,-21.68243
37.699989796,-29.9791,14.9725,-13.65303,0.8071658,-0.2690524,0.5298806,-43.51814,-4.391143,-21.68243
37.709902286,-29.23585,13.10844,-14.14394,0.7795219,-0.2705073,0.5027575,-43.52113,-4.394542,-22.51761
37.7198143,-28.61647,10.95311,-14.6962,0.7681466,-0.2551056,0.5082471,-43.52113,-4.394542,-22.51761
37.729726314,-30.22686,10.83661,-14.75756,0.7815101,-0.2509537,0.528798,-43.52113,-4.394542,-22.51761
37.739638328,-34.62445,12.00165,-13.53031,0.7902544,-0.2574541,0.5632452,-43.52113,-4.394542,-22.51761
37.749550343,-41.18989,14.73949,-12.18032,0.7896648,-0.2867721,0.6144323,-43.52113,-4.394542,-22.51761
37.759462357,-45.15392,18.40936,-11.56669,0.7773244,-0.3411233,0.6348312,-43.52758,-4.021776,-22.96848
37.769374371,-45.2778,21.08895,-11.01443,0.7669342,-0.3825305,0.6221672,-43.52758,-4.021776,-22.96848
37.779286385,-41.93315,22.13749,-11.25988,0.767392,-0.3769353,0.5780258,-43.52758,-4.021776,-22.96848
37.789198399,-38.15493,19.86566,-11.25988,0.7553478,-0.3682231,0.5104929,-43.52758,-4.021776,-22.96848
37.799110889,-34.37671,14.44823,-9.97125800000001,0.7300664,-0.3523776,0.4479315,-43.52758,-4.021776,-22.96848
37.809022903,-31.83724,9.38030999999998,-8.00764499999998,0.7402056,-0.3706044,0.4616409,-43.15146,-4.39974,-23.80445
37.818934917,-30.41267,8.50653100000001,-5.36904,0.7982481,-0.4321325,0.5183132,-43.15146,-4.39974,-23.80445
37.828846931,-27.50158,12.99193,-3.03725,0.8510604,-0.48048,0.6048915,-43.15146,-4.39974,-23.80445
37.838758945,-21.92716,20.09867,-2.362258,0.8337528,-0.4712786,0.6444858,-43.15146,-4.39974,-23.80445
37.848670483,-14.6804,24.0598,-4.632685,0.7438635,-0.3770112,0.6200166,-43.15146,-4.39974,-23.80445
37.858582497,-8.548538,21.43847,-8.49854900000003,0.658003,-0.2626427,0.5351441,-42.78366,-4.026946,-24.25726
37.868494511,-5.575511,14.21522,-11.99623,0.6277412,-0.2027637,0.4676404,-42.78366,-4.026946,-24.25726
37.878407478,-6.318768,6.584216,-13.34622,0.6719407,-0.1926044,0.4504938,-42.78366,-4.026946,-24.25726
37.888319015,-10.46862,2.681334,-13.7144,0.7528253,-0.2131898,0.4937832,-42.78366,-4.026946,-24.25726
37.898231029,-15.85723,3.788122,-13.28485,0.8028082,-0.2681095,0.535209,-42.78366,-4.026946,-24.25726
37.908143043,-19.32576,6.81722400000001,-12.73259,0.8153287,-0.3521836,0.5609418,-42.03813,-4.030284,-25.09633
37.918055058,-18.14894,8.62303400000002,-12.11896,0.8108867,-0.4215198,0.5710844,-42.03813,-4.030284,-25.09633
37.927967072,-12.26482,9.61331700000002,-11.87351,0.8112065,-0.4408656,0.5795954,-42.03813,-4.030284,-25.09633
37.937879086,-4.398688,10.13759,-12.79395,0.775896,-0.4020973,0.567216,-42.03813,-4.030284,-25.09633
37.9477911,0.927984400000002,8.79779099999998,-14.38939,0.7037075,-0.3309731,0.5251431,-42.03813,-4.030284,-25.09633
37.960181713,2.476436,3.380358,-14.6962,0.6540688,-0.2692933,0.4775172,-42.04783,-3.281093,-25.09864
37.970093727,0.3086039,-1.687563,-14.02121,0.6630753,-0.2517636,0.4703483,-42.04783,-3.281093,-25.09864
37.980005741,-3.655432,-4.308901,-14.2053,0.7083495,-0.2564153,0.4929462,-42.04783,-3.281093,-25.09864
37.989917755,-7.062024,-3.726381,-15.73937,0.743162,-0.2688529,0.5352755,-42.04783,-3.281093,-25.09864
37.999829292,-8.36272300000002,-2.386586,-17.33481,0.754998,-0.2976734,0.5589819,-41.66872,-3.655658,-25.09943
38.009741306,-8.548538,-1.862319,-18.37798,0.7616876,-0.3169327,0.5688751,-41.66872,-3.655658,-25.09943
38.01965332,-7.49559099999998,-1.978823,-18.86888,0.7574397,-0.32764,0.5712438,-41.66872,-3.655658,-25.09943
38.029565334,-6.69039600000003,-2.852602,-18.43934,0.7676012,-0.3158596,0.5745894,-41.66872,-3.655658,-25.09943
38.039477348,-7.00008600000001,-3.318618,-17.76435,0.7623001,-0.2888178,0.5661758,-41.66872,-3.655658,-25.09943
38.049389839,-7.86721900000001,-3.143862,-17.88707,0.7636364,-0.2791114,0.5647876,-41.65578,-4.781275,-25.54568
38.059301853,-8.85822799999998,-2.852602,-18.56207,0.762448,-0.2631356,0.5629843,-41.65578,-4.781275,-25.54568
38.069213867,-9.53954700000003,-3.202114,-19.6666,0.7550322,-0.2608307,0.5577866,-41.65578,-4.781275,-25.54568
38.079125881,-9.22985600000001,-3.842885,-21.87566,0.7582945,-0.261847,0.5409442,-41.65578,-4.781275,-25.54568
38.089037895,-8.42466199999997,-4.658412,-23.40973,0.7818147,-0.2673807,0.5392492,-41.65578,-4.781275,-25.54568
38.098949909,-7.24783800000001,-5.007925,-24.45291,0.8166474,-0.2781048,0.5378953,-42.03142,-4.782874,-25.92921
38.108861923,-6.44264400000003,-4.89142,-24.26882,0.8367972,-0.2851175,0.5395829,-42.03142,-4.782874,-25.92921
38.118773937,-6.69039600000003,-4.541909,-23.59382,0.8265338,-0.2867071,0.5382267,-42.03142,-4.782874,-25.92921
38.128686428,-7.929157,-4.541909,-23.53246,0.7954727,-0.2667385,0.5367264,-42.03142,-4.782874,-25.92921
38.138598442,-9.84923700000002,-4.541909,-24.63699,0.7786371,-0.2436418,0.543278,-42.03142,-4.782874,-25.92921
38.148510456,-11.45963,-4.425405,-26.78469,0.7695075,-0.2107521,0.5498236,-41.64261,-5.90663,-25.92769
38.15842247,-12.82226,-4.308901,-29.05512,0.7557859,-0.2060615,0.5523826,-41.64261,-5.90663,-25.92769
38.168334007,-13.99909,-4.600161,-31.32555,0.7579181,-0.2142379,0.5599909,-41.64261,-5.90663,-25.92769
38.178246021,-13.81327,-4.89142,-32.85962,0.7920064,-0.2399748,0.5638256,-41.64261,-5.90663,-25.92769
38.188158035,-12.45063,-4.541909,-32.61417,0.8329254,-0.274414,0.5560154,-41.64261,-5.90663,-25.92769
38.198070049,-10.71637,-4.075893,-31.01874,0.8611234,-0.2977973,0.5604004,-41.64124,-5.905061,-25.54222
38.20798254,-9.10597999999999,-3.959389,-29.17785,0.8585654,-0.2973989,0.5498633,-41.64124,-5.905061,-25.54222
38.217894554,-8.053034,-3.260366,-28.31877,0.8246602,-0.28864,0.5439931,-41.64124,-5.905061,-25.54222
38.227806568,-6.87620999999998,-2.910854,-28.25741,0.7979993,-0.2715434,0.5390719,-41.64124,-5.905061,-25.54222
38.240196705,-5.203883,-2.619594,-29.11649,0.7772555,-0.260689,0.5316535,-41.64124,-5.905061,-25.54222
38.250108719,-3.841246,-2.386586,-29.97557,0.7628759,-0.2438973,0.5318983,-41.6186,-7.779867,-25.98617
38.260020733,-2.230856,-1.920571,-31.81645,0.7695668,-0.2351115,0.5270934,-41.6186,-7.779867,-25.98617
38.269932747,-0.806281,-2.50309,-32.30736,0.7891909,-0.2567836,0.5080413,-41.6186,-7.779867,-25.98617
38.279844284,0.2466658,-5.066176,-31.50964,0.8225664,-0.275326,0.4984861,-41.6186,-7.779867,-25.98617
38.289756298,0.1227897,-8.03702600000001,-29.54603,0.8475903,-0.2983832,0.4798551,-41.6186,-7.779867,-25.98617
38.299669266,-1.4876,-10.30885,-27.09151,0.845358,-0.2863564,0.4669916,-40.86201,-8.150743,-25.08948
38.30958128,-4.02706,-11.93991,-25.18926,0.8216828,-0.2711473,0.4649111,-40.86201,-8.150743,-25.08948
38.319492817,-7.61946700000001,-12.87194,-24.75972,0.7979652,-0.2354724,0.4826538,-40.86201,-8.150743,-25.08948
38.329404831,-12.69839,-13.10495,-25.18926,0.7838605,-0.1822006,0.5047463,-40.86201,-8.150743,-25.08948
38.339316845,-19.63545,-13.1632,-26.78469,0.7866342,-0.1332271,0.4988047,-40.86201,-8.150743,-25.08948
38.349228859,-27.6874,-13.51271,-28.07332,0.8224438,-0.1488176,0.4916476,-42.33828,-9.647676,-24.69161
38.359140873,-34.87221,-13.68747,-28.68694,0.8547194,-0.1381674,0.5043843,-42.33828,-9.647676,-24.69161
38.369052887,-40.26082,-12.23117,-29.9142,0.8878526,-0.1575631,0.5178732,-42.33828,-9.647676,-24.69161
38.378965378,-43.35772,-9.72633399999999,-31.0801,0.890589,-0.1725028,0.528792,-42.33828,-9.647676,-24.69161
38.388877392,-44.16291,-8.91080699999998,-31.38691,0.8659331,-0.1797464,0.5001623,-42.33828,-9.647676,-24.69161
38.398789406,-43.4816,-9.085562,-32.49145,0.8445278,-0.1970323,0.4906419,-41.21527,-9.647325,-24.63321
38.40870142,-42.61446,-10.36711,-32.7369,0.8342581,-0.2059421,0.4801141,-41.21527,-9.647325,-24.63321
38.418613434,-42.30478,-11.5904,-33.35052,0.8389237,-0.2145297,0.4958589,-41.21527,-9.647325,-24.63321
38.428525448,-41.99508,-12.23117,-34.02552,0.8491961,-0.2124477,0.4986587,-41.21527,-9.647325,-24.63321
38.438437462,-41.87121,-12.75544,-34.27097,0.8532214,-0.218681,0.5024213,-41.21527,-9.647325,-24.63321
38.448349476,-41.87121,-12.52243,-34.3937,0.8639964,-0.216098,0.5071404,-41.21203,-10.02375,-25.08176
38.458261967,-41.49958,-11.88166,-34.70051,0.8706842,-0.2136553,0.4946107,-41.21203,-10.02375,-25.08176
38.468173981,-41.87121,-11.47389,-35.25278,0.8673339,-0.1919575,0.4794212,-41.21203,-10.02375,-25.08176
38.478085995,-43.35772,-11.29914,-36.17322,0.8724139,-0.1686309,0.4776089,-41.21203,-10.02375,-25.08176
38.487998009,-45.2778,-10.36711,-37.15503,0.8872878,-0.1883405,0.4744591,-41.21203,-10.02375,-25.08176
38.497909546,-46.82625,-9.43507399999997,-36.84821,0.8895643,-0.2218077,0.4665326,-41.57659,-10.77297,-25.07751
38.50782156,-46.70238,-8.61954700000002,-36.23458,0.8884798,-0.2538222,0.4663294,-41.57659,-10.77297,-25.07751
38.517733574,-44.90617,-7.80401899999998,-35.31414,0.8702495,-0.2511942,0.455952,-41.57659,-10.77297,-25.07751
38.530123711,-42.6764,-7.62926299999999,-34.82323,0.8433422,-0.2093477,0.4559995,-41.57659,-10.77297,-25.07751
38.540036202,-42.86222,-7.68751500000001,-34.57779,0.8468297,-0.168056,0.4629645,-41.57659,-10.77297,-25.07751
38.549948216,-45.52555,-7.16324699999999,-35.13005,0.8530882,-0.1553445,0.468273,-41.19263,-11.52213,-25.07715
38.559860229,-50.10897,-5.82345200000001,-34.8846,0.8677621,-0.1541825,0.4700657,-41.19263,-11.52213,-25.07715
38.569772243,-55.24983,-4.192397,-34.57779,0.8792336,-0.1739244,0.4688678,-41.19263,-11.52213,-25.07715
38.579684257,-59.8332399999999,-2.619594,-34.14824,0.8853742,-0.2005381,0.4643123,-41.19263,-11.52213,-25.07715
38.589596271,-63.5495299999999,-0.930287099999998,-33.96416,0.8903387,-0.2097063,0.4608442,-41.19263,-11.52213,-25.07715
38.599508285,-65.7793000000002,0.293004,-34.20961,0.8996925,-0.2051666,0.4723117,-41.18779,-11.89673,-25.07599
38.609419823,-67.2658199999999,1.924059,-34.51642,0.9080405,-0.2040683,0.4770434,-41.18779,-11.89673,-25.07599
38.61933279,-68.00907,3.904626,-34.20961,0.897411,-0.2085268,0.4843144,-41.18779,-11.89673,-25.07599
38.629244804,-68.3187599999999,5.76868899999999,-33.84143,0.8873093,-0.2261298,0.4799691,-41.18779,-11.89673,-25.07599
38.639156818,-67.4516299999999,7.34149200000003,-33.10508,0.8934094,-0.2386183,0.4879921,-41.18779,-11.89673,-25.07599
38.649068355,-65.59348,8.85604200000002,-32.49145,0.8997753,-0.2497533,0.4758552,-41.19424,-11.52396,-25.52686
38.658980369,-62.7443299999998,10.19584,-31.69373,0.9155468,-0.263151,0.4722589,-41.19424,-11.52396,-25.52686
38.668892383,-59.6474299999999,11.36088,-31.01874,0.9155566,-0.2685117,0.4669414,-41.19424,-11.52396,-25.52686
38.678804398,-57.04603,11.9434,-30.52783,0.9103666,-0.2511683,0.4579819,-41.19424,-11.52396,-25.52686
38.688716412,-55.99308,12.23466,-30.40511,0.9029971,-0.2105511,0.4544794,-41.19424,-11.52396,-25.52686
38.698628902,-57.3557199999999,11.88514,-30.40511,0.8868204,-0.1793154,0.4394721,-40.46002,-10.77994,-26.81796
38.708540916,-60.51456,11.41913,-30.65056,0.8640465,-0.1597437,0.4350115,-40.46002,-10.77994,-26.81796
38.71845293,-64.2927900000003,11.30262,-31.14146,0.8630513,-0.1583015,0.4350303,-40.46002,-10.77994,-26.81796
38.728364944,-67.3277499999999,12.40941,-31.63236,0.8906801,-0.1807569,0.4327045,-40.46002,-10.77994,-26.81796
38.738276958,-67.82326,14.79774,-32.0619,0.9133754,-0.2235359,0.4499755,-40.46002,-10.77994,-26.81796
38.748188972,-66.7703099999997,17.24433,-32.24599,0.9207891,-0.2587644,0.464077,-40.83242,-11.15796,-27.65003
38.758100986,-65.1599199999998,18.99188,-31.20283,0.9031253,-0.2585287,0.4584801,-40.83242,-11.15796,-27.65003
38.768013,-63.6734000000001,20.04042,-30.5892,0.8841603,-0.2394493,0.4434175,-40.83242,-11.15796,-27.65003
38.777925491,-62.6204499999998,19.39965,-30.95737,0.8526276,-0.2055797,0.4122443,-40.83242,-11.15796,-27.65003
38.787837505,-62.0630100000002,16.83656,-31.75509,0.8447815,-0.1795965,0.3928035,-40.83242,-11.15796,-27.65003
38.797749519,-62.6204499999998,14.44823,-31.87782,0.8770852,-0.1816146,0.3934516,-40.10141,-10.4176,-29.84055
38.810139179,-64.9121599999999,13.5162,-30.28238,0.9061588,-0.220888,0.416929,-40.10141,-10.4176,-29.84055
38.820051193,-66.6464299999997,13.86571,-28.31877,0.9328447,-0.2777233,0.4254266,-40.10141,-10.4176,-29.84055
38.829963207,-66.2748000000001,14.68124,-25.49607,0.9237682,-0.3233337,0.4405717,-40.10141,-10.4176,-29.84055
38.839875221,-63.6734000000001,17.30258,-24.63699,0.9035863,-0.3356016,0.4608432,-38.97677,-10.79551,-30.68042
38.849787235,-59.9571199999999,20.27343,-24.88245,0.8757254,-0.3222869,0.477515,-38.97677,-10.79551,-30.68042
38.859699726,-57.5415299999998,22.19574,-24.33018,0.8552264,-0.2798461,0.4832691,-38.97677,-10.79551,-30.68042
38.86961174,-56.6744,23.59379,-24.39154,0.8376887,-0.2446713,0.4831855,-38.97677,-10.79551,-30.68042
38.879523754,-55.3737,23.47729,-23.83928,0.8496147,-0.2383318,0.4615102,-38.97677,-10.79551,-30.68042
38.889435768,-53.39169,23.06952,-23.65519,0.8617398,-0.2523766,0.435376,-38.249,-9.678719,-32.42238
38.899347782,-49.79928,21.20546,-22.61202,0.8663009,-0.292238,0.4043382,-38.249,-9.678719,-32.42238
38.909259796,-45.2778,19.28314,-20.64841,0.862314,-0.3276876,0.4031785,-38.249,-9.678719,-32.42238
38.91917181,-40.01307,17.18607,-18.86888,0.8639564,-0.3407486,0.404997,-38.249,-9.678719,-32.42238
38.929083347,-34.74833,16.4288,-17.94844,0.8738397,-0.3342306,0.4227149,-38.249,-9.678719,-32.42238
38.938996315,-30.59848,16.60355,-16.04619,0.8619754,-0.3027374,0.4470423,-37.51802,-8.558271,-33.26491
38.948908329,-28.24484,17.36083,-15.61665,0.8455374,-0.2645602,0.4623335,-37.51802,-8.558271,-33.26491
38.958820343,-27.56352,18.35111,-15.49392,0.8263256,-0.2438974,0.4727322,-37.51802,-8.558271,-33.26491
38.96873188,-27.25383,18.23461,-16.41436,0.8154339,-0.2362972,0.4685622,-37.51802,-8.558271,-33.26491
38.978643894,-26.51057,17.06957,-17.08936,0.8063537,-0.2224062,0.457695,-37.51802,-8.558271,-33.26491
38.988555908,-25.45763,15.089,-17.76435,0.8223443,-0.2222797,0.4436234,-37.14676,-8.56164,-34.10204
38.998467922,-24.46662,13.16669,-17.64162,0.8575872,-0.2462095,0.4191301,-37.14676,-8.56164,-34.10204
39.008380413,-23.28979,11.36088,-16.59845,0.8753832,-0.2732055,0.4063016,-37.14676,-8.56164,-34.10204
39.018292427,-22.11297,9.67157,-15.06438,0.8746793,-0.3023435,0.3989116,-37.14676,-8.56164,-34.10204
39.028204441,-20.87421,8.68128599999997,-13.28485,0.8538714,-0.3146887,0.405744,-37.14676,-8.56164,-34.10204
39.038116455,-20.06902,7.92401099999998,-11.56669,0.8319579,-0.2919907,0.4411494,-37.14676,-8.56164,-34.10204
39.048028469,-20.50258,8.564782,-12.30305,0.8280423,-0.2574075,0.4812692,-37.14676,-8.56164,-34.10204
39.057940483,-21.80328,9.90457699999998,-13.34622,0.8305618,-0.2314844,0.5188709,-37.14676,-8.56164,-34.10204
39.067852497,-22.85623,10.83661,-14.32802,0.8499382,-0.214261,0.5212073,-37.14676,-8.56164,-34.10204
39.077764511,-23.84724,11.65214,-14.75756,0.8596358,-0.2214981,0.5047439,-37.14676,-8.56164,-34.10204
39.090155125,-24.34274,11.76864,-13.16213,0.8373006,-0.2675518,0.4662311,-36.4063,-8.190644,-35.00651
39.100067139,-22.54654,10.07933,-11.07579,0.8247924,-0.3246776,0.4193908,-36.4063,-8.190644,-35.00651
39.109979153,-17.83924,7.69100299999997,-9.23490300000001,0.8354598,-0.3589755,0.4181034,-36.4063,-8.190644,-35.00651
39.11989069,-12.20288,6.70071999999997,-8.06900800000002,0.8684455,-0.3486918,0.451958,-36.4063,-8.190644,-35.00651
39.129802704,-8.23884800000001,7.92401099999998,-6.65766099999999,0.906672,-0.3091443,0.506606,-36.4063,-8.190644,-35.00651
39.139714718,-6.93814800000003,10.95311,-5.430403,0.9109968,-0.2735189,0.5408946,-35.65916,-8.192153,-35.39587
39.149626732,-7.557528,14.38998,-4.755411,0.8824458,-0.2520223,0.5475439,-35.65916,-8.192153,-35.39587
39.159538746,-9.35373199999999,16.25404,-3.589516,0.8358837,-0.2672958,0.5190633,-35.65916,-8.192153,-35.39587
39.169451237,-10.34474,16.19579,-1.503177,0.7928402,-0.3058912,0.4726289,-35.65916,-8.192153,-35.39587
39.179363251,-9.84923700000002,13.45795,0.951339199999998,0.781463,-0.329515,0.4322434,-35.65916,-8.192153,-35.39587
39.189275265,-8.79629,10.95311,3.037678,0.8085282,-0.3486007,0.4265842,-35.65593,-8.568579,-35.84443
39.199187279,-7.681405,9.78807399999997,5.18538,0.8551739,-0.3254787,0.472402,-35.65593,-8.568579,-35.84443
39.209099293,-8.053034,11.47738,6.10582399999999,0.8971791,-0.2859514,0.5140507,-35.65593,-8.568579,-35.84443
39.219011307,-9.97311299999999,14.15697,6.84217800000002,0.9036157,-0.2580252,0.5545105,-35.65593,-8.568579,-35.84443
39.228923321,-12.57451,17.47733,6.65808999999999,0.8833268,-0.254739,0.5825692,-35.65593,-8.568579,-35.84443
39.238835812,-14.30878,20.73944,7.21035599999999,0.8411435,-0.2819156,0.5856592,-35.29297,-7.821188,-36.29839
39.248747826,-13.62746,21.90448,8.86715399999999,0.7940311,-0.3433203,0.5448724,-35.29297,-7.821188,-36.29839
39.25865984,-8.67241400000003,20.56469,11.19895,0.766118,-0.3924719,0.4833429,-35.29297,-7.821188,-36.29839
39.268571854,0.2466658,16.6618,12.79438,0.7853816,-0.4045755,0.44035,-35.29297,-7.821188,-36.29839
39.278483868,9.59931099999998,13.6327,13.22392,0.8254096,-0.3619175,0.4359426,-35.29297,-7.821188,-36.29839
39.288395882,16.908,11.65214,13.03983,0.8515998,-0.3019463,0.4375404,-34.5539,-7.451762,-37.58833
39.298307419,21.24366,10.83661,12.67165,0.8684828,-0.2686812,0.4539312,-34.5539,-7.451762,-37.58833
39.308219433,23.22568,11.53563,12.97847,0.8580158,-0.2628113,0.4891186,-34.5539,-7.451762,-37.58833
39.318132401,23.65925,12.40941,14.69663,0.8305619,-0.2897727,0.4983159,-34.5539,-7.451762,-37.58833
39.328044415,24.83607,10.37059,16.84433,0.79389,-0.2970611,0.4899637,-34.5539,-7.451762,-37.58833
39.337955952,25.70321,7.34149200000003,19.11476,0.7907293,-0.2772159,0.4910855,-34.56013,-7.078735,-37.97495
39.347867966,24.34057,5.94344499999998,20.34202,0.8297568,-0.245553,0.5192648,-34.56013,-7.078735,-37.97495
39.35777998,20.37653,8.33177500000003,20.40338,0.8606967,-0.2260724,0.5551203,-34.56013,-7.078735,-37.97495
39.370170117,12.26265,10.4871,22.36699,0.8383279,-0.2511679,0.5378743,-34.56013,-7.078735,-37.97495
39.380082131,8.23667399999998,9.78807399999997,23.71698,0.7955297,-0.2871967,0.5183436,-34.56013,-7.078735,-37.97495
39.389994145,7.43147999999999,8.44827800000003,24.82151,0.7860594,-0.3237438,0.5057036,-34.55875,-7.077167,-37.58949
39.399906635,9.53737299999999,7.224988,25.68059,0.791521,-0.3294869,0.5070553,-34.55875,-7.077167,-37.58949
39.409818649,12.32458,6.52596399999999,26.35558,0.8074046,-0.3030746,0.5133264,-34.55875,-7.077167,-37.58949
39.419730663,12.82009,6.29295599999999,26.60103,0.8223321,-0.2698338,0.5297351,-34.55875,-7.077167,-37.58949
39.429642677,10.90001,6.46771199999997,26.90785,0.8239909,-0.2570326,0.5634162,-34.55875,-7.077167,-37.58949
39.439554691,7.30760400000002,6.23470400000003,27.88965,0.8218993,-0.2837087,0.5666189,-34.56658,-6.70597,-38.42582
39.449466229,4.953958,5.186169,29.17828,0.7992732,-0.3228362,0.5555239,-34.56658,-6.70597,-38.42582
39.459378243,6.13078099999997,4.428894,29.36236,0.7757134,-0.3358596,0.5316471,-34.56658,-6.70597,-38.42582
39.46929121,10.09482,4.778405,28.50328,0.7580925,-0.306094,0.5171235,-34.56658,-6.70597,-38.42582
39.479203224,13.8111,3.846374,27.39875,0.748849,-0.269849,0.51649,-34.56658,-6.70597,-38.42582
39.489114761,14.43048,2.506578,26.41694,0.7705659,-0.2414297,0.5217603,-34.56013,-7.078735,-37.97495
39.499026775,11.7052,2.506578,25.92604,0.8188922,-0.2233046,0.5348785,-34.56013,-7.078735,-37.97495
39.508938789,6.81209899999999,3.72987,26.6624,0.8457966,-0.2214984,0.5380028,-34.56013,-7.078735,-37.97495
39.518850803,2.166745,5.244421,25.68059,0.8364854,-0.2172354,0.5409983,-34.56013,-7.078735,-37.97495
39.528762818,0.1227897,5.88519199999999,22.67381,0.8085903,-0.2039385,0.5543091,-34.56013,-7.078735,-37.97495
39.538674832,-1.177909,6.05994799999998,18.31704,0.7785791,-0.1912374,0.5513102,-34.19557,-6.329514,-37.97921
39.548587322,-2.974113,5.069665,13.89891,0.7578143,-0.1716134,0.5521132,-34.19557,-6.329514,-37.97921
39.558499336,-5.327759,4.894909,9.72623500000002,0.7600999,-0.1438606,0.5690824,-34.19557,-6.329514,-37.97921
39.56841135,-7.49559099999998,5.94344499999998,6.16718700000003,0.7738273,-0.1383044,0.5790759,-34.19557,-6.329514,-37.97921
39.578323364,-10.09699,6.87547600000002,3.651307,0.7936922,-0.1549732,0.5893445,-34.19557,-6.329514,-37.97921
39.588235378,-11.27381,8.44827800000003,0.828613499999998,0.8032411,-0.1766735,0.5891116,-33.84071,-4.831102,-37.98577
39.598147392,-11.5835,10.07933,-2.239532,0.8006588,-0.2077468,0.5870079,-33.84071,-4.831102,-37.98577
39.608059406,-11.5835,11.18612,-5.123589,0.7890001,-0.2215126,0.5783812,-33.84071,-4.831102,-37.98577
39.617971897,-11.27381,11.82689,-7.57810399999998,0.7596982,-0.2408858,0.5593168,-33.84071,-4.831102,-37.98577
39.627883911,-10.71637,11.76864,-9.17354000000002,0.7452274,-0.2412148,0.5306389,-33.84071,-4.831102,-37.98577
39.637795925,-11.27381,11.71039,-10.52352,0.7357096,-0.2204739,0.5327857,-34.21172,-5.207558,-38.43238
39.650185585,-15.54754,12.35116,-12.91668,0.7438274,-0.166573,0.5292285,-34.21172,-5.207558,-38.43238
39.660097599,-22.67041,13.6327,-15.06438,0.7600262,-0.1309766,0.5293158,-34.21172,-5.207558,-38.43238
39.670009613,-31.71337,15.32201,-17.27345,0.7916157,-0.1009229,0.5455493,-34.21172,-5.207558,-38.43238
39.679921627,-41.31377,18.70062,-19.97341,0.8116238,-0.1048342,0.5847111,-34.22601,-4.463596,-39.71958
39.689833641,-48.62246,23.53554,-21.69157,0.8321138,-0.1892221,0.6242928,-34.22601,-4.463596,-39.71958
39.699746132,-52.58649,26.68114,-19.48251,0.8190079,-0.3266414,0.6158159,-34.22601,-4.463596,-39.71958
39.709658146,-50.91416,27.08891,-17.5189,0.7579443,-0.4285926,0.5499198,-34.22601,-4.463596,-39.71958
39.71957016,-43.23384,22.72001,-18.19389,0.6966483,-0.4423808,0.4692481,-34.22601,-4.463596,-39.71958
39.729482174,-33.44763,16.02103,-20.28023,0.6641282,-0.3824353,0.4200117,-32.73544,-4.090711,-40.17823
39.739394188,-27.6874,9.84632599999999,-22.3052,0.694927,-0.2691389,0.4089579,-32.73544,-4.090711,-40.17823
39.749306202,-29.4836,6.40946000000002,-22.05975,0.7495571,-0.2202299,0.452953,-32.73544,-4.090711,-40.17823
39.759218216,-36.54454,6.17645200000001,-20.58704,0.7944775,-0.2284714,0.532189,-32.73544,-4.090711,-40.17823
39.769130707,-45.58749,8.15701899999998,-18.19389,0.8656791,-0.2939985,0.6276057,-32.73544,-4.090711,-40.17823
39.779042721,-52.52455,13.86571,-13.89848,0.8980912,-0.4247231,0.6787723,-32.05229,-4.094054,-41.01698
39.788954735,-53.45362,19.5744,-11.81215,0.8182064,-0.5084956,0.6107705,-32.05229,-4.094054,-41.01698
39.798866749,-45.21586,18.75887,-13.53031,0.7007997,-0.4873246,0.4876364,-32.05229,-4.094054,-41.01698
39.808778286,-31.15593,9.67157,-16.47573,0.6000108,-0.458632,0.3725614,-32.05229,-4.094054,-41.01698
39.8186903,-18.70638,-0.813783199999999,-17.82571,0.6311927,-0.3278235,0.371704,-32.05229,-4.094054,-41.01698
39.828602314,-15.91917,-5.240932,-18.0098,0.732787,-0.2195381,0.4396683,-32.38517,-2.597528,-41.46969
39.838514328,-22.29879,-4.483657,-17.76435,0.7696955,-0.1916387,0.4952112,-32.38517,-2.597528,-41.46969
39.848426819,-32.5805,-1.804067,-16.353,0.7937204,-0.2205639,0.5629787,-32.38517,-2.597528,-41.46969
39.858338833,-42.24284,0.0599961999999999,-14.51211,0.7985275,-0.2783372,0.6302518,-32.38517,-2.597528,-41.46969
39.868250847,-48.18889,4.953161,-12.48714,0.8441709,-0.3788857,0.6718938,-32.38517,-2.597528,-41.46969
39.878162861,-48.43664,10.4871,-10.95306,0.8653784,-0.4529135,0.6505578,-32.39487,-1.848337,-41.47199
39.888074875,-41.06601,12.35116,-10.52352,0.8210698,-0.5004511,0.5656628,-32.39487,-1.848337,-41.47199
39.897986889,-29.42166,8.68128599999997,-10.46216,0.7462872,-0.488699,0.4872066,-32.39487,-1.848337,-41.47199
39.907898903,-18.33475,2.098815,-11.19852,0.6956074,-0.4246253,0.4362451,-32.39487,-1.848337,-41.47199
39.917811394,-12.8842,-3.318618,-12.73259,0.7120106,-0.3279558,0.432416,-32.39487,-1.848337,-41.47199
39.927723408,-14.37072,-5.47394,-13.46894,0.747228,-0.2692202,0.4545689,-31.34417,-1.099061,-41.47982
39.940113544,-22.36072,-5.415688,-13.40758,0.7751341,-0.2637265,0.5119663,-31.34417,-1.099061,-41.47982
39.950025558,-30.53655,-4.250649,-11.93487,0.8049302,-0.2994576,0.5623495,-31.34417,-1.099061,-41.47982
39.959937096,-37.10198,-0.05650773,-9.23490300000001,0.84326,-0.3525303,0.6139787,-31.34417,-1.099061,-41.47982
39.96984911,-40.75632,4.370642,-7.946282,0.8236513,-0.3920654,0.6105356,-31.34417,-1.099061,-41.47982
39.979761124,-41.62346,6.93372799999998,-7.57810399999998,0.7755309,-0.4108195,0.5690818,-31.67198,0.02313113,-41.86713
39.989674091,-41.43764,6.1182,-7.394016,0.7403488,-0.3993016,0.5373134,-31.67198,0.02313113,-41.86713
39.999585629,-41.43764,3.322106,-6.96447600000002,0.715237,-0.4138511,0.5033575,-31.67198,0.02313113,-41.86713
40.009497643,-40.69439,0.759019800000003,-7.148564,0.7343717,-0.4272369,0.4939683,-31.67198,0.02313113,-41.86713
40.019409657,-38.15493,-0.4642715,-7.33265300000001,0.7629511,-0.4482309,0.4906832,-31.67198,0.02313113,-41.86713
40.029321671,-34.19089,-0.1147597,-8.31446000000002,0.7870022,-0.4605659,0.4850969,-31.36495,0.3977515,-41.8699
40.039233685,-31.40368,0.351256,-7.45537899999998,0.8227903,-0.4537286,0.5020971,-31.36495,0.3977515,-41.8699
40.049145699,-30.47461,0.5842639,-5.675855,0.8205347,-0.429031,0.5018023,-31.36495,0.3977515,-41.8699
40.059058189,-30.97011,-0.2312636,-3.957693,0.7863284,-0.389697,0.5023807,-31.36495,0.3977515,-41.8699
40.068970203,-32.64244,-1.571059,-4.141782,0.7286081,-0.3482407,0.5012701,-31.36495,0.3977515,-41.8699
40.078882217,-34.99608,-3.959389,-5.491766,0.6981637,-0.315765,0.4792006,-32.13067,1.835209,-41.48496
40.088794231,-37.41167,-7.16324699999999,-6.71902399999997,0.7299224,-0.3139159,0.4789192,-32.13067,1.835209,-41.48496
40.098706245,-40.38469,-7.16324699999999,-6.41221000000002,0.805751,-0.3602544,0.5235242,-32.13067,1.835209,-41.48496
40.108618259,-42.11896,-2.79435,-3.89633,0.8819621,-0.4200525,0.5896432,-32.13067,1.835209,-41.48496
40.118530273,-43.66741,4.195886,-0.582733500000001,0.9014391,-0.4617924,0.6280778,-32.13067,1.835209,-41.48496
40.128441811,-40.44663,8.85604200000002,0.2149844,0.878013,-0.4888927,0.6007449,-31.70374,2.584435,-41.48954
40.138354778,-33.26182,10.07933,-0.644096300000003,0.7597054,-0.4428158,0.5142771,-31.70374,2.584435,-41.48954
40.148266792,-26.01507,3.962878,-1.932717,0.6583439,-0.4266074,0.4240924,-31.70374,2.584435,-41.48954
40.158178806,-20.00708,-5.82345200000001,-2.055443,0.6215667,-0.4332234,0.3586068,-31.70374,2.584435,-41.48954
40.168090344,-16.29079,-13.97873,-0.03046724,0.7053703,-0.4359792,0.3736586,-31.70374,2.584435,-41.48954
40.178002358,-14.43265,-13.62922,1.38088,0.8511408,-0.3992407,0.4695472,-31.4064,3.708246,-41.49463
40.187914372,-13.6894,-5.998208,-0.705459200000001,0.9153865,-0.3234651,0.5289974,-31.4064,3.708246,-41.49463
40.197826386,-14.86622,0.5842639,-5.184951,0.8538701,-0.254441,0.5237842,-31.4064,3.708246,-41.49463
40.207738876,-17.59149,0.700767799999999,-9.48035400000003,0.7522336,-0.2186152,0.4774271,-31.4064,3.708246,-41.49463
40.220129013,-18.95413,-5.648696,-12.85531,0.7082218,-0.222832,0.4245085,-31.4064,3.708246,-41.49463
40.230041027,-16.22886,-9.31857,-16.65982,0.7581825,-0.2187477,0.4375181,-32.16163,4.460775,-40.65786
40.239953041,-11.70738,-8.32828599999997,-21.44612,0.816722,-0.2324695,0.4556115,-32.16163,4.460775,-40.65786
40.249865055,-7.929157,-6.46422299999998,-23.10292,0.8763199,-0.3136937,0.4501977,-32.16163,4.460775,-40.65786
40.259777069,-6.318768,-3.842885,-19.54387,0.8785658,-0.4174119,0.452367,-32.16163,4.460775,-40.65786
40.269689083,-4.708378,-2.444838,-14.08257,0.8489928,-0.4774053,0.4546416,-32.16163,4.460775,-40.65786
40.279601574,-2.10698,-1.862319,-11.19852,0.823501,-0.4631237,0.4650558,-32.48459,5.208372,-41.04401
40.289513588,-0.2488386,-1.454555,-11.93487,0.7967263,-0.4080375,0.4935195,-32.48459,5.208372,-41.04401
40.299425602,-0.9301572,-0.4060195,-14.6962,0.7929783,-0.3324004,0.5027009,-32.48459,5.208372,-41.04401
40.309337616,-4.770316,0.642515800000001,-17.02799,0.8056362,-0.3303186,0.4997168,-32.48459,5.208372,-41.04401
40.319249153,-9.22985600000001,0.46776,-17.76435,0.8146806,-0.3569111,0.4922537,-32.48459,5.208372,-41.04401
40.329161167,-11.64544,1.574547,-17.70299,0.833113,-0.4289419,0.4887223,-32.46843,4.086416,-40.59084
40.339073181,-10.40668,3.030846,-16.16891,0.8445378,-0.5001672,0.4703763,-32.46843,4.086416,-40.59084
40.348986149,-5.699387,2.85609,-13.28485,0.8322744,-0.5517997,0.4538204,-32.46843,4.086416,-40.59084
40.358897686,-0.06302445,2.390074,-10.83034,0.7835885,-0.5501119,0.4288335,-32.46843,4.086416,-40.59084
40.3688097,4.644268,0.1765001,-8.37582199999997,0.7500527,-0.4928769,0.420402,-32.46843,4.086416,-40.59084
40.378721714,7.05985200000002,-1.978823,-9.17354000000002,0.7424755,-0.4138311,0.4416455,-32.85076,4.457322,-41.48947
40.388633728,8.48442599999998,-2.444838,-11.13715,0.7865378,-0.3869096,0.4783895,-32.85076,4.457322,-41.48947
40.398545742,8.732179,-2.21183,-11.56669,0.8091751,-0.3987475,0.4785814,-32.85076,4.457322,-41.48947
40.408457756,7.617294,-2.21183,-10.27807,0.8051395,-0.4371492,0.4692399,-32.85076,4.457322,-41.48947
40.418370247,6.37853299999997,-3.318618,-8.25309699999997,0.7742652,-0.4575714,0.4386593,-32.85076,4.457322,-41.48947
40.428282261,6.93597599999999,-5.590444,-6.35084600000001,0.7534997,-0.4589234,0.4148344,-32.08448,3.337255,-40.59048
40.438194275,7.98892199999997,-8.44479099999997,-5.246314,0.7506635,-0.4376942,0.4015576,-32.08448,3.337255,-40.59048
40.448106289,7.55535600000002,-9.90108999999998,-5.246314,0.771811,-0.3946888,0.4160533,-32.08448,3.337255,-40.59048
40.458018303,5.82109000000002,-10.01759,-5.73721700000003,0.7868873,-0.3677121,0.4396213,-32.08448,3.337255,-40.59048
40.467930317,3.033878,-9.49332599999999,-5.675855,0.7852305,-0.3414878,0.4518153,-32.08448,3.337255,-40.59048
40.477842331,-0.1869005,-8.79430199999998,-6.596298,0.7890282,-0.311742,0.4755061,-32.83299,3.337195,-40.58659
40.487754345,-2.41667,-7.27975100000002,-8.55991099999998,0.8076819,-0.291959,0.5057154,-32.83299,3.337195,-40.58659
40.500144959,-5.88520100000001,-5.357436,-10.15535,0.8449343,-0.286568,0.5207718,-32.83299,3.337195,-40.58659
40.510056496,-8.92016599999997,-4.308901,-9.41899200000002,0.8451508,-0.3137725,0.5100251,-32.83299,3.337195,-40.58659
40.51996851,-10.84025,-3.551625,-8.68263700000001,0.8294654,-0.3600817,0.4997783,-32.81222,1.840383,-40.1965
40.529880524,-9.97311299999999,-2.852602,-8.62127400000002,0.8317594,-0.3896375,0.4981197,-32.81222,1.840383,-40.1965
40.539792538,-7.61946700000001,-1.279799,-9.17354000000002,0.8342976,-0.3954118,0.5004585,-32.81222,1.840383,-40.1965
40.549704552,-6.25683000000001,-0.1147597,-9.84853300000002,0.8245911,-0.3679399,0.4920886,-32.81222,1.840383,-40.1965
40.559617042,-5.947139,0.933775699999999,-11.44397,0.8164892,-0.3147726,0.4795534,-32.81222,1.840383,-40.1965
40.569529056,-7.99109600000001,1.865807,-14.14394,0.8062243,-0.2707575,0.4837828,-33.57043,2.589514,-40.19492
40.57944107,-12.51257,2.797838,-16.29164,0.8016753,-0.2562556,0.4863223,-33.57043,2.589514,-40.19492
40.589353084,-17.83924,3.555114,-17.58026,0.8056022,-0.2542475,0.4901406,-33.57043,2.589514,-40.19492
40.599265098,-22.85623,4.428894,-18.43934,0.8124752,-0.2773137,0.5134512,-33.57043,2.589514,-40.19492
40.609177112,-26.82026,6.99197999999999,-19.11433,0.8329519,-0.3129369,0.5135046,-33.57043,2.589514,-40.19492
40.619089126,-29.11197,10.07933,-19.48251,0.8489727,-0.3447414,0.5126644,-33.20102,2.964139,-40.19802
40.629001617,-29.4836,12.40941,-19.72796,0.8290064,-0.3629991,0.499283,-33.20102,2.964139,-40.19802
40.638913631,-28.6784,12.29291,-21.13931,0.8168204,-0.3458197,0.4755022,-33.20102,2.964139,-40.19802
40.648825645,-27.3777,10.19584,-23.10292,0.811086,-0.3068084,0.438843,-33.20102,2.964139,-40.19802
40.658737659,-27.3777,7.74925499999999,-25.00517,0.8093473,-0.2579482,0.4218988,-33.20102,2.964139,-40.19802
40.668649673,-29.17391,7.74925499999999,-27.21424,0.8589824,-0.238663,0.4686238,-33.20102,2.964139,-40.19802
40.678561687,-32.33275,12.35116,-27.64378,0.8947214,-0.2733058,0.5276021,-33.20102,2.964139,-40.19802
40.688473225,-34.12895,18.64237,-29.4233,0.8662052,-0.286177,0.5450658,-33.20102,2.964139,-40.19802
40.698385239,-32.76632,20.7977,-31.81645,0.8235705,-0.3184665,0.4981894,-33.20102,2.964139,-40.19802
40.708298206,-28.80228,18.1181,-32.18463,0.8006319,-0.3321512,0.4387708,-33.20102,2.964139,-40.19802
40.71821022,-21.86522,12.70067,-34.33233,0.8053098,-0.3246436,0.3792379,-32.83945,3.709961,-41.03745
40.728121757,-12.63645,9.03079800000001,-37.70729,0.8621614,-0.3119178,0.3591104,-32.83945,3.709961,-41.03745
40.738033771,-6.62845799999998,7.63275100000002,-37.95274,0.8794585,-0.2806368,0.3658811,-32.83945,3.709961,-41.03745
40.747945785,-6.56652,6.1182,-37.15503,0.8556786,-0.2484089,0.3735181,-32.83945,3.709961,-41.03745
40.757857799,-9.47760899999999,5.593933,-35.13005,0.8441627,-0.2572223,0.3846095,-32.83945,3.709961,-41.03745
40.767769813,-13.99909,5.88519199999999,-32.92099,0.830876,-0.2625493,0.4178278,-32.14522,2.958995,-41.48843
40.780160427,-20.87421,6.00169699999999,-30.95737,0.8316199,-0.2967963,0.4502436,-32.14522,2.958995,-41.48843
40.790072441,-25.95313,6.75897199999999,-28.9324,0.8623672,-0.355456,0.4711755,-32.14522,2.958995,-41.48843
40.799984455,-28.74034,9.78807399999997,-26.78469,0.8878874,-0.4106895,0.5109048,-32.14522,2.958995,-41.48843
40.809896469,-29.54554,14.09872,-25.49607,0.8878295,-0.421203,0.5406052,-32.14522,2.958995,-41.48843
40.819808483,-28.98809,17.01132,-25.98698,0.8549834,-0.3853208,0.5267432,-32.13391,2.211635,-41.0364
40.829720497,-27.06802,16.19579,-26.66197,0.8302945,-0.3645372,0.4800545,-32.13391,2.211635,-41.0364
40.839632988,-23.35173,12.75892,-25.55744,0.8218141,-0.3742454,0.4046834,-32.13391,2.211635,-41.0364
40.849545002,-18.70638,8.73953799999999,-22.79611,0.8254215,-0.3850865,0.3623239,-32.13391,2.211635,-41.0364
40.859457016,-15.17591,6.40946000000002,-19.72796,0.8426002,-0.3848383,0.3688889,-32.13391,2.211635,-41.0364
40.869368553,-14.12296,5.88519199999999,-16.72118,0.8654428,-0.3882768,0.3989047,-31.75802,1.833409,-41.93662
40.879280567,-14.1849,6.29295599999999,-13.22349,0.8710802,-0.3910015,0.4209217,-31.75802,1.833409,-41.93662
40.889192581,-14.1849,6.40946000000002,-11.13715,0.8619256,-0.3705594,0.4581147,-31.75802,1.833409,-41.93662
40.899104595,-13.75133,6.52596399999999,-10.70761,0.848963,-0.3293851,0.4820366,-31.75802,1.833409,-41.93662
40.909016609,-12.3887,6.52596399999999,-12.67123,0.8367885,-0.2917119,0.4833606,-31.75802,1.833409,-41.93662
40.9189291,-10.15893,6.64246800000002,-15.67801,0.820213,-0.2614111,0.4760332,-32.08284,2.959,-41.48875
40.928841114,-8.548538,6.00169699999999,-18.5007,0.7978594,-0.2526007,0.4522907,-32.08284,2.959,-41.48875
40.938753128,-7.557528,4.254138,-19.54387,0.791222,-0.2645337,0.410979,-32.08284,2.959,-41.48875
40.948665142,-5.947139,2.157067,-18.37798,0.8044509,-0.2911837,0.3823497,-32.08284,2.959,-41.48875
40.958577156,-4.02706,0.0599961999999999,-16.04619,0.8210754,-0.3268249,0.3882006,-32.08284,2.959,-41.48875
40.96848917,-2.045042,-1.920571,-14.51211,0.8506979,-0.3380166,0.402737,-31.4013,2.953826,-42.77721
40.978401661,0.618294100000002,-2.852602,-14.38939,0.865947,-0.3250963,0.42669,-31.4013,2.953826,-42.77721
40.988313675,3.839073,-2.619594,-15.24847,0.8662305,-0.3166561,0.4641959,-31.4013,2.953826,-42.77721
40.998225689,6.62628499999997,-1.338051,-16.65982,0.8617121,-0.2894554,0.4845856,-31.4013,2.953826,-42.77721
41.008137703,8.17473599999999,-0.5225234,-18.07116,0.8484681,-0.2652523,0.5088772,-31.4013,2.953826,-42.77721
41.018049717,8.23667399999998,-0.8720351,-18.56207,0.8403036,-0.2547961,0.4878954,-31.7691,2.581031,-42.3244
41.027961731,8.05085899999999,-1.920571,-19.05297,0.8331261,-0.2521278,0.4586899,-31.7691,2.581031,-42.3244
41.037873745,8.67023999999999,-3.726381,-19.35978,0.8280514,-0.2576512,0.4342119,-31.7691,2.581031,-42.3244
41.047786236,10.40451,-5.18268,-19.54387,0.8411016,-0.2697599,0.4052011,-31.7691,2.581031,-42.3244
41.05769825,13.56335,-6.11471200000003,-19.35978,0.8628067,-0.285001,0.4058591,-31.7691,2.581031,-42.3244
41.07008791,19.38552,-6.988491,-18.86888,0.8767322,-0.2886099,0.4244325,-31.38376,1.833439,-41.93857
41.079999924,24.52638,-7.04674300000001,-19.05297,0.8803305,-0.2831098,0.4479636,-31.38376,1.833439,-41.93857
41.089911938,28.98592,-6.52247499999999,-19.42115,0.8710981,-0.271001,0.4678162,-31.38376,1.833439,-41.93857
41.099823952,31.15375,-5.998208,-19.42115,0.8523306,-0.2420626,0.4835476,-31.38376,1.833439,-41.93857
41.109735966,30.96794,-6.58072700000001,-18.86888,0.8193977,-0.2042743,0.4634571,-31.38376,1.833439,-41.93857
41.119648457,28.98592,-9.02730999999998,-18.13253,0.8125096,-0.1890208,0.4295311,-31.37003,0.7720854,-41.9353
41.129560471,27.18972,-11.7069,-18.37798,0.8335485,-0.1985065,0.4196702,-31.37003,0.7720854,-41.9353
41.139472485,27.06584,-13.0467,-19.42115,0.8572893,-0.2253889,0.41447,-31.37003,0.7720854,-41.9353
41.149384499,28.73817,-13.2797,-19.78932,0.8679174,-0.2436096,0.4281749,-31.37003,0.7720854,-41.9353
41.159296513,30.84406,-13.39621,-18.80752,0.8773224,-0.2375799,0.4463741,-31.37003,0.7720854,-41.9353
41.169208527,32.82608,-12.93019,-17.58026,0.8853547,-0.1951825,0.4686696,-32.10723,0.02466488,-41.47939
41.179120541,33.13577,-12.46418,-16.96663,0.8840719,-0.1597436,0.4804413,-32.10723,0.02466488,-41.47939
41.189033032,32.08282,-11.88166,-17.94844,0.8849368,-0.1383267,0.4945006,-32.10723,0.02466488,-41.47939
41.198945046,30.72019,-10.65837,-18.56207,0.8931202,-0.127558,0.4944966,-32.10723,0.02466488,-41.47939
41.20885706,29.66724,-9.26031799999999,-19.78932,0.891208,-0.1431695,0.4804857,-32.10723,0.02466488,-41.47939
41.218769074,31.77314,-7.68751500000001,-20.58704,0.8886604,-0.1771517,0.4783623,-32.45079,-2.221107,-41.02081
41.228681088,37.78113,-6.988491,-21.26203,0.8782158,-0.2102945,0.4700754,-32.45079,-2.221107,-41.02081
41.238592625,46.2047,-7.10499500000003,-21.87566,0.8723474,-0.2225636,0.4556432,-32.45079,-2.221107,-41.02081
41.248504639,55.61929,-8.27003499999999,-21.44612,0.8769141,-0.2099874,0.4388792,-32.45079,-2.221107,-41.02081
41.258417606,63.1757300000002,-9.95934199999999,-20.28023,0.8695606,-0.1781424,0.4266752,-32.45079,-2.221107,-41.02081
41.26832962,67.5113899999997,-12.40592,-19.42115,0.8721145,-0.1583033,0.4128592,-32.05576,-3.71789,-40.63267
41.278241158,68.0068900000002,-14.6195,-18.74615,0.874606,-0.1311796,0.401493,-32.05576,-3.71789,-40.63267
41.288153172,64.7241700000001,-16.48356,-18.19389,0.8752862,-0.1025418,0.4059989,-32.05576,-3.71789,-40.63267
41.298065186,59.08781,-17.24084,-18.25525,0.87291,-0.07351671,0.3990119,-32.05576,-3.71789,-40.63267
41.3079772,51.96494,-17.6486,-18.43934,0.8754077,-0.06516588,0.4139294,-32.05576,-3.71789,-40.63267
41.31788969,44.22268,-17.47384,-18.43934,0.874503,-0.06221322,0.4245209,-33.07899,-6.336483,-39.71965
41.327801704,35.42748,-16.60007,-18.37798,0.869063,-0.0442637,0.4395757,-33.07899,-6.336483,-39.71965
41.337713718,26.5084,-15.72629,-18.19389,0.8695969,-0.05008787,0.4371311,-33.07899,-6.336483,-39.71965
41.350103855,17.89901,-14.15348,-17.27345,0.8852464,-0.0872032,0.4415407,-33.07899,-6.336483,-39.71965
41.360015869,14.55436,-12.05641,-16.16891,0.9100133,-0.1425804,0.4553476,-33.07899,-6.336483,-39.71965
41.369927883,14.61629,-11.24088,-14.2053,0.9093041,-0.1687943,0.450858,-33.40987,-9.328047,-38.42358
41.379839897,16.84606,-11.47389,-12.42577,0.9125535,-0.1600612,0.4441639,-33.40987,-9.328047,-38.42358
41.389752388,19.57134,-11.53214,-11.01443,0.9151829,-0.1333535,0.445758,-33.40987,-9.328047,-38.42358
41.399664402,20.62428,-11.88166,-8.98945100000001,0.9089167,-0.1077807,0.4368633,-33.40987,-9.328047,-38.42358
41.409576416,20.12878,-11.76515,-6.96447600000002,0.9097652,-0.09076262,0.4441712,-33.40987,-9.328047,-38.42358
41.41948843,17.52738,-10.77487,-5.98266900000002,0.9125589,-0.06543288,0.4601594,-33.40017,-10.07724,-38.42127
41.429399967,13.93497,-7.862271,-6.22812100000001,0.9153567,-0.0449791,0.4708333,-33.40017,-10.07724,-38.42127
41.439311981,8.79411600000002,-4.600161,-6.90311299999998,0.9181126,-0.01771782,0.4853941,-33.40017,-10.07724,-38.42127
41.449223995,2.848064,-1.862319,-7.76219299999999,0.917231,0.01475468,0.4851384,-33.40017,-10.07724,-38.42127
41.459136486,-3.221865,0.875523700000001,-8.68263700000001,0.9047855,-0.004289743,0.4889679,-33.40017,-10.07724,-38.42127
41.4690485,-7.062024,2.273571,-9.23490300000001,0.8914687,-0.04133971,0.4821221,-33.38909,-10.82486,-38.0335
41.478960514,-8.42466199999997,3.030846,-9.48035400000003,0.9063808,-0.07127328,0.4707411,-33.38909,-10.82486,-38.0335
41.488872528,-8.67241400000003,4.195886,-9.35762899999997,0.9135954,-0.06002432,0.4721898,-33.38909,-10.82486,-38.0335
41.498784542,-9.16791799999997,4.661901,-9.78716900000001,0.9124649,-0.01743741,0.4595196,-33.38909,-10.82486,-38.0335
41.508696556,-11.5835,5.011413,-11.32124,0.9248475,0.05400894,0.4632422,-34.12791,-11.57411,-38.0273
41.518609047,-16.66242,5.186169,-12.79395,0.9281257,0.1132405,0.4708089,-34.12791,-11.57411,-38.0273
41.528521061,-24.2808,5.652184,-13.95985,0.9229984,0.1203727,0.4560189,-34.12791,-11.57411,-38.0273
41.538433075,-30.90817,6.52596399999999,-14.38939,0.9118322,0.05174118,0.4311769,-34.12791,-11.57411,-38.0273
41.548345089,-34.56252,6.87547600000002,-13.59167,0.8928492,-0.06454146,0.3988873,-34.12791,-11.57411,-38.0273
41.558257103,-32.95213,5.94344499999998,-12.42577,0.888069,-0.1625858,0.3901156,-33.37939,-11.57405,-38.03119
41.568169117,-27.12995,5.94344499999998,-12.0576,0.8816693,-0.1912201,0.4000674,-33.37939,-11.57405,-38.03119
41.578081131,-18.39669,6.584216,-13.0394,0.8820249,-0.1639663,0.4189719,-33.37939,-11.57405,-38.03119
41.587993622,-9.84923700000002,7.807507,-13.40758,0.9093066,-0.1119681,0.4699627,-33.37939,-11.57405,-38.03119
41.597905636,-3.407679,10.19584,-13.53031,0.944453,-0.0725334,0.5102337,-33.37939,-11.57405,-38.03119
41.60781765,-0.001086392,12.35116,-12.36441,0.9462116,-0.092851,0.5148837,-33.40178,-10.07907,-38.87099
41.62020731,3.343568,13.92396,-10.09398,0.9104709,-0.1623422,0.4768187,-33.40178,-10.07907,-38.87099
41.630119324,9.97093999999998,12.81718,-7.394016,0.8813505,-0.2299138,0.4190189,-33.40178,-10.07907,-38.87099
41.640031338,20.50041,9.96283000000002,-4.509959,0.8575233,-0.2755111,0.3786022,-33.40178,-10.07907,-38.87099
41.649943352,32.08282,6.64246800000002,-1.441814,0.8471214,-0.2898556,0.348833,-33.40178,-10.07907,-38.87099
41.659855843,42.98392,2.681334,2.485412,0.8505191,-0.2637326,0.3292892,-33.02428,-10.45546,-39.32149
41.669767857,50.97393,-1.221547,5.98309800000002,0.8597984,-0.2111873,0.3420375,-33.02428,-10.45546,-39.32149
41.679679871,55.24766,-3.318618,9.29669499999999,0.8738416,-0.1593735,0.3893083,-33.02428,-10.45546,-39.32149
41.689591885,55.92897,-3.842885,11.68985,0.8813608,-0.09845807,0.4309382,-33.02428,-10.45546,-39.32149
41.699503899,54.25665,-2.79435,11.75121,0.8850664,-0.0531505,0.4638565,-33.02428,-10.45546,-39.32149
41.709415913,52.52238,-1.920571,12.4262,0.8758239,-0.06494931,0.4547404,-31.8805,-11.95193,-38.873
41.719328403,52.58432,-3.202114,13.77619,0.8410987,-0.09953509,0.4135376,-31.8805,-11.95193,-38.873
41.729240417,55.24766,-6.05646000000001,15.2489,0.8267077,-0.1615255,0.3681228,-31.8805,-11.95193,-38.873
41.739152431,60.8220799999999,-9.72633399999999,17.76477,0.8414162,-0.1925407,0.3356095,-31.8805,-11.95193,-38.873
41.749064445,68.5023999999998,-13.10495,20.40338,0.8725271,-0.1761463,0.3368715,-31.8805,-11.95193,-38.873
41.758976459,74.3245699999999,-13.57096,21.63064,0.9207885,-0.1200061,0.3881761,-32.23076,-13.44511,-37.58155
41.768888473,75.8730200000001,-11.29914,23.59425,0.9503715,-0.04610071,0.4508154,-32.23076,-13.44511,-37.58155
41.778800487,73.5193800000001,-8.38653900000002,25.12832,0.9503441,0.003641171,0.5063653,-32.23076,-13.44511,-37.58155
41.788712978,68.8120899999997,-5.357436,26.53967,0.9324797,-0.000857474,0.5233061,-32.23076,-13.44511,-37.58155
41.798624992,65.28162,-3.435122,27.58284,0.9000118,-0.05574968,0.4877089,-32.23076,-13.44511,-37.58155
41.808537006,67.0158800000002,-4.134145,28.87146,0.8700196,-0.1069411,0.4117803,-32.96152,-14.56529,-36.67477
41.81844902,72.4044999999998,-6.81373500000001,29.05555,0.8598699,-0.1311589,0.3473716,-32.96152,-14.56529,-36.67477
41.828360558,79.0318699999999,-10.07585,28.68737,0.8644446,-0.08077805,0.3279784,-32.96152,-14.56529,-36.67477
41.838272572,81.38551,-11.29914,30.28281,0.9077662,-0.03155448,0.3663184,-32.96152,-14.56529,-36.67477
41.848184586,82.1287699999998,-11.24088,31.51007,0.9137728,-0.008969662,0.4062664,-32.96152,-14.56529,-36.67477
41.858097553,80.08481,-8.38653900000002,31.69415,0.9544048,0.02766128,0.4536703,-33.69089,-15.68391,-35.38252
41.86800909,74.5723299999998,-5.066176,34.57821,0.9578776,-0.004704429,0.4683075,-33.69089,-15.68391,-35.38252
41.877921104,70.4224800000002,-3.143862,36.48046,0.9239364,-0.03717934,0.4583217,-33.69089,-15.68391,-35.38252
41.887833118,69.5553399999998,-2.910854,37.09409,0.8866003,-0.08187775,0.4367621,-33.69089,-15.68391,-35.38252
41.897745132,72.1567399999998,-3.37687,37.09409,0.8907534,-0.1017031,0.4370718,-33.69089,-15.68391,-35.38252
41.910135269,76.5543400000002,-1.920571,37.52363,0.9274222,-0.08466025,0.4565327,-34.41404,-17.17555,-33.70365
41.92004776,79.6512499999998,0.001744238,37.33954,0.9236342,-0.06147857,0.4480793,-34.41404,-17.17555,-33.70365
41.929959774,82.8100899999999,0.933775699999999,38.13726,0.9186671,-0.04085274,0.4170524,-34.41404,-17.17555,-33.70365
41.939871788,85.2876099999999,0.46776,39.36452,0.8988246,-0.03636746,0.3946984,-34.41404,-17.17555,-33.70365
41.949783802,87.45544,-0.2312636,41.51222,0.9287968,-0.05445484,0.3875784,-34.41404,-17.17555,-33.70365
41.959695816,89.1897000000002,0.2347521,42.3713,0.9371235,-0.05775789,0.3850786,-35.15472,-17.54681,-32.86343
41.96960783,90.18072,0.9920276,42.43266,0.914893,-0.04400529,0.3791338,-35.15472,-17.54681,-32.86343
41.979519367,89.3755199999999,0.46776,42.43266,0.8928844,-0.01282464,0.3675411,-35.15472,-17.54681,-32.86343
41.989432335,85.8450500000001,-1.046791,41.81903,0.8870202,0.03075776,0.3712468,-35.15472,-17.54681,-32.86343
41.999344349,81.4474500000003,-1.338051,39.85542,0.9079838,0.04903775,0.3865397,-35.15472,-17.54681,-32.86343
42.009256363,76.9879100000001,-0.813783199999999,38.75089,0.9050577,0.05046843,0.3889771,-35.12912,-19.03813,-31.12421
42.0191679,71.53736,-1.454555,39.30315,0.9196199,0.02499128,0.3963553,-35.12912,-19.03813,-31.12421
42.029079914,66.27263,-1.862319,40.59178,0.9452105,0.01027338,0.3950602,-35.12912,-19.03813,-31.12421
42.038991928,62.9899099999999,-1.046791,42.55539,0.9517425,-0.008580079,0.3900726,-35.12912,-19.03813,-31.12421
42.048904896,61.5653400000002,-0.2312636,43.78265,0.93618,-0.0155615,0.39017,-35.12912,-19.03813,-31.12421
42.058816433,61.0079000000001,0.933775699999999,44.15083,0.9301893,0.001374143,0.3980208,-35.86658,-19.40573,-29.38455
42.068728447,60.32658,2.448327,43.96674,0.9185589,0.004208499,0.4115917,-35.86658,-19.40573,-29.38455
42.078640461,59.8310699999998,2.972594,44.33492,0.8993606,0.006829468,0.4021835,-35.86658,-19.40573,-29.38455
42.088552475,59.1497500000002,2.85609,43.72129,0.9071918,0.004492473,0.4001749,-35.86658,-19.40573,-29.38455
42.098464489,58.1587400000002,2.914342,43.23038,0.9037154,0.01271438,0.4045832,-35.86658,-19.40573,-29.38455
42.108376503,56.79611,3.205602,42.55539,0.91151,0.01426082,0.4035611,-36.61211,-19.40239,-28.54548
42.118288994,55.49541,3.788122,41.8804,0.9216978,0.01971342,0.4020627,-36.61211,-19.40239,-28.54548
42.128201008,53.32758,4.545397,41.32813,0.9451427,0.03121375,0.4129662,-36.61211,-19.40239,-28.54548
42.138113022,49.54935,5.360925,41.02132,0.9562116,0.04394529,0.4105479,-36.61211,-19.40239,-28.54548
42.148025036,44.47044,6.1182,40.7145,0.9621296,0.04258162,0.4138452,-36.61211,-19.40239,-28.54548
42.15793705,39.2057,7.51624699999999,39.79406,0.9511712,0.0284441,0.4253761,-37.34771,-20.14798,-27.63986
42.167849064,34.68422,8.44827800000003,38.62816,0.9198051,-0.0005177255,0.4321955,-37.34771,-20.14798,-27.63986
42.177761555,32.39252,8.62303400000002,37.52363,0.8953361,-0.008151849,0.4213273,-37.34771,-20.14798,-27.63986
42.190151691,29.72918,8.44827800000003,35.86683,0.8928503,-0.004301323,0.4218561,-37.34771,-20.14798,-27.63986
42.200063229,26.75615,8.50653100000001,35.00775,0.8888522,0.005848583,0.4253218,-37.34771,-20.14798,-27.63986
42.209975243,23.4115,8.91429399999998,34.2714,0.9075101,-0.0007077584,0.4251055,-37.34797,-19.76816,-26.35612
42.219887257,20.43847,9.96283000000002,33.78049,0.9068462,-0.01958097,0.4336288,-37.34797,-19.76816,-26.35612
42.229799271,16.66025,9.78807399999997,33.41232,0.909669,-0.01277272,0.4307671,-37.34797,-19.76816,-26.35612
42.239711762,11.76714,10.13759,32.43051,0.9242565,-0.00726546,0.4292284,-37.34797,-19.76816,-26.35612
42.249623776,7.43147999999999,10.54535,31.93961,0.9324208,-0.01016525,0.4113677,-37.34797,-19.76816,-26.35612
42.25953579,3.962949,11.88514,31.81688,0.9378446,-0.03470412,0.4346818,-37.73677,-18.6444,-26.35763
42.269447804,0.494418,13.86571,32.30779,0.9287319,-0.08935335,0.4833782,-37.73677,-18.6444,-26.35763
42.279359818,-1.363724,16.37054,33.1055,0.9172139,-0.173281,0.5016518,-37.73677,-18.6444,-26.35763
42.289271832,-0.06302445,18.52587,34.45549,0.8968857,-0.2046495,0.4853054,-37.73677,-18.6444,-26.35763
42.299183846,2.97194,17.65209,35.06911,0.8419831,-0.1756603,0.4106214,-37.73677,-18.6444,-26.35763
42.309096336,6.44047100000002,12.29291,34.57821,0.8191138,-0.116147,0.3483287,-38.86899,-18.27513,-27.63784
42.31900835,7.05985200000002,6.81722400000001,34.2714,0.859942,-0.06478868,0.3367695,-38.86899,-18.27513,-27.63784
42.328920364,3.962949,5.186169,35.37593,0.9180164,-0.05947968,0.3794819,-38.86899,-18.27513,-27.63784
42.338832378,-1.177909,6.46771199999997,37.21682,0.9529598,-0.1052594,0.443195,-38.86899,-18.27513,-27.63784
42.348744392,-4.64644,9.38030999999998,39.42588,0.9709756,-0.1706688,0.5021322,-38.86899,-18.27513,-27.63784
42.358656406,-4.522564,14.09872,42.12585,0.9733584,-0.2160275,0.5383001,-38.88514,-17.15317,-28.09102
42.368568897,-0.3727147,18.58412,43.47583,0.9324417,-0.2276801,0.5400413,-38.88514,-17.15317,-28.09102
42.378480911,7.617294,19.51615,42.61675,0.8621332,-0.2109567,0.4745411,-38.88514,-17.15317,-28.09102
42.388392925,17.34157,16.25404,40.2236,0.8090783,-0.1712677,0.401832,-38.88514,-17.15317,-28.09102
42.398304939,26.01289,10.66185,38.68953,0.803611,-0.128951,0.3474264,-38.88514,-17.15317,-28.09102
42.408216953,31.09181,5.302673,38.32135,0.8442199,-0.08575109,0.3526204,-38.90615,-15.65662,-28.54534
42.418128491,31.15375,2.797838,38.50544,0.9011613,-0.07321801,0.3886693,-38.90615,-15.65662,-28.54534
42.428040505,27.37553,3.43861,40.40769,0.9484108,-0.08539165,0.4520123,-38.90615,-15.65662,-28.54534
42.437953472,20.74816,5.76868899999999,42.00312,0.9787135,-0.1094001,0.517834,-38.90615,-15.65662,-28.54534
42.447865486,14.12079,10.25409,42.80084,0.9882472,-0.1589044,0.5788763,-38.90615,-15.65662,-28.54534
42.457777023,10.15675,16.02103,42.55539,0.9492125,-0.170571,0.5733976,-39.29335,-14.53103,-28.09715
42.467689037,8.60830200000001,18.46762,40.83723,0.8591896,-0.1444176,0.5038211,-39.29335,-14.53103,-28.09715
42.480079174,10.96195,15.089,36.91,0.7802308,-0.1323644,0.3999572,-39.29335,-14.53103,-28.09715
42.489991188,14.74017,9.90457699999998,34.88503,0.7948608,-0.1634204,0.3597618,-39.29335,-14.53103,-28.09715
42.499903679,17.77513,6.351208,35.31457,0.8598583,-0.1770097,0.3878797,-38.9304,-13.78364,-28.55111
42.509815693,17.21769,5.710437,36.97137,0.9002633,-0.1709803,0.4249985,-38.9304,-13.78364,-28.55111
42.519727707,13.56335,5.82694100000001,39.36452,0.9073312,-0.1566325,0.4634414,-38.9304,-13.78364,-28.55111
42.529639721,7.30760400000002,6.46771199999997,41.14404,0.9047461,-0.1540488,0.5004547,-38.9304,-13.78364,-28.55111
42.539551735,1.423489,8.62303400000002,41.20541,0.924992,-0.1753974,0.5423792,-38.9304,-13.78364,-28.55111
42.549463749,-0.9301572,13.05018,40.16224,0.9408293,-0.2133905,0.5640669,-39.31759,-12.65806,-28.10292
42.55937624,1.918993,17.47733,38.62816,0.8955951,-0.2092057,0.5448266,-39.31759,-12.65806,-28.10292
42.569288254,6.56434699999999,17.8851,36.4191,0.8067571,-0.1970788,0.478987,-39.31759,-12.65806,-28.10292
42.579200268,11.51939,13.80746,35.62138,0.7646847,-0.2032309,0.4221963,-39.31759,-12.65806,-28.10292
42.589112282,15.54536,8.97254599999999,36.66455,0.7985803,-0.2334583,0.4019949,-39.31759,-12.65806,-28.10292
42.599024296,18.02289,6.17645200000001,39.11907,0.8827151,-0.2565295,0.4255512,-39.33513,-11.53767,-28.94156
42.608935833,17.77513,6.52596399999999,41.3895,0.9233192,-0.2601527,0.4707666,-39.33513,-11.53767,-28.94156
42.618848801,14.92598,8.04051500000001,42.73948,0.914345,-0.2444948,0.5199301,-39.33513,-11.53767,-28.94156
42.628760815,11.14776,9.84632599999999,43.23038,0.891138,-0.2334322,0.558631,-39.33513,-11.53767,-28.94156
42.638672829,8.05085899999999,12.35116,42.55539,0.8650122,-0.2355694,0.5833464,-39.33513,-11.53767,-28.94156
42.648584366,7.05985200000002,15.38026,40.28496,0.8454803,-0.2348249,0.5868931,-39.72393,-10.41391,-28.94307
42.65849638,9.53737299999999,18.81713,36.97137,0.8382196,-0.2321998,0.5495254,-39.72393,-10.41391,-28.94307
42.668408394,15.04986,20.62294,35.06911,0.8131431,-0.2579506,0.5058914,-39.72393,-10.41391,-28.94307
42.678320408,23.34956,20.50644,35.37593,0.8057071,-0.3295544,0.4598681,-39.72393,-10.41391,-28.94307
42.688232899,33.07383,17.01132,37.76908,0.8023226,-0.392256,0.4378746,-39.72393,-10.41391,-28.94307
42.698144913,41.0019,12.35116,41.94176,0.8200019,-0.398337,0.4381507,-39.74494,-8.91736,-29.3974
42.708056927,45.7092,9.08905000000002,45.07127,0.8373773,-0.3455519,0.4777147,-39.74494,-8.91736,-29.3974
42.717968941,47.31959,9.84632599999999,45.6849,0.8477327,-0.2797725,0.5155095,-39.74494,-8.91736,-29.3974
42.727880955,46.76214,12.40941,45.37808,0.8365982,-0.2332743,0.5332079,-39.74494,-8.91736,-29.3974
42.737792969,43.54137,14.27347,43.04629,0.8013762,-0.1812892,0.5449237,-39.74494,-8.91736,-29.3974
42.74770546,38.52438,15.26376,40.10087,0.7980868,-0.1788237,0.5608156,-39.37714,-8.544565,-29.85021
42.760095596,36.35655,15.14725,37.76908,0.8162585,-0.2604978,0.5682662,-39.37714,-8.544565,-29.85021
42.77000761,38.64826,11.82689,39.24179,0.7980253,-0.3278669,0.5233313,-39.37714,-8.544565,-29.85021
42.779919624,46.26664,7.39974399999998,40.2236,0.7949792,-0.3464988,0.4905846,-39.37714,-8.544565,-29.85021
42.789831638,55.92897,6.00169699999999,40.28496,0.8054608,-0.3255318,0.4882265,-39.37714,-8.544565,-29.85021
42.799743175,63.3615400000001,6.05994799999998,38.62816,0.81188,-0.275424,0.5053065,-39.00772,-8.169939,-29.85331
42.809656143,67.75914,7.10848400000002,36.11229,0.8056924,-0.2259078,0.5321023,-39.00772,-8.169939,-29.85331
42.819568157,68.7501399999997,7.807507,33.04414,0.7818443,-0.1751789,0.5547481,-39.00772,-8.169939,-29.85331
42.829479694,67.3875099999998,7.574499,30.4669,0.7715322,-0.1582571,0.5703213,-39.00772,-8.169939,-29.85331
42.839391708,63.6092899999998,5.127917,28.31919,0.7618195,-0.1481011,0.5887247,-39.00772,-8.169939,-29.85331
42.849303722,61.1317699999998,4.137634,26.41694,0.7715314,-0.1631356,0.5645269,-39.75277,-8.546164,-30.23373
42.859215736,60.07882,3.788122,24.88287,0.7644567,-0.1811411,0.5687938,-39.75277,-8.546164,-30.23373
42.869128227,59.5833200000001,1.283287,24.08516,0.7455875,-0.2163977,0.5471264,-39.75277,-8.546164,-30.23373
42.879040241,58.9639400000003,-0.988539100000001,22.61244,0.7386668,-0.2174981,0.5385401,-39.75277,-8.546164,-30.23373
42.888952255,57.6632400000003,-2.270082,20.21929,0.7442655,-0.1917108,0.5425014,-39.75277,-8.546164,-30.23373
42.898864269,55.30959,-2.21183,18.3784,0.7352753,-0.1680169,0.5518655,-39.36907,-8.915501,-28.94963
42.908776283,51.46944,-3.609878,16.78297,0.7161205,-0.1517147,0.5627146,-39.36907,-8.915501,-28.94963
42.918688297,46.08083,-6.05646000000001,16.47615,0.7332441,-0.1741738,0.5849741,-39.36907,-8.915501,-28.94963
42.928600788,43.47943,-7.68751500000001,17.94886,0.7674437,-0.2179015,0.5786046,-39.36907,-8.915501,-28.94963
42.938512802,43.35555,-8.095279,18.31704,0.7893586,-0.2701066,0.556447,-39.36907,-8.915501,-28.94963
42.948424816,44.84206,-5.998208,18.25568,0.7937081,-0.2666634,0.5554694,-39.36769,-8.913933,-28.56417
42.95833683,47.19571,-1.978823,17.02842,0.7837824,-0.241984,0.5701303,-39.36769,-8.913933,-28.56417
42.968248844,48.37253,1.632799,14.94208,0.7381665,-0.1811642,0.627616,-39.36769,-8.913933,-28.56417
42.978160858,46.2047,3.496862,12.11939,0.6927499,-0.1121963,0.6664281,-39.36769,-8.913933,-28.56417
42.988072872,43.1078,2.972594,10.46259,0.6902744,-0.07980822,0.6537025,-39.36769,-8.913933,-28.56417
42.997985363,41.93098,-0.2312636,10.40123,0.7233136,-0.1602286,0.5865993,-39.7371,-9.288557,-28.56107
43.007897377,43.72718,-2.153579,11.26031,0.8142154,-0.2213039,0.5579827,-39.7371,-9.288557,-28.56107
43.017809391,45.21369,-1.338051,10.2785,0.8420739,-0.2146198,0.5644918,-39.7371,-9.288557,-28.56107
43.027721405,43.72718,0.2347521,7.026268,0.8090678,-0.1315037,0.590319,-39.7371,-9.288557,-28.56107
43.040111065,33.69321,1.341539,2.730864,0.7467315,-0.007535942,0.6171698,-39.7371,-9.288557,-28.56107
43.050023079,17.96095,2.331823,0.767250500000003,0.7584521,0.03869667,0.6221709,-40.09222,-10.40714,-27.27077
43.05993557,0.866046300000002,3.962878,-0.950910899999997,0.7558454,0.00224472,0.6113888,-40.09222,-10.40714,-27.27077
43.069847584,-13.62746,5.360925,-1.625903,0.7662916,-0.07923701,0.5809795,-40.09222,-10.40714,-27.27077
43.079759598,-23.10398,6.40946000000002,-1.748629,0.7691208,-0.1548557,0.5775687,-40.09222,-10.40714,-27.27077
43.089671612,-28.86422,6.46771199999997,-1.99408,0.7543605,-0.1777655,0.5895564,-40.09222,-10.40714,-27.27077
43.099583626,-32.33275,7.574499,-2.607709,0.7269716,-0.1712828,0.5965751,-40.82757,-11.53256,-27.64888
43.10949564,-33.94314,9.72982099999999,-4.203145,0.7005471,-0.1574778,0.6108361,-40.82757,-11.53256,-27.64888
43.119408131,-36.4826,11.59388,-5.92130599999998,0.712464,-0.1140699,0.6316619,-40.82757,-11.53256,-27.64888
43.129320145,-41.62346,13.6327,-8.13037100000001,0.7211726,-0.05962205,0.6386663,-40.82757,-11.53256,-27.64888
43.139232159,-50.10897,14.44823,-10.8917,0.7270402,-0.02077241,0.63647,-40.82757,-11.53256,-27.64888
43.149144173,-61.7533199999997,14.04047,-13.83712,0.7542394,0.001426647,0.644529,-39.71934,-10.40868,-27.65818
43.159056187,-73.2738,14.04047,-16.47573,0.7772353,-0.02754622,0.6119528,-39.71934,-10.40868,-27.65818
43.168968201,-81.5115699999998,12.75892,-17.76435,0.7874283,-0.1386675,0.5698246,-39.71934,-10.40868,-27.65818
43.178880692,-84.11296,12.75892,-17.39617,0.7986572,-0.2568152,0.5727749,-39.71934,-10.40868,-27.65818
43.188792706,-81.3876899999998,13.69096,-16.90527,0.7939727,-0.3401756,0.5905089,-39.71934,-10.40868,-27.65818
43.19870472,-73.8931799999998,15.089,-16.53709,0.7827234,-0.4110409,0.602625,-39.73848,-9.290125,-28.94654
43.208616734,-64.6644100000002,16.89481,-14.75756,0.7702277,-0.4527901,0.622629,-39.73848,-9.290125,-28.94654
43.218528748,-55.55952,18.52587,-13.46894,0.7595238,-0.4460678,0.6357371,-39.73848,-9.290125,-28.94654
43.228440762,-47.50757,19.16664,-11.87351,0.7453048,-0.4340706,0.6460319,-39.73848,-9.290125,-28.94654
43.238353252,-39.45562,19.16664,-10.15535,0.7426885,-0.4098001,0.6577415,-39.73848,-9.290125,-28.94654
43.248265266,-32.27081,19.16664,-8.98945100000001,0.7426618,-0.3798184,0.6425765,-39.37527,-8.92256,-30.68424
43.25817728,-27.31577,17.82685,-7.946282,0.7229608,-0.3462395,0.6204149,-39.37527,-8.92256,-30.68424
43.268089294,-24.52855,15.14725,-6.90311299999998,0.711643,-0.3227634,0.593307,-39.37527,-8.92256,-30.68424
43.278000832,-22.17491,11.59388,-5.553129,0.7164793,-0.3368764,0.5715611,-39.37527,-8.92256,-30.68424
43.287912846,-20.50258,8.50653100000001,-3.282701,0.7295001,-0.3643619,0.569337,-39.37527,-8.92256,-30.68424
43.297825813,-18.95413,5.710437,-1.073637,0.7395054,-0.3816828,0.5710496,-38.64429,-7.802112,-31.52677
43.307737351,-16.60048,4.254138,-0.03046724,0.7366247,-0.3782772,0.580222,-38.64429,-7.802112,-31.52677
43.320127487,-10.22087,4.894909,1.074065,0.7303393,-0.3817345,0.583138,-38.64429,-7.802112,-31.52677
43.330039501,-4.522564,5.419177,2.301323,0.7149071,-0.3769407,0.6097214,-38.64429,-7.802112,-31.52677
43.339951515,-0.001086392,4.545397,3.037678,0.6912907,-0.3563352,0.6196802,-38.28134,-7.054721,-31.98074
43.349863529,2.166745,4.079382,3.467218,0.7000718,-0.3067276,0.6280922,-38.28134,-7.054721,-31.98074
43.35977602,2.724188,3.555114,3.774033,0.6995386,-0.3199275,0.6083227,-38.28134,-7.054721,-31.98074
43.369688034,4.086825,1.399791,4.878565,0.7047932,-0.3277295,0.5870951,-38.28134,-7.054721,-31.98074
43.379600048,4.706205,-1.105043,6.22854899999998,0.7148782,-0.3330621,0.5629584,-38.28134,-7.054721,-31.98074
43.389512062,4.953958,-2.969106,8.31488799999999,0.7194019,-0.3524553,0.552224,-38.66045,-6.680156,-31.97995
43.399424076,6.13078099999997,-4.833169,9.35805800000003,0.7245434,-0.3673849,0.5592793,-38.66045,-6.680156,-31.97995
43.40933609,7.92698399999999,-5.47394,10.40123,0.7427974,-0.3587811,0.5850964,-38.66045,-6.680156,-31.97995
43.419248581,8.979931,-5.415688,11.38303,0.7483274,-0.348391,0.6120033,-38.66045,-6.680156,-31.97995
43.429160595,9.10380600000001,-4.716664,12.61029,0.73943,-0.3378195,0.615037,-38.66045,-6.680156,-31.97995
43.439072609,8.60830200000001,-4.075893,14.083,0.7259706,-0.3451876,0.6290369,-38.28134,-7.054721,-31.98074
43.448984623,8.48442599999998,-3.668129,14.75799,0.6975558,-0.333864,0.6370577,-38.28134,-7.054721,-31.98074
43.45889616,9.35155899999998,-4.075893,14.88072,0.7077503,-0.3240177,0.6413504,-38.28134,-7.054721,-31.98074
43.468808174,10.28063,-4.017641,15.31026,0.7218289,-0.3156001,0.6412763,-38.28134,-7.054721,-31.98074
43.478721142,11.27164,-4.308901,15.55571,0.7221215,-0.3127694,0.6254472,-38.28134,-7.054721,-31.98074
43.488633156,12.5104,-4.89142,15.7398,0.7295316,-0.330687,0.6118149,-37.90709,-7.054691,-31.98269
43.498544693,13.8111,-5.648696,17.08978,0.736084,-0.3446517,0.6145422,-37.90709,-7.054691,-31.98269
43.508456707,15.42149,-5.124428,18.19431,0.742717,-0.3571112,0.626882,-37.90709,-7.054691,-31.98269
43.518368721,18.14676,-2.736098,18.86931,0.744302,-0.3467875,0.6504639,-37.90709,-7.054691,-31.98269
43.528280735,19.94297,-0.4060195,18.86931,0.7391376,-0.3321092,0.6885419,-37.90709,-7.054691,-31.98269
43.538193226,19.57134,0.933775699999999,18.62386,0.7272258,-0.3094212,0.6979262,-38.65746,-6.676757,-31.14477
43.54810524,17.52738,1.924059,18.50113,0.7305228,-0.3079804,0.6873419,-38.65746,-6.676757,-31.14477
43.558017254,16.35056,2.448327,18.62386,0.7300043,-0.3319044,0.6564571,-38.65746,-6.676757,-31.14477
43.567929268,17.40351,2.273571,18.99203,0.7284705,-0.3568356,0.6207735,-38.65746,-6.676757,-31.14477
43.577841282,19.75715,1.807555,19.23748,0.7172289,-0.3555107,0.622807,-38.65746,-6.676757,-31.14477
43.587753296,21.3056,1.283287,19.66702,0.7258219,-0.3389235,0.6218776,-39.04142,-5.927596,-31.14513
43.600143909,20.62428,1.399791,20.58747,0.7251351,-0.3058618,0.6413106,-39.04142,-5.927596,-31.14513
43.610055923,18.39451,2.215319,20.95565,0.7142705,-0.2943451,0.6443687,-39.04142,-5.927596,-31.14513
43.619967937,16.10281,2.797838,20.77156,0.703916,-0.2969577,0.6329233,-39.04142,-5.927596,-31.14513
43.629879951,14.67823,2.85609,20.52611,0.6936543,-0.3156194,0.6117669,-39.04142,-5.927596,-31.14513
43.639791965,14.49242,1.924059,21.01701,0.6946896,-0.3336262,0.5962723,-39.04765,-5.554569,-31.53175
43.649703503,15.1118,0.5842639,22.30563,0.6917551,-0.3409803,0.5876076,-39.04765,-5.554569,-31.53175
43.65961647,15.04986,-0.2895156,23.28744,0.7005073,-0.3257737,0.6005923,-39.04765,-5.554569,-31.53175
43.669528484,14.36854,0.5260119,23.96243,0.7163129,-0.3123243,0.631746,-39.04765,-5.554569,-31.53175
43.679440498,13.25366,2.564831,24.63742,0.7245269,-0.3256816,0.6541485,-39.04765,-5.554569,-31.53175
43.689352035,13.25366,5.477429,25.0056,0.7236543,-0.3556347,0.6770045,-38.67686,-5.178375,-31.14938
43.699264049,15.48343,7.45799500000003,25.61923,0.7134649,-0.4076692,0.6714703,-38.67686,-5.178375,-31.14938
43.709176063,19.26165,6.64246800000002,27.88965,0.687215,-0.4357245,0.6537604,-38.67686,-5.178375,-31.14938
43.719089031,23.16374,4.312389,30.52826,0.6796021,-0.4354735,0.6269436,-38.67686,-5.178375,-31.14938
43.729000568,26.94197,2.390074,31.14189,0.7001691,-0.4066682,0.6159016,-38.67686,-5.178375,-31.14938
43.738912582,29.66724,1.632799,31.87824,0.7038925,-0.3764733,0.632874,-38.30745,-4.80375,-31.15248
43.748824596,29.97693,2.098815,32.06233,0.7094492,-0.3331468,0.6532778,-38.30745,-4.80375,-31.15248
43.75873661,28.18073,3.43861,32.00097,0.7084438,-0.3073197,0.6808282,-38.30745,-4.80375,-31.15248
43.768648624,25.82708,5.244421,32.55323,0.7208025,-0.3070966,0.6941599,-38.30745,-4.80375,-31.15248
43.778561115,24.46444,6.46771199999997,32.67596,0.7136486,-0.3300214,0.6849502,-38.30745,-4.80375,-31.15248
43.788473129,24.03088,5.94344499999998,33.53504,0.6972165,-0.3613488,0.6671277,-39.80586,-4.805439,-31.53017
43.798385143,24.15475,4.487145,33.53504,0.6673118,-0.3773728,0.6408888,-39.80586,-4.805439,-31.53017
43.808297157,23.96894,2.506578,33.59641,0.637549,-0.3618638,0.6177396,-39.80586,-4.805439,-31.53017
43.818209171,24.27863,0.642515800000001,32.24642,0.6173854,-0.3185212,0.609572,-39.80586,-4.805439,-31.53017
43.828121185,24.46444,-0.755531299999998,29.36236,0.6313161,-0.2774977,0.6332442,-39.80586,-4.805439,-31.53017
43.838033676,23.47343,-0.1147597,27.1533,0.6793906,-0.2524259,0.6776214,-39.06704,-4.056188,-31.53637
43.84794569,20.12878,1.632799,27.09194,0.7085251,-0.2587452,0.6979566,-39.06704,-4.056188,-31.53637
43.857857704,15.54536,3.089098,28.68737,0.7142076,-0.2780319,0.7049779,-39.06704,-4.056188,-31.53637
43.867769718,11.95296,4.079382,28.93283,0.6975365,-0.3253331,0.6928131,-39.06704,-4.056188,-31.53637
43.880159378,12.69621,4.370642,28.62601,0.6734621,-0.3349614,0.6704041,-39.06704,-4.056188,-31.53637
43.890071392,15.66924,3.671618,27.21466,0.6628892,-0.3201266,0.6581166,-39.44477,-3.680053,-31.15011
43.89998436,17.27963,3.089098,25.12832,0.6567138,-0.3013358,0.6501362,-39.44477,-3.680053,-31.15011
43.909896374,17.58932,2.448327,23.41016,0.6583197,-0.2683228,0.6546627,-39.44477,-3.680053,-31.15011
43.919807911,16.04087,2.448327,21.56927,0.6630629,-0.2317522,0.6831918,-39.44477,-3.680053,-31.15011
43.929719925,12.13877,4.079382,19.78975,0.6758792,-0.2144661,0.7134384,-39.44477,-3.680053,-31.15011
43.939631939,6.93597599999999,6.23470400000003,18.50113,0.682124,-0.1968836,0.723101,-39.8204,-3.681652,-31.53363
43.949543953,0.804108299999999,8.33177500000003,16.72161,0.6697702,-0.1917384,0.7165273,-39.8204,-3.681652,-31.53363
43.959456444,-5.76132499999998,9.72982099999999,14.32845,0.659911,-0.1899512,0.7108685,-39.8204,-3.681652,-31.53363
43.969368458,-11.21187,10.4871,11.9353,0.6632712,-0.1962824,0.6973508,-39.8204,-3.681652,-31.53363
43.979280472,-15.4856,11.9434,9.60350899999999,0.6711577,-0.2334643,0.7075936,-39.8204,-3.681652,-31.53363
43.989192486,-19.20188,13.57445,8.37625100000002,0.6662851,-0.2737561,0.709771,-38.32685,-3.305369,-31.1571
43.9991045,-21.1839,14.62299,7.148993,0.6511233,-0.3229681,0.6995001,-38.32685,-3.305369,-31.1571
44.009016514,-20.99809,14.56473,5.369469,0.6474952,-0.3309227,0.670191,-38.32685,-3.305369,-31.1571
44.018929005,-20.25483,13.28319,4.080848,0.6394415,-0.3194332,0.661219,-38.32685,-3.305369,-31.1571
44.028841019,-21.24584,12.0599,3.221767,0.6299237,-0.2986923,0.6633658,-38.32685,-3.305369,-31.1571
44.038753033,-24.2808,12.11815,2.362686,0.638733,-0.2771145,0.6893567,-38.71703,-2.183181,-31.54408
44.048665047,-29.85523,13.80746,1.319517,0.6728598,-0.2784411,0.7255243,-38.71703,-2.183181,-31.54408
44.058577061,-36.4826,16.5453,1.012702,0.676963,-0.313166,0.7511835,-38.71703,-2.183181,-31.54408
44.068489552,-41.87121,19.74916,1.258154,0.6658354,-0.3573872,0.7586744,-38.71703,-2.183181,-31.54408
44.078401566,-43.54353,22.42875,1.258154,0.6483777,-0.4053372,0.7167426,-38.71703,-2.183181,-31.54408
44.08831358,-40.8802,21.90448,0.767250500000003,0.6194059,-0.4369821,0.6678236,-39.10905,-1.063085,-32.44502
44.098225594,-34.74833,19.28314,0.951339199999998,0.6193067,-0.4658142,0.6244182,-39.10905,-1.063085,-32.44502
44.108137608,-26.20088,16.07928,1.012702,0.612254,-0.4777151,0.5903128,-39.10905,-1.063085,-32.44502
44.118049622,-18.39669,12.93368,1.503605,0.6121529,-0.4680116,0.5918189,-39.10905,-1.063085,-32.44502
44.127962112,-12.8842,10.72011,1.871783,0.6204002,-0.4494047,0.6072317,-39.10905,-1.063085,-32.44502
44.137874126,-11.14994,9.67157,2.485412,0.6123948,-0.408134,0.6378307,-38.37807,0.05736244,-33.28756
44.14778614,-11.83125,9.26380600000001,2.546775,0.6046904,-0.3713452,0.6448691,-38.37807,0.05736244,-33.28756
44.1601758,-14.6804,9.67157,2.178597,0.6006926,-0.3533902,0.6575099,-38.37807,0.05736244,-33.28756
44.170087814,-17.83924,9.55506599999997,1.38088,0.5959599,-0.3636137,0.6608467,-38.37807,0.05736244,-33.28756
44.179999828,-20.44064,8.73953799999999,1.564968,0.6127188,-0.4084531,0.6690359,-37.63601,0.4301876,-33.74232
44.189912319,-22.11297,8.62303400000002,3.037678,0.626594,-0.4401327,0.697506,-37.63601,0.4301876,-33.74232
44.199824333,-21.67941,9.84632599999999,3.651307,0.6145675,-0.4504269,0.7047509,-37.63601,0.4301876,-33.74232
44.209736347,-18.21087,11.88514,2.485412,0.6006535,-0.4424217,0.6924489,-37.63601,0.4301876,-33.74232
44.219648361,-13.44164,11.59388,1.442243,0.6007017,-0.4319133,0.6617883,-37.63601,0.4301876,-33.74232
44.229560375,-9.47760899999999,9.32205800000003,1.564968,0.5998901,-0.4242824,0.6392792,-37.64086,0.804783,-33.74347
44.239472389,-6.50458200000001,7.10848400000002,1.687694,0.6057506,-0.4183589,0.6455065,-37.64086,0.804783,-33.74347
44.24938488,-5.327759,6.1182,1.933146,0.624009,-0.4121918,0.6689065,-37.64086,0.804783,-33.74347
44.259296894,-4.956131,7.16673599999998,1.564968,0.6438253,-0.4103493,0.6961045,-37.64086,0.804783,-33.74347
44.269208908,-4.274812,9.14730199999998,0.3377102,0.6293231,-0.4143487,0.7077358,-37.64086,0.804783,-33.74347
44.279120922,-2.850237,10.19584,-1.503177,0.601376,-0.4181521,0.695965,-37.26821,0.8029829,-34.19513
44.289032936,-1.921166,9.96283000000002,-1.748629,0.5941713,-0.3979369,0.6846425,-37.26821,0.8029829,-34.19513
44.298945427,-2.045042,9.78807399999997,-2.239532,0.5931585,-0.4082113,0.6692184,-37.26821,0.8029829,-34.19513
44.308857441,-2.045042,8.62303400000002,-1.380451,0.6021447,-0.4323951,0.6588908,-37.26821,0.8029829,-34.19513
44.318769455,-2.168918,7.45799500000003,-0.4600076,0.588411,-0.4238083,0.6648369,-37.26821,0.8029829,-34.19513
44.328681469,-3.71737,6.93372799999998,-0.214556,0.5878655,-0.4062828,0.6798435,-36.90583,1.486372,-35.03437
44.338593483,-6.38070599999998,7.574499,-0.3372818,0.5903426,-0.3867232,0.7058795,-36.90583,1.486372,-35.03437
44.348505497,-10.22087,8.73953799999999,-1.012274,0.6086724,-0.3927142,0.7219955,-36.90583,1.486372,-35.03437
44.358417988,-12.57451,10.07933,-1.380451,0.6165366,-0.4077169,0.7083784,-36.90583,1.486372,-35.03437
44.368330002,-12.94614,10.95311,-1.932717,0.6042358,-0.4235197,0.6824583,-36.90583,1.486372,-35.03437
44.378242016,-11.83125,11.06962,-3.282701,0.6087541,-0.4346229,0.6809021,-36.90179,1.17421,-35.03341
44.38815403,-10.34474,10.31234,-3.712242,0.6034078,-0.4410149,0.6765875,-36.90179,1.17421,-35.03341
44.398065567,-10.53056,8.91429399999998,-3.159976,0.5776988,-0.4258709,0.6668429,-36.90179,1.17421,-35.03341
44.407977581,-11.27381,8.50653100000001,-2.730435,0.5581089,-0.4149126,0.6767001,-36.90179,1.17421,-35.03341
44.417890549,-12.01707,8.215271,-2.914524,0.5469885,-0.4315734,0.6694897,-36.90179,1.17421,-35.03341
44.427802563,-13.44164,7.574499,-2.730435,0.574145,-0.4442702,0.6801976,-36.16515,1.857629,-35.8746
44.4377141,-15.11397,7.92401099999998,-2.362258,0.6047043,-0.4652272,0.6792951,-36.16515,1.857629,-35.8746
44.450104237,-15.79529,8.564782,-1.748629,0.6287553,-0.4829281,0.6674311,-36.16515,1.857629,-35.8746
44.460016251,-15.29979,8.91429399999998,-0.950910899999997,0.6235274,-0.4951122,0.6678784,-36.16515,1.857629,-35.8746
44.469928742,-13.87521,8.215271,0.2149844,0.6083869,-0.4923662,0.6728383,-36.16515,1.857629,-35.8746
44.479840756,-12.51257,8.098766,0.583161800000002,0.5889792,-0.4871668,0.6936992,-35.79276,2.235653,-35.04251
44.48975277,-11.27381,8.39002600000001,1.074065,0.5867952,-0.4453588,0.7204066,-35.79276,2.235653,-35.04251
44.499664784,-10.59249,9.72982099999999,-0.644096300000003,0.5689298,-0.4286427,0.7144411,-35.79276,2.235653,-35.04251
44.509576798,-9.35373199999999,9.96283000000002,-1.503177,0.5367352,-0.4199869,0.6845466,-35.79276,2.235653,-35.04251
44.519488812,-7.18590000000003,7.86575900000002,-2.239532,0.520259,-0.4198783,0.6515688,-35.79276,2.235653,-35.04251
44.529401302,-5.018068,5.186169,-3.957693,0.5326961,-0.4042529,0.642915,-35.79089,1.857659,-35.87654
44.539313316,-5.203883,3.14735,-4.694048,0.5789178,-0.4084205,0.6631066,-35.79089,1.857659,-35.87654
44.54922533,-7.43365200000003,3.263854,-4.632685,0.5983254,-0.4289813,0.6719131,-35.79089,1.857659,-35.87654
44.559137344,-8.176909,4.720153,-3.528153,0.5878127,-0.4804479,0.6831912,-35.79089,1.857659,-35.87654
44.569049358,-6.194891,5.76868899999999,-2.607709,0.5796437,-0.5304731,0.6862946,-35.79089,1.857659,-35.87654
44.578961372,-2.788299,6.46771199999997,-2.116806,0.5735373,-0.5353006,0.7050451,-35.42794,2.60505,-36.33051
44.588873863,-0.8682191,6.87547600000002,-1.871354,0.5445375,-0.482818,0.7042225,-35.42794,2.60505,-36.33051
44.598785877,-1.363724,6.93372799999998,-2.546346,0.5241178,-0.4254623,0.6875077,-35.42794,2.60505,-36.33051
44.608697891,-3.469617,6.17645200000001,-3.89633,0.5265954,-0.3934677,0.6804956,-35.42794,2.60505,-36.33051
44.618609428,-6.75233400000001,5.069665,-4.509959,0.5507622,-0.4101328,0.6811214,-35.42794,2.60505,-36.33051
44.628521442,-10.03505,4.312389,-4.387233,0.5734286,-0.4243947,0.6812969,-35.8022,2.60502,-36.32856
44.638433456,-11.95513,4.428894,-4.019056,0.600621,-0.4641415,0.7115108,-35.8022,2.60502,-36.32856
44.648346424,-12.57451,6.1182,-2.975887,0.6138849,-0.5012566,0.7217043,-35.8022,2.60502,-36.32856
44.658257961,-13.13195,7.10848400000002,-1.56454,0.5910295,-0.5195279,0.712671,-35.8022,2.60502,-36.32856
44.668169975,-12.69839,8.15701899999998,-0.1531931,0.5585842,-0.5151443,0.7009963,-35.8022,2.60502,-36.32856
44.678081989,-11.21187,8.215271,0.03089567,0.5266144,-0.4773516,0.6794564,-35.80704,2.979615,-36.32972
44.687994003,-11.39769,6.584216,-0.705459200000001,0.5151207,-0.4407963,0.6505166,-35.80704,2.979615,-36.32972
44.697906017,-13.31777,5.477429,-1.932717,0.5303684,-0.4037348,0.6549439,-35.80704,2.979615,-36.32972
44.707818508,-16.7863,4.545397,-2.669072,0.5703583,-0.4245025,0.6678802,-35.80704,2.979615,-36.32972
44.717730522,-20.25483,4.836657,-1.809992,0.5998673,-0.4613586,0.6889689,-35.80704,2.979615,-36.32972
44.730120659,-21.80328,6.93372799999998,-0.09183015,0.5917591,-0.493791,0.7185976,-35.42955,2.60322,-36.78022
44.740032673,-21.49359,8.91429399999998,0.951339199999998,0.5674379,-0.4911044,0.7342055,-35.42955,2.60322,-36.78022
44.749944687,-21.30778,10.25409,0.460436,0.5594927,-0.4746804,0.7415907,-35.42955,2.60322,-36.78022
44.759857178,-21.86522,11.36088,-0.766822200000002,0.5636106,-0.4572114,0.7344667,-35.42955,2.60322,-36.78022
44.769769192,-23.22786,12.46766,-2.362258,0.5769925,-0.4450056,0.718579,-35.42955,2.60322,-36.78022
44.779681206,-24.15693,12.99193,-3.650879,0.5841336,-0.4445266,0.7002701,-34.6905,3.352732,-36.72218
44.78959322,-25.39569,13.34144,-4.632685,0.5814711,-0.4378411,0.6868948,-34.6905,3.352732,-36.72218
44.799505234,-27.06802,13.57445,-5.36904,0.5665604,-0.4381507,0.6630228,-34.6905,3.352732,-36.72218
44.809417725,-29.4836,13.28319,-5.430403,0.5550593,-0.4576882,0.662999,-34.6905,3.352732,-36.72218
44.819329739,-31.46562,13.34144,-5.246314,0.5544164,-0.4906968,0.6570231,-34.6905,3.352732,-36.72218
44.829241753,-31.83724,13.16669,-4.816774,0.5597423,-0.5206525,0.6644568,-35.06797,3.349042,-37.61966
44.839153767,-29.4836,13.80746,-4.509959,0.5728562,-0.5534555,0.6650774,-35.06797,3.349042,-37.61966
44.849065304,-26.13894,14.62299,-4.387233,0.5682192,-0.5650926,0.6760864,-35.06797,3.349042,-37.61966
44.858977318,-21.1839,15.089,-4.571322,0.547966,-0.544475,0.6802523,-35.06797,3.349042,-37.61966
44.868890285,-16.97211,14.38998,-5.73721700000003,0.5442172,-0.5320047,0.6630843,-35.06797,3.349042,-37.61966
44.878802299,-13.62746,12.99193,-6.289484,0.5302778,-0.5181591,0.6551428,-34.7115,4.849283,-37.17651
44.888713837,-13.25583,11.06962,-6.289484,0.5278834,-0.5293831,0.6469275,-34.7115,4.849283,-37.17651
44.898625851,-13.13195,9.14730199999998,-4.325871,0.5433478,-0.5617166,0.6388865,-34.7115,4.849283,-37.17651
44.908537865,-12.63645,8.215271,-1.625903,0.5466986,-0.5970726,0.6381398,-34.7115,4.849283,-37.17651
44.918449879,-10.84025,8.04051500000001,0.705887599999999,0.5423408,-0.6146665,0.6217375,-34.7115,4.849283,-37.17651
44.92836237,-6.87620999999998,8.91429399999998,2.424049,0.5438181,-0.6204963,0.6159231,-34.35154,5.593275,-38.46565
44.938274384,-1.301785,9.72982099999999,3.221767,0.5256811,-0.6046489,0.6301211,-34.35154,5.593275,-38.46565
44.948186398,3.715197,9.49681400000001,2.362686,0.5130257,-0.5552703,0.6459321,-34.35154,5.593275,-38.46565
44.958098412,5.077834,7.807507,1.38088,0.5134717,-0.5057787,0.6520196,-34.35154,5.593275,-38.46565
44.968010426,3.591321,5.302673,1.258154,0.5182788,-0.4960044,0.6554013,-34.35154,5.593275,-38.46565
44.977922916,1.175737,3.380358,3.221767,0.5240268,-0.5323302,0.6488642,-34.72442,5.594814,-38.07824
44.98783493,1.609303,0.5842639,5.369469,0.5098001,-0.6010643,0.6115656,-34.72442,5.594814,-38.07824
44.997746944,6.13078099999997,-2.328334,6.596727,0.5029388,-0.6472514,0.6036389,-34.72442,5.594814,-38.07824
45.010137081,13.99691,-3.493374,8.49897699999999,0.4918976,-0.6382657,0.5865151,-34.72442,5.594814,-38.07824
45.020049095,19.0139,-3.493374,9.05124299999999,0.4869451,-0.6061645,0.6179851,-33.22392,5.21877,-38.47034
45.029961109,20.74816,-3.842885,9.11260599999998,0.5031989,-0.5363932,0.6634344,-33.22392,5.21877,-38.47034
45.0398736,18.08482,-3.551625,8.98988099999998,0.5176954,-0.4811772,0.7112039,-33.22392,5.21877,-38.47034
45.049785614,11.58133,-2.910854,9.11260599999998,0.52522,-0.4392833,0.7310998,-33.22392,5.21877,-38.47034
45.059697628,3.529382,-2.677846,9.48078300000003,0.5257068,-0.4568394,0.7103316,-33.22392,5.21877,-38.47034
45.069609642,-1.611476,-3.37687,10.52395,0.5388342,-0.5130499,0.6848675,-33.60302,5.593335,-38.46954
45.079521179,-2.354732,-4.192397,11.56712,0.5492306,-0.5833381,0.6626959,-33.60302,5.593335,-38.46954
45.089434147,1.05186,-4.075893,13.03983,0.5506847,-0.613322,0.6740066,-33.60302,5.593335,-38.46954
45.099346161,7.55535600000002,-3.202114,12.91711,0.5504242,-0.6229653,0.6849884,-33.60302,5.593335,-38.46954
45.109258175,13.12978,-1.338051,13.34665,0.5605734,-0.5589961,0.7482215,-33.60302,5.593335,-38.46954
45.119169712,13.37753,1.749303,12.24211,0.540324,-0.4742347,0.7801837,-33.59172,4.845975,-38.01752
45.129081726,8.60830200000001,3.671618,11.32167,0.5374873,-0.4339814,0.7891209,-33.59172,4.845975,-38.01752
45.13899374,2.66225,4.836657,11.26031,0.541909,-0.4539153,0.7678202,-33.59172,4.845975,-38.01752
45.148906708,-0.8682191,5.82694100000001,11.50576,0.5368888,-0.5098938,0.7372437,-33.59172,4.845975,-38.01752
45.158818245,-0.3727147,6.52596399999999,11.81257,0.5418765,-0.5792894,0.7132076,-33.59172,4.845975,-38.01752
45.168730259,3.901011,6.64246800000002,12.4262,0.5361652,-0.6105011,0.6919255,-33.60164,5.594904,-38.08408
45.178642273,9.59931099999998,7.05023200000001,13.40801,0.5106107,-0.6074718,0.683059,-33.60164,5.594904,-38.08408
45.188554287,14.12079,6.70071999999997,14.20573,0.5037617,-0.5761003,0.6718075,-33.60164,5.594904,-38.08408
45.198466301,15.85505,6.64246800000002,14.38982,0.51607,-0.5356638,0.6796456,-33.60164,5.594904,-38.08408
45.208378792,14.24467,6.64246800000002,14.02164,0.526475,-0.494249,0.6937499,-33.60164,5.594904,-38.08408
45.218290806,9.90900100000002,6.99197999999999,13.83755,0.5351176,-0.4620261,0.7159719,-33.22876,5.593366,-38.47149
45.22820282,4.086825,7.51624699999999,14.45118,0.5304249,-0.4673508,0.7289442,-33.22876,5.593366,-38.47149
45.238114834,-1.79729,9.03079800000001,15.55571,0.5229878,-0.4955405,0.7336267,-33.22876,5.593366,-38.47149
45.248026848,-5.76132499999998,10.25409,17.21251,0.5132992,-0.5407333,0.7372564,-33.22876,5.593366,-38.47149
45.257939339,-6.44264400000003,11.53563,18.62386,0.5037736,-0.5792604,0.7169213,-33.22876,5.593366,-38.47149
45.267851353,-3.903184,12.46766,19.5443,0.4979923,-0.5963622,0.7053369,-33.23198,5.589705,-39.37091
45.277763367,-0.3727147,12.29291,19.97384,0.4861652,-0.5931424,0.7001861,-33.23198,5.589705,-39.37091
45.290153503,5.015896,12.75892,19.91248,0.4914737,-0.5848188,0.7030734,-33.23198,5.589705,-39.37091
45.300065517,8.42248799999999,12.64242,20.28065,0.4913214,-0.5658737,0.7104034,-33.23198,5.589705,-39.37091
45.309978008,9.90900100000002,12.81718,20.83292,0.4981205,-0.5545926,0.7190586,-33.23198,5.589705,-39.37091
45.31989193,10.65226,13.28319,21.692,0.511029,-0.5635999,0.727522,-32.93118,6.337352,-39.76031
45.329802036,10.96195,13.86571,22.36699,0.5039948,-0.5481741,0.7272097,-32.93118,6.337352,-39.76031
45.339713574,10.52838,14.09872,21.692,0.4871605,-0.5338572,0.7236195,-32.93118,6.337352,-39.76031
45.349625588,9.90900100000002,15.03075,20.46474,0.471845,-0.5131535,0.7325419,-32.93118,6.337352,-39.76031
45.359537602,9.59931099999998,16.07928,18.68522,0.4566497,-0.5099482,0.7327037,-32.93118,6.337352,-39.76031
45.369450569,8.67023999999999,16.5453,17.64205,0.4511702,-0.4998241,0.7347425,-32.56177,6.711978,-39.76341
45.379362106,8.67023999999999,16.83656,16.47615,0.4658325,-0.4923268,0.7428195,-32.56177,6.711978,-39.76341
45.38927412,8.42248799999999,17.71034,14.81936,0.4626402,-0.4793272,0.7328523,-32.56177,6.711978,-39.76341
45.399186134,8.11279800000001,17.71034,13.34665,0.4512219,-0.4751675,0.7209817,-32.56177,6.711978,-39.76341
45.409098148,8.48442599999998,17.71034,11.38303,0.4377808,-0.4691158,0.7048209,-32.56177,6.711978,-39.76341
45.419010162,10.28063,17.01132,9.29669499999999,0.4279742,-0.4907159,0.6769185,-31.82455,7.459398,-40.21932
45.428922653,13.37753,14.27347,7.82398500000003,0.4180992,-0.5069858,0.6485721,-31.82455,7.459398,-40.21932
45.438834667,16.53637,10.54535,6.71945300000003,0.4236485,-0.4890291,0.6385571,-31.82455,7.459398,-40.21932
45.448746681,18.58033,8.62303400000002,4.387662,0.4268599,-0.4569011,0.655547,-31.82455,7.459398,-40.21932
45.458658695,18.39451,7.05023200000001,2.178597,0.4266242,-0.4165359,0.679826,-31.82455,7.459398,-40.21932
45.468570709,14.61629,5.710437,0.3990731,0.4166834,-0.3943034,0.6901494,-31.08063,7.454229,-41.50811
45.4784832,8.42248799999999,5.419177,-0.582733500000001,0.4199798,-0.4052974,0.712613,-31.08063,7.454229,-41.50811
45.488395214,2.538374,5.244421,-1.196362,0.4352736,-0.4589349,0.7106738,-31.08063,7.454229,-41.50811
45.498307228,-0.6204669,5.360925,-1.073637,0.4592294,-0.4988762,0.7111465,-31.08063,7.454229,-41.50811
45.508219242,-1.425662,5.477429,-0.828185100000001,0.4806981,-0.5369188,0.7097342,-31.08063,7.454229,-41.50811
45.518131256,-0.4965908,4.428894,-0.4600076,0.4787529,-0.5398645,0.7073318,-31.07925,7.455798,-41.12264
45.528043747,0.3705419,3.322106,-0.950910899999997,0.4678357,-0.5156922,0.7200779,-31.07925,7.455798,-41.12264
45.537955761,0.5563561,2.331823,-2.362258,0.448944,-0.4697454,0.7436063,-31.07925,7.455798,-41.12264
45.547867775,-0.1869005,3.380358,-4.694048,0.4306578,-0.4447073,0.7540256,-31.07925,7.455798,-41.12264
45.557779789,-1.363724,4.254138,-6.22812100000001,0.4272665,-0.4481485,0.7530737,-31.07925,7.455798,-41.12264
45.567691803,-1.859228,4.720153,-6.84175,0.4259522,-0.461746,0.752035,-31.06609,6.330443,-41.50465
45.580081463,-1.79729,5.011413,-6.78038700000001,0.4385491,-0.4926184,0.7521929,-31.06609,6.330443,-41.50465
45.58999443,-1.4876,5.419177,-6.53493500000002,0.4732964,-0.5309436,0.7578583,-31.06609,6.330443,-41.50465
45.599906444,-0.4346527,6.46771199999997,-5.614491,0.5000522,-0.5596982,0.7583796,-31.06609,6.330443,-41.50465
45.609817982,0.804108299999999,7.45799500000003,-4.571322,0.4980834,-0.563144,0.7530931,-31.06609,6.330443,-41.50465
45.619729996,1.857055,7.39974399999998,-3.834968,0.487457,-0.5351663,0.750977,-30.69507,6.706899,-41.05804
45.62964201,1.299613,7.28324000000001,-4.9395,0.4586104,-0.4967504,0.7486187,-30.69507,6.706899,-41.05804
45.639554977,-0.4965908,7.16673599999998,-6.35084600000001,0.4406555,-0.4659346,0.7504306,-30.69507,6.706899,-41.05804
45.649466515,-2.726361,7.28324000000001,-7.88491900000001,0.4308488,-0.4553397,0.760195,-30.69507,6.706899,-41.05804
45.659378529,-5.265821,7.63275100000002,-9.17354000000002,0.4190804,-0.4520893,0.7608057,-30.69507,6.706899,-41.05804
45.669290543,-7.309776,8.44827800000003,-10.21671,0.4137858,-0.4652838,0.7535644,-29.9417,6.332363,-41.06078
45.679202557,-8.11497100000001,8.73953799999999,-11.62806,0.4190752,-0.4759945,0.7323171,-29.9417,6.332363,-41.06078
45.689114571,-9.10597999999999,8.15701899999998,-12.73259,0.4462152,-0.4723628,0.712884,-29.9417,6.332363,-41.06078
45.699027061,-11.33575,7.16673599999998,-12.85531,0.4580419,-0.4780218,0.7151377,-29.9417,6.332363,-41.06078
45.708939075,-14.80428,7.10848400000002,-12.73259,0.4543265,-0.4857736,0.7252038,-29.9417,6.332363,-41.06078
45.718851089,-17.46762,7.28324000000001,-13.16213,0.4523754,-0.4828687,0.7290825,-30.69344,6.328643,-41.95631
45.728763103,-19.3877,8.33177500000003,-14.6962,0.4527721,-0.4726667,0.7320276,-30.69344,6.328643,-41.95631
45.738675117,-22.11297,9.26380600000001,-15.67801,0.4469288,-0.4532154,0.7571796,-30.69344,6.328643,-41.95631
45.748587608,-25.64344,10.66185,-16.353,0.4374323,-0.4488004,0.7899475,-30.69344,6.328643,-41.95631
45.758499622,-29.54554,12.64242,-16.23028,0.4253078,-0.4906046,0.7984239,-30.69344,6.328643,-41.95631
45.768411636,-32.45662,14.15697,-16.29164,0.4095508,-0.5171995,0.7566187,-29.95115,6.70173,-42.34682
45.77832365,-31.89918,12.70067,-18.19389,0.4007266,-0.5312285,0.6903451,-29.95115,6.70173,-42.34682
45.788235664,-28.98809,9.43856100000003,-20.70977,0.4141339,-0.5095017,0.6404294,-29.95115,6.70173,-42.34682
45.798148155,-26.8822,6.23470400000003,-22.42793,0.4382156,-0.4776789,0.6418592,-29.95115,6.70173,-42.34682
45.808060169,-28.05902,5.88519199999999,-23.962,0.4678437,-0.4310671,0.6769472,-29.95115,6.70173,-42.34682
45.817972183,-33.3857,7.28324000000001,-25.68016,0.4755567,-0.3929778,0.7107407,-29.57066,6.328733,-41.96215
45.827884197,-41.31377,9.49681400000001,-26.96878,0.4709524,-0.3850856,0.747808,-29.57066,6.328733,-41.96215
45.837796211,-49.98509,11.36088,-27.2756,0.4721496,-0.4159305,0.7807224,-29.57066,6.328733,-41.96215
45.847708225,-57.3557199999999,14.04047,-26.35516,0.4781738,-0.5060107,0.7858285,-29.57066,6.328733,-41.96215
45.860098839,-59.2757999999997,17.76859,-24.39154,0.4777828,-0.6303474,0.7451506,-28.46381,7.451041,-42.35691
45.870010853,-55.74533,19.28314,-23.16428,0.4616657,-0.7185841,0.6914143,-28.46381,7.451041,-42.35691
45.87992239,-47.81726,17.76859,-22.48929,0.4235555,-0.7339293,0.6287638,-28.46381,7.451041,-42.35691
45.889834404,-37.96911,13.80746,-23.90064,0.3887189,-0.6876062,0.576097,-28.46381,7.451041,-42.35691
45.899746418,-30.22686,8.91429399999998,-26.60061,0.3744468,-0.5971088,0.5777922,-28.46381,7.451041,-42.35691
45.909658909,-28.43065,5.360925,-29.4233,0.3927914,-0.500174,0.6205223,-28.85262,8.574797,-42.35843
45.919570923,-33.69538,4.487145,-31.26419,0.4465621,-0.4302399,0.7006773,-28.85262,8.574797,-42.35843
45.929482937,-44.7823,7.28324000000001,-31.93918,0.5103251,-0.4207998,0.7784163,-28.85262,8.574797,-42.35843
45.939394951,-57.9750999999997,11.88514,-30.28238,0.5662766,-0.501935,0.7989654,-28.85262,8.574797,-42.35843
45.949306965,-66.5225499999998,16.60355,-26.84606,0.581863,-0.6056641,0.7669199,-28.85262,8.574797,-42.35843
45.959219456,-67.3896900000001,19.28314,-24.20745,0.5196161,-0.6709095,0.676311,-29.60113,8.574737,-42.35454
45.96913147,-60.8242499999999,17.41908,-24.69836,0.4191732,-0.7047154,0.5694593,-29.60113,8.574737,-42.35454
45.979043484,-48.80827,11.53563,-26.35516,0.3305035,-0.709574,0.5001439,-29.60113,8.574737,-42.35454
45.988955498,-35.55353,3.904626,-27.39832,0.3093171,-0.702604,0.4927038,-29.60113,8.574737,-42.35454
45.998867512,-24.21886,-0.1147597,-28.74831,0.3561035,-0.6652625,0.5688649,-29.60113,8.574737,-42.35454
46.008780003,-18.45863,1.225035,-29.30058,0.4502526,-0.6068738,0.6629744,-28.50608,10.82397,-41.98183
46.018692017,-20.25483,5.011413,-28.25741,0.53262,-0.564754,0.7335567,-28.50608,10.82397,-41.98183
46.028604031,-26.57251,8.91429399999998,-26.60061,0.5752727,-0.5636746,0.7456535,-28.50608,10.82397,-41.98183
46.038516045,-32.70438,12.11815,-23.77791,0.5773615,-0.6016298,0.7141711,-28.50608,10.82397,-41.98183
46.048428059,-35.73934,13.22494,-21.3234,0.532868,-0.6519421,0.6556681,-28.50608,10.82397,-41.98183
46.058340073,-35.24384,11.24437,-19.1757,0.4617698,-0.6943969,0.5868999,-28.88656,11.19696,-42.36651
46.068252563,-31.58949,7.69100299999997,-18.62343,0.4158416,-0.719345,0.5612299,-28.88656,11.19696,-42.36651
46.078164578,-26.32476,5.593933,-19.23706,0.4090202,-0.7130767,0.570938,-28.88656,11.19696,-42.36651
46.088076592,-22.05103,5.535681,-19.91205,0.4481246,-0.6725933,0.6169412,-28.88656,11.19696,-42.36651
46.097988606,-21.9891,7.86575900000002,-19.78932,0.4802959,-0.6156559,0.6736816,-28.88656,11.19696,-42.36651
46.10790062,-25.64344,11.24437,-19.85069,0.5194752,-0.6000115,0.6979116,-28.14312,11.57136,-42.4358
46.11781311,-31.83724,13.74921,-18.5007,0.540316,-0.6103277,0.715416,-28.14312,11.57136,-42.4358
46.127725124,-38.7743,15.32201,-16.29164,0.5450988,-0.6427567,0.7146756,-28.14312,11.57136,-42.4358
46.140114784,-43.10997,17.24433,-14.45075,0.511532,-0.6796753,0.6883314,-28.14312,11.57136,-42.4358
46.150026798,-42.36671,18.17636,-14.14394,0.4717802,-0.7031741,0.6467687,-28.14312,11.57136,-42.4358
46.159938812,-38.15493,17.59384,-14.75756,0.4382535,-0.7091007,0.612948,-28.15121,12.32238,-41.9884
46.16985178,-31.34174,16.48705,-15.73937,0.437811,-0.6922577,0.5895366,-28.15121,12.32238,-41.9884
46.179763317,-24.46662,15.78803,-17.27345,0.4597822,-0.6561496,0.5809311,-28.15121,12.32238,-41.9884
46.189675331,-19.75933,15.32201,-18.0098,0.4767762,-0.6325829,0.5967762,-28.15121,12.32238,-41.9884
46.199587345,-17.40568,15.089,-18.56207,0.497239,-0.6265104,0.5966274,-28.15121,12.32238,-41.9884
46.209499359,-15.73335,14.9725,-18.19389,0.5078511,-0.6413249,0.6127558,-27.78665,13.0716,-41.99265
46.219411373,-14.1849,15.72977,-18.0098,0.5095919,-0.6572614,0.6207963,-27.78665,13.0716,-41.99265
46.229323864,-12.20288,15.96278,-17.82571,0.4879243,-0.6624887,0.5998349,-27.78665,13.0716,-41.99265
46.239235878,-10.34474,14.79774,-17.94844,0.4534515,-0.6562158,0.58339,-27.78665,13.0716,-41.99265
46.249147892,-9.29179500000003,13.05018,-18.0098,0.4453727,-0.6418125,0.575398,-27.78665,13.0716,-41.99265
46.259059906,-9.47760899999999,12.40941,-17.94844,0.4550236,-0.631513,0.5748972,-27.79288,13.44463,-42.37927
46.26897192,-10.84025,11.53563,-18.07116,0.4597043,-0.6169263,0.5715899,-27.79288,13.44463,-42.37927
46.278884411,-11.95513,10.89486,-18.43934,0.4646682,-0.6285337,0.5652246,-27.79288,13.44463,-42.37927
46.288796425,-12.01707,10.4871,-18.56207,0.4816538,-0.6505768,0.5745239,-27.79288,13.44463,-42.37927
46.298708439,-11.64544,9.55506599999997,-18.43934,0.5146343,-0.6534666,0.5924457,-27.79288,13.44463,-42.37927
46.308620453,-12.14094,9.08905000000002,-18.37798,0.527086,-0.653195,0.6148997,-27.41538,13.06823,-42.82977
46.318532467,-12.94614,9.78807399999997,-18.31661,0.5202186,-0.6406092,0.6275312,-27.41538,13.06823,-42.82977
46.328444958,-13.6894,10.4871,-18.93024,0.5000572,-0.6272611,0.632128,-27.41538,13.06823,-42.82977
46.338356972,-14.37072,11.24437,-20.09614,0.4682201,-0.6030577,0.6076155,-27.41538,13.06823,-42.82977
46.348268986,-14.86622,10.42885,-21.75294,0.4466082,-0.6145975,0.5846908,-27.41538,13.06823,-42.82977
46.358181,-14.6804,8.68128599999997,-22.12111,0.4402668,-0.6356448,0.5615616,-27.41862,13.44466,-42.38121
46.368093014,-14.37072,7.10848400000002,-21.87566,0.4601384,-0.6532858,0.5713437,-27.41862,13.44466,-42.38121
46.378005505,-13.56552,7.28324000000001,-21.56885,0.5070537,-0.6675845,0.599624,-27.41862,13.44466,-42.38121
46.387917519,-13.50358,8.04051500000001,-20.83249,0.5368721,-0.689406,0.62081,-27.41862,13.44466,-42.38121
46.397829533,-12.94614,9.03079800000001,-19.97341,0.5343392,-0.6758239,0.6281263,-27.41862,13.44466,-42.38121
46.407741547,-12.20288,10.31234,-20.03478,0.51596,-0.6508343,0.6294231,-26.66847,13.06646,-43.28338
46.420131207,-11.89319,11.24437,-21.87566,0.4775882,-0.6116814,0.6050706,-26.66847,13.06646,-43.28338
46.430044174,-12.63645,10.6036,-23.59382,0.4698951,-0.5943989,0.590372,-26.66847,13.06646,-43.28338
46.439956188,-14.1849,9.67157,-24.26882,0.4836736,-0.6034502,0.5882636,-26.66847,13.06646,-43.28338
46.449867725,-15.73335,9.43856100000003,-23.962,0.5057696,-0.6394634,0.6027042,-26.66847,13.06646,-43.28338
46.459779739,-16.04304,9.72982099999999,-22.85747,0.5325263,-0.6740712,0.5964643,-27.42184,13.441,-43.28064
46.469691753,-14.55653,10.77836,-22.36657,0.534061,-0.6764566,0.6002755,-27.42184,13.441,-43.28064
46.479603768,-11.45963,11.36088,-23.22565,0.521205,-0.6640072,0.6009575,-27.42184,13.441,-43.28064
46.489516258,-8.92016599999997,11.65214,-24.45291,0.5135412,-0.6359778,0.6016952,-27.42184,13.441,-43.28064
46.499428272,-8.23884800000001,12.0599,-25.49607,0.5099191,-0.6151488,0.6066691,-27.42184,13.441,-43.28064
46.509340286,-8.67241400000003,12.0599,-25.25062,0.5036178,-0.6259314,0.5994532,-27.03628,12.69367,-42.83057
46.5192523,-10.40668,11.06962,-24.26882,0.4955766,-0.6319963,0.5711578,-27.03628,12.69367,-42.83057
46.529164314,-11.89319,9.96283000000002,-23.10292,0.4847041,-0.6375569,0.5534555,-27.03628,12.69367,-42.83057
46.539076805,-13.07002,8.15701899999998,-22.24384,0.4936737,-0.6500421,0.5552099,-27.03628,12.69367,-42.83057
46.548988819,-13.25583,8.27352199999998,-22.48929,0.5126023,-0.665238,0.571259,-27.03628,12.69367,-42.83057
46.558900833,-13.25583,9.61331700000002,-22.9802,0.5190572,-0.6660829,0.5798366,-27.04273,13.06643,-43.28143
46.568812847,-13.31777,10.07933,-22.48929,0.5201013,-0.6621337,0.5908968,-27.04273,13.06643,-43.28143
46.578724861,-13.37971,9.84632599999999,-21.87566,0.5232272,-0.6422453,0.5852385,-27.04273,13.06643,-43.28143
46.588637352,-13.25583,9.205554,-21.56885,0.5412385,-0.6376702,0.5827017,-27.04273,13.06643,-43.28143
46.598549366,-13.44164,8.91429399999998,-20.52568,0.5427364,-0.6439772,0.5783244,-27.04273,13.06643,-43.28143
46.60846138,-13.00808,8.68128599999997,-19.54387,0.5216008,-0.6486881,0.5621631,-26.665,12.6903,-43.66769
46.618373394,-11.95513,7.98226299999999,-19.05297,0.4955415,-0.6529903,0.5431691,-26.665,12.6903,-43.66769
46.628285408,-10.2828,7.16673599999998,-18.56207,0.498505,-0.6534258,0.5455396,-26.665,12.6903,-43.66769
46.638197899,-8.98210400000001,6.64246800000002,-18.0098,0.5153756,-0.6608945,0.5606988,-26.665,12.6903,-43.66769
46.648109913,-7.681405,6.75897199999999,-17.45753,0.5278257,-0.6650141,0.577842,-26.665,12.6903,-43.66769
46.658021927,-7.062024,6.99197999999999,-16.47573,0.5432411,-0.6573731,0.6118415,-26.66661,12.68847,-44.1174
46.667933941,-7.43365200000003,8.098766,-15.8621,0.5357528,-0.6448621,0.611514,-26.66661,12.68847,-44.1174
46.677845955,-8.48660000000001,8.79779099999998,-15.30983,0.4958062,-0.62895,0.5971045,-26.66661,12.68847,-44.1174
46.687757969,-10.40668,8.27352199999998,-15.37119,0.4721921,-0.6129818,0.5542151,-26.66661,12.68847,-44.1174
46.700148582,-13.50358,6.52596399999999,-16.53709,0.4716133,-0.6120591,0.546544,-26.29098,12.69007,-43.73388
46.71006012,-16.16692,5.76868899999999,-17.27345,0.483591,-0.6225176,0.5578874,-26.29098,12.69007,-43.73388
46.719972134,-18.14894,5.82694100000001,-17.76435,0.5103889,-0.634177,0.5825301,-26.29098,12.69007,-43.73388
46.729884148,-19.51157,6.81722400000001,-17.64162,0.5277752,-0.6401622,0.6020159,-26.29098,12.69007,-43.73388
46.739796162,-21.43165,7.98226299999999,-17.15072,0.5411063,-0.6423688,0.6119612,-26.29098,12.69007,-43.73388
46.749708652,-23.28979,9.14730199999998,-16.53709,0.5370315,-0.6386002,0.6005002,-26.66523,12.69003,-43.73194
46.759620666,-24.52855,9.205554,-16.47573,0.5320085,-0.6348284,0.591929,-26.66523,12.69003,-43.73194
46.76953268,-25.64344,9.78807399999997,-16.65982,0.5362946,-0.6236134,0.5938846,-26.66523,12.69003,-43.73194
46.779444694,-27.3777,11.36088,-18.0098,0.5410016,-0.5992569,0.6045669,-26.66523,12.69003,-43.73194
46.789356708,-30.04104,12.81718,-19.91205,0.5354977,-0.6052431,0.5853716,-26.66523,12.69003,-43.73194
46.799269199,-31.89918,12.75892,-20.52568,0.5229419,-0.6389791,0.561255,-26.67146,13.06306,-44.11856
46.809181213,-32.5805,11.47738,-19.35978,0.5195408,-0.6846161,0.5576214,-26.67146,13.06306,-44.11856
46.819093227,-31.83724,11.06962,-17.27345,0.5413599,-0.7346715,0.5762924,-26.67146,13.06306,-44.11856
46.829005241,-29.73135,12.0599,-14.57348,0.5686284,-0.7758421,0.612258,-26.67146,13.06306,-44.11856
46.838917255,-26.13894,14.91425,-12.30305,0.5753113,-0.7833976,0.6351934,-26.67146,13.06306,-44.11856
46.848829746,-20.87421,18.75887,-11.50533,0.5691978,-0.7528674,0.6469772,-26.67008,13.06463,-43.73309
46.85874176,-15.42366,21.72972,-12.67123,0.5490786,-0.6809694,0.6289161,-26.67008,13.06463,-43.73309
46.868653774,-11.52156,21.96273,-15.37119,0.5249408,-0.6252736,0.5814945,-26.67008,13.06463,-43.73309
46.878565788,-9.53954700000003,19.22489,-18.56207,0.501313,-0.5783414,0.5258471,-26.67008,13.06463,-43.73309
46.888477802,-8.79629,15.55502,-19.54387,0.4944713,-0.5984252,0.5027291,-26.67008,13.06463,-43.73309
46.898390293,-8.300786,11.30262,-18.25525,0.5140882,-0.6583893,0.4858228,-26.3166,14.56147,-44.12512
46.908302307,-7.929157,9.49681400000001,-15.18711,0.5518573,-0.7310178,0.507557,-26.3166,14.56147,-44.12512
46.918214321,-5.637449,10.02108,-10.8917,0.5787631,-0.7901778,0.5347633,-26.3166,14.56147,-44.12512
46.928126335,-1.921166,12.58417,-7.45537899999998,0.5819398,-0.818059,0.573441,-26.3166,14.56147,-44.12512
46.938038349,2.35256,15.03075,-4.571322,0.5480496,-0.7907556,0.5907418,-26.3166,14.56147,-44.12512
46.94795084,6.006905,15.90453,-3.282701,0.5076927,-0.7140813,0.6074711,-25.55839,13.81234,-44.12671
46.957862854,6.81209899999999,15.84628,-4.019056,0.4923632,-0.6255888,0.5990794,-25.55839,13.81234,-44.12671
46.967774868,4.89202,14.15697,-5.36904,0.4989838,-0.5790391,0.5839632,-25.55839,13.81234,-44.12671
46.977686882,1.299613,12.29291,-5.491766,0.5342844,-0.5970851,0.5719927,-25.55839,13.81234,-44.12671
46.990076542,-2.230856,11.71039,-3.712242,0.5728734,-0.6824666,0.5633845,-25.55839,13.81234,-44.12671
46.99998951,-1.115971,12.29291,-0.582733500000001,0.5831735,-0.769142,0.560311,-25.19059,14.18514,-44.57952
47.009901524,3.467444,12.52592,3.28313,0.5606003,-0.807754,0.5549808,-25.19059,14.18514,-44.57952
47.019813061,10.28063,12.35116,6.71945300000003,0.5235486,-0.8130405,0.5596097,-25.19059,14.18514,-44.57952
47.029725075,17.15575,13.10844,8.56033999999998,0.5081915,-0.7723584,0.5878718,-25.19059,14.18514,-44.57952
47.039637089,21.36754,14.15697,8.68306499999997,0.4919946,-0.7006454,0.6182693,-25.19059,14.18514,-44.57952
47.049550056,21.86304,14.9725,7.39444499999999,0.4893912,-0.6278362,0.6403855,-24.81793,14.18334,-45.03118
47.059461594,18.58033,15.61327,5.73764600000002,0.5058616,-0.5806395,0.6328651,-24.81793,14.18334,-45.03118
47.069373608,13.25366,15.089,5.124017,0.5131629,-0.5766624,0.6342645,-24.81793,14.18334,-45.03118
47.079285622,8.23667399999998,14.73949,5.92173499999998,0.5161411,-0.5985538,0.6129641,-24.81793,14.18334,-45.03118
47.089197636,4.953958,15.03075,7.148993,0.5100959,-0.6340811,0.6017398,-24.81793,14.18334,-45.03118
47.099110127,5.263648,14.73949,7.76262199999999,0.4844922,-0.6757072,0.5834532,-24.05625,13.05804,-45.41707
47.109022141,9.04186800000002,13.74921,8.25352600000003,0.4807804,-0.7068717,0.5664744,-24.05625,13.05804,-45.41707
47.118934155,13.87304,12.29291,9.41941999999998,0.4836288,-0.6820013,0.5872605,-24.05625,13.05804,-45.41707
47.128846169,18.39451,12.0599,8.25352600000003,0.4871464,-0.6565431,0.6262904,-24.05625,13.05804,-45.41707
47.138758183,21.3056,13.16669,6.53536400000002,0.4998096,-0.6305562,0.6517949,-24.05625,13.05804,-45.41707
47.148670673,23.10181,14.62299,5.98309800000002,0.5210507,-0.6379856,0.664033,-23.68845,13.43084,-45.86989
47.158582687,23.53537,15.089,6.78081600000001,0.5163727,-0.6494045,0.6236669,-23.68845,13.43084,-45.86989
47.168494701,24.40251,14.09872,8.06943700000002,0.492143,-0.6678941,0.575752,-23.68845,13.43084,-45.86989
47.178406715,26.26065,11.01136,9.66487199999998,0.4580446,-0.6714309,0.5366708,-23.68845,13.43084,-45.86989
47.188318729,28.3046,7.34149200000003,11.13758,0.4545086,-0.6573863,0.5420788,-23.68845,13.43084,-45.86989
47.19823122,28.49042,4.778405,11.32167,0.4669868,-0.5973492,0.5894188,-22.9286,12.30345,-46.76974
47.208143234,25.57933,5.244421,8.98988099999998,0.4957596,-0.5399542,0.6490748,-22.9286,12.30345,-46.76974
47.218055248,20.31459,8.62303400000002,6.044461,0.5101234,-0.5133394,0.6980954,-22.9286,12.30345,-46.76974
47.227967262,14.43048,11.9434,4.878565,0.4917398,-0.5227379,0.7063655,-22.9286,12.30345,-46.76974
47.237879276,9.97093999999998,13.34144,5.492195,0.4556597,-0.5460643,0.689258,-22.9286,12.30345,-46.76974
47.247791767,8.60830200000001,13.10844,5.308106,0.4209581,-0.5694183,0.6634948,-22.92674,11.92546,-47.60377
47.257703781,10.15675,11.88514,3.958122,0.431572,-0.5752118,0.6427113,-22.92674,11.92546,-47.60377
47.270093918,14.3066,11.24437,1.012702,0.4742367,-0.5780286,0.651421,-22.92674,11.92546,-47.60377
47.280005455,17.7132,11.36088,-0.214556,0.5028819,-0.5867931,0.6688635,-22.92674,11.92546,-47.60377
47.289917469,20.19072,11.82689,-0.2759189,0.516388,-0.5908599,0.6936797,-22.92674,11.92546,-47.60377
47.299830437,21.73917,13.28319,-0.214556,0.506966,-0.6083574,0.708055,-21.80235,11.92738,-47.15989
47.309742451,23.34956,14.27347,-0.2759189,0.4879195,-0.621755,0.6946976,-21.80235,11.92738,-47.15989
47.319653988,25.08382,14.09872,-0.4600076,0.4546324,-0.6146345,0.6518385,-21.80235,11.92738,-47.15989
47.329566002,26.63227,12.99193,-1.56454,0.4182276,-0.5817928,0.6211837,-21.80235,11.92738,-47.15989
47.339478016,27.18972,11.24437,-2.975887,0.3921887,-0.5443813,0.6053485,-21.80235,11.92738,-47.15989
47.349390984,25.45545,8.73953799999999,-4.080419,0.417439,-0.5178127,0.6192164,-21.04251,10.79999,-48.05975
47.359302521,21.42948,7.51624699999999,-4.019056,0.4789231,-0.5163702,0.6561098,-21.04251,10.79999,-48.05975
47.369214535,16.72219,8.215271,-3.282701,0.5133474,-0.5355907,0.7003181,-21.04251,10.79999,-48.05975
47.379126549,13.12978,9.32205800000003,-2.055443,0.5061159,-0.5636734,0.7251661,-21.04251,10.79999,-48.05975
47.389038563,11.27164,11.01136,-2.178169,0.4893306,-0.5754241,0.7434891,-21.04251,10.79999,-48.05975
47.398951054,11.02389,12.99193,-3.405427,0.4634245,-0.588427,0.7292373,-21.02449,9.300043,-48.4406
47.408863068,11.82908,14.15697,-4.264508,0.4501299,-0.5901039,0.7183055,-21.02449,9.300043,-48.4406
47.418775082,13.87304,13.98221,-4.816774,0.4332615,-0.5811707,0.7050765,-21.02449,9.300043,-48.4406
47.428687096,16.04087,13.6327,-4.878137,0.4364823,-0.5729402,0.6950182,-21.02449,9.300043,-48.4406
47.43859911,18.51839,13.28319,-5.062225,0.4437448,-0.5611784,0.7017516,-21.02449,9.300043,-48.4406
47.448511601,20.50041,12.93368,-5.675855,0.4627054,-0.5463622,0.7083972,-21.0261,9.298213,-48.89032
47.458423615,21.61529,13.10844,-6.71902399999997,0.4864407,-0.5227639,0.7140968,-21.0261,9.298213,-48.89032
47.468335629,21.3056,13.57445,-7.63946799999999,0.498818,-0.4905843,0.7189983,-21.0261,9.298213,-48.89032
47.478247643,20.0049,14.44823,-8.55991099999998,0.4888875,-0.476639,0.7206236,-21.0261,9.298213,-48.89032
47.488159657,17.34157,15.20551,-9.11217699999998,0.4604329,-0.480946,0.7064532,-21.0261,9.298213,-48.89032
47.498072147,13.87304,15.55502,-9.29626599999999,0.4500096,-0.4835944,0.6882859,-21.0164,8.549022,-48.88801
47.507984161,9.97093999999998,15.32201,-9.72580600000002,0.4271474,-0.4694344,0.6689053,-21.0164,8.549022,-48.88801
47.517896176,4.830081,14.09872,-10.27807,0.4173612,-0.4646825,0.673829,-21.0164,8.549022,-48.88801
47.52780819,-2.850237,11.88514,-9.84853300000002,0.4331922,-0.4570735,0.7006222,-21.0164,8.549022,-48.88801
47.537720204,-11.5835,11.59388,-9.11217699999998,0.4656282,-0.4904818,0.7250679,-21.0164,8.549022,-48.88801
47.550110817,-17.65343,13.98221,-9.23490300000001,0.4566942,-0.5443109,0.7444783,-20.24986,7.049131,-49.27275
47.560022831,-18.21087,15.03075,-10.03262,0.4299635,-0.5713925,0.7287,-20.24986,7.049131,-49.27275
47.569934845,-16.22886,15.32201,-11.25988,0.4136133,-0.5517063,0.7309029,-20.24986,7.049131,-49.27275
47.579846859,-14.80428,15.26376,-12.24169,0.4071106,-0.5382032,0.7324935,-20.24986,7.049131,-49.27275
47.589758396,-14.49459,14.73949,-12.73259,0.4167713,-0.5332645,0.7266752,-19.13355,7.421987,-49.72946
47.599671364,-13.19389,14.44823,-12.0576,0.4461121,-0.5799642,0.7198507,-19.13355,7.421987,-49.72946
47.609583378,-8.61047599999998,14.91425,-11.19852,0.4493736,-0.6280497,0.6954922,-19.13355,7.421987,-49.72946
47.619495392,-1.859228,13.92396,-10.15535,0.4477308,-0.6649845,0.6827772,-19.13355,7.421987,-49.72946
47.629406929,5.94496599999999,11.41913,-8.49854900000003,0.4197708,-0.6697702,0.6685992,-19.13355,7.421987,-49.72946
47.639318943,13.99691,8.85604200000002,-7.76219299999999,0.3930912,-0.658537,0.6549962,-19.15455,8.918538,-50.18379
47.649231911,21.18173,5.652184,-7.88491900000001,0.3582082,-0.6183313,0.6383009,-19.15455,8.918538,-50.18379
47.659143925,26.57034,1.924059,-8.86672600000002,0.3430467,-0.5807225,0.6343703,-19.15455,8.918538,-50.18379
47.669055462,28.86205,-1.512807,-9.41899200000002,0.3586907,-0.541264,0.6325678,-19.15455,8.918538,-50.18379
47.678967476,28.55235,-3.493374,-10.03262,0.3833782,-0.5010816,0.6551746,-19.15455,8.918538,-50.18379
47.68887949,26.26065,-3.842885,-10.15535,0.4206636,-0.4976247,0.6711783,-18.76575,7.794782,-50.18227
47.698791981,22.85405,-4.075893,-9.90989499999997,0.4153044,-0.504999,0.6644564,-18.76575,7.794782,-50.18227
47.708703995,19.19971,-6.05646000000001,-8.49854900000003,0.4080828,-0.523081,0.6543195,-18.76575,7.794782,-50.18227
47.718616009,17.27963,-10.01759,-7.20992699999999,0.395152,-0.5548124,0.6436641,-18.76575,7.794782,-50.18227
47.728528023,18.64227,-14.44474,-6.16675799999997,0.4055563,-0.5765644,0.6314191,-18.76575,7.794782,-50.18227
47.738440037,23.34956,-18.46413,-6.22812100000001,0.4283179,-0.5946791,0.6363696,-18.37694,6.671026,-50.18076
47.748352528,29.6053,-20.96896,-6.84175,0.4492187,-0.6030127,0.6620494,-18.37694,6.671026,-50.18076
47.758264542,35.42748,-21.72624,-7.20992699999999,0.4580587,-0.5848336,0.687057,-18.37694,6.671026,-50.18076
47.768176556,39.39151,-21.78449,-5.98266900000002,0.4326787,-0.5492788,0.6856079,-18.37694,6.671026,-50.18076
47.77808857,40.69221,-23.29904,-4.019056,0.4154579,-0.5058947,0.6783736,-18.37694,6.671026,-50.18076
47.788000584,39.14376,-25.68737,-2.546346,0.4099611,-0.4889504,0.6867,-19.47547,4.797959,-50.16915
47.797913074,36.54237,-27.66794,-2.423621,0.4399482,-0.4884934,0.7027511,-19.47547,4.797959,-50.16915
47.807825088,34.18872,-28.42521,-2.730435,0.4842179,-0.4892687,0.7273048,-19.47547,4.797959,-50.16915
47.817737102,33.56934,-28.59997,-3.03725,0.521237,-0.4896045,0.7605712,-19.47547,4.797959,-50.16915
47.830127239,35.61329,-27.08542,-2.914524,0.5327627,-0.4961476,0.7801076,-19.47547,4.797959,-50.16915
47.840039253,38.09082,-25.80387,-2.239532,0.4906224,-0.485989,0.783446,-20.20783,3.675943,-49.71208
47.849951744,40.44446,-25.39611,-1.625903,0.4471754,-0.4701602,0.7613857,-20.20783,3.675943,-49.71208
47.859863758,42.67423,-25.97863,-2.669072,0.448536,-0.4604411,0.7623982,-20.20783,3.675943,-49.71208
47.869775772,45.77113,-26.91066,-2.791798,0.4971375,-0.4748557,0.7642535,-20.20783,3.675943,-49.71208
47.879687786,50.35455,-26.6194,-2.914524,0.5381901,-0.4758152,0.7609865,-20.20783,3.675943,-49.71208
47.889599323,55.37153,-25.86213,-2.975887,0.5480965,-0.4558749,0.7490238,-20.92912,1.806305,-48.86724
47.899512291,59.4594499999999,-26.32814,-1.687266,0.5290624,-0.4285387,0.7368978,-20.92912,1.806305,-48.86724
47.909424305,61.9989100000001,-26.09513,-0.03046724,0.487386,-0.3893672,0.7240998,-20.92912,1.806305,-48.86724
47.919336319,63.3615400000001,-25.92038,0.6445247,0.4582319,-0.3830581,0.701844,-20.92912,1.806305,-48.86724
47.929247856,63.6092899999998,-27.9592,0.828613499999998,0.4665716,-0.3907447,0.6954736,-20.92912,1.806305,-48.86724
47.93915987,61.9989100000001,-30.34753,0.5217989,0.5104001,-0.3934525,0.7224193,-22.40595,0.3720663,-48.40532
47.949072838,59.7691300000001,-31.80383,0.2763473,0.5742978,-0.4046785,0.7414401,-22.40595,0.3720663,-48.40532
47.958984852,58.5303699999998,-30.69704,1.258154,0.6012659,-0.4082049,0.7445282,-22.40595,0.3720663,-48.40532
47.968896389,59.08781,-30.05627,2.792227,0.5849006,-0.4331562,0.7406721,-22.40595,0.3720663,-48.40532
47.978808403,60.5123899999999,-31.27956,4.019485,0.548242,-0.4316572,0.743902,-22.40595,0.3720663,-48.40532
47.988720417,61.9989100000001,-31.62907,4.75584,0.5102682,-0.4010777,0.7482982,-23.49179,-2.246793,-47.55622
47.998633385,61.4414600000003,-32.09509,5.79900900000001,0.4641493,-0.3232069,0.7290769,-23.49179,-2.246793,-47.55622
48.008544922,57.29161,-33.26012,6.96490399999999,0.4647613,-0.2607065,0.7189241,-23.49179,-2.246793,-47.55622
48.018456936,49.30161,-35.18244,7.45580799999998,0.525694,-0.2497948,0.7131515,-23.49179,-2.246793,-47.55622
48.02836895,41.0019,-36.28923,8.62170300000002,0.5995868,-0.2861518,0.7237498,-23.49179,-2.246793,-47.55622
48.038280964,34.68422,-35.29894,9.72623500000002,0.6514913,-0.3439916,0.7584161,-24.56472,-5.611181,-45.80539
48.048193455,31.71119,-32.96886,9.787598,0.65147,-0.3583886,0.7871299,-24.56472,-5.611181,-45.80539
48.058105469,32.39252,-30.58053,8.80579200000003,0.6200281,-0.3359309,0.7990941,-24.56472,-5.611181,-45.80539
48.068017483,33.56934,-29.88151,8.37625100000002,0.5831165,-0.2665191,0.8095011,-24.56472,-5.611181,-45.80539
48.077929497,32.51639,-28.59997,7.63989600000002,0.5817499,-0.2174653,0.8290468,-24.56472,-5.611181,-45.80539
48.087841988,28.80011,-26.44465,6.96490399999999,0.5931664,-0.1784596,0.8436058,-25.29571,-6.731629,-44.96286
48.097754002,23.84506,-23.7068,6.16718700000003,0.6152689,-0.1839861,0.8467257,-25.29571,-6.731629,-44.96286
48.107666016,20.31459,-21.66799,5.124017,0.6408356,-0.212375,0.8270938,-25.29571,-6.731629,-44.96286
48.120056152,20.06684,-18.81364,3.71267,0.6712789,-0.2421728,0.8045265,-25.29571,-6.731629,-44.96286
48.129968166,23.03987,-17.35734,2.853589,0.6773938,-0.2707512,0.7951565,-25.29571,-6.731629,-44.96286
48.139880657,26.88003,-16.89132,2.546775,0.6673432,-0.29223,0.7912651,-26.41687,-6.729889,-44.50731
48.149792671,30.28662,-15.90104,3.221767,0.6612328,-0.2714542,0.7919402,-26.41687,-6.729889,-44.50731
48.159704685,31.89701,-14.56125,4.14221,0.650959,-0.2332974,0.7884482,-26.41687,-6.729889,-44.50731
48.169616699,30.28662,-12.63893,4.387662,0.6168134,-0.2056392,0.7812657,-26.41687,-6.729889,-44.50731
48.179528713,26.88003,-11.47389,4.203574,0.5966609,-0.2132619,0.7621949,-26.41687,-6.729889,-44.50731
48.189441204,24.40251,-11.12438,4.019485,0.5947452,-0.2376558,0.737562,-27.14923,-7.851905,-44.05024
48.199353218,23.34956,-11.47389,3.467218,0.58876,-0.2504734,0.7111233,-27.14923,-7.851905,-44.05024
48.209265232,22.91599,-11.5904,2.485412,0.5981389,-0.2488477,0.7216108,-27.14923,-7.851905,-44.05024
48.219177246,22.1108,-11.88166,1.871783,0.6146603,-0.2262541,0.7379339,-27.14923,-7.851905,-44.05024
48.22908926,18.64227,-11.00788,1.749057,0.6061296,-0.1918376,0.7569683,-27.14923,-7.851905,-44.05024
48.239001751,12.57234,-9.60983000000002,1.258154,0.593188,-0.1701646,0.7601134,-27.4995,-9.345088,-42.75879
48.248913765,5.263648,-9.02730999999998,0.2763473,0.5892838,-0.1765511,0.7533847,-27.4995,-9.345088,-42.75879
48.258825779,-1.177909,-8.561295,-0.766822200000002,0.5924027,-0.1949546,0.7498721,-27.4995,-9.345088,-42.75879
48.268737793,-5.327759,-8.50304200000002,-1.99408,0.6203602,-0.2048044,0.746667,-27.4995,-9.345088,-42.75879
48.27864933,-8.548538,-8.50304200000002,-3.03725,0.6412753,-0.1948424,0.7475002,-27.4995,-9.345088,-42.75879
48.288562298,-11.83125,-7.62926299999999,-4.141782,0.652488,-0.1830116,0.7580389,-28.61258,-10.09437,-42.75064
48.298474312,-15.85723,-6.40597199999999,-4.571322,0.6569816,-0.1833959,0.7666376,-28.61258,-10.09437,-42.75064
48.308385849,-19.82126,-4.774917,-4.755411,0.6591095,-0.1998673,0.7641074,-28.61258,-10.09437,-42.75064
48.318297863,-23.35173,-3.143862,-4.816774,0.6462504,-0.2305859,0.7616208,-28.61258,-10.09437,-42.75064
48.328210831,-24.77631,-1.512807,-5.246314,0.6207173,-0.2599801,0.7645421,-28.61258,-10.09437,-42.75064
48.338122845,-24.2808,-0.755531299999998,-5.491766,0.6133959,-0.2664066,0.758325,-28.62228,-9.345179,-42.75295
48.348034382,-23.28979,-0.755531299999998,-5.430403,0.6255997,-0.256508,0.7678812,-28.62228,-9.345179,-42.75295
48.357946396,-23.84724,-0.05650773,-5.307677,0.6520348,-0.243966,0.7854862,-28.62228,-9.345179,-42.75295
48.36785841,-25.95313,1.341539,-5.430403,0.6791283,-0.2410857,0.8083024,-28.62228,-9.345179,-42.75295
48.377771378,-27.43964,3.788122,-5.614491,0.6865183,-0.250721,0.802408,-28.62228,-9.345179,-42.75295
48.387682915,-27.31577,6.1182,-5.307677,0.691781,-0.2890023,0.7939415,-28.26257,-8.221362,-42.75835
48.400073052,-24.96212,8.215271,-4.9395,0.6557349,-0.3362134,0.7521867,-28.26257,-8.221362,-42.75835
48.409985066,-20.44064,7.45799500000003,-4.325871,0.6357936,-0.3734824,0.7189919,-28.26257,-8.221362,-42.75835
48.41989708,-15.05203,5.76868899999999,-2.362258,0.6145103,-0.3777824,0.6889101,-28.26257,-8.221362,-42.75835
48.42980957,-9.84923700000002,3.555114,-0.705459200000001,0.6060584,-0.3623494,0.6934125,-28.26257,-8.221362,-42.75835
48.439721584,-4.770316,2.215319,0.1536215,0.6156789,-0.3408461,0.7030699,-28.26581,-7.844936,-42.3098
48.449633598,-0.992095199999997,1.865807,0.6445247,0.630102,-0.3017658,0.724804,-28.26581,-7.844936,-42.3098
48.459545612,0.3086039,2.623082,0.5217989,0.6278815,-0.266806,0.7399424,-28.26581,-7.844936,-42.3098
48.469457626,0.1227897,2.914342,0.1536215,0.6168572,-0.2509823,0.7324671,-28.26581,-7.844936,-42.3098
48.479370117,-1.4876,2.623082,-0.09183015,0.6144179,-0.2563759,0.7266919,-28.26581,-7.844936,-42.3098
48.489282131,-2.540546,1.865807,0.03089567,0.603691,-0.2745436,0.708424,-28.26902,-7.848597,-43.20922
48.499194145,-2.912175,0.642515800000001,0.767250500000003,0.6039675,-0.3051314,0.6995749,-28.26902,-7.848597,-43.20922
48.509106159,-2.045042,-0.5225234,1.81042,0.6091367,-0.3351687,0.6916445,-28.26902,-7.848597,-43.20922
48.51901865,0.2466658,-0.930287099999998,2.914952,0.6177601,-0.3558784,0.6976688,-28.26902,-7.848597,-43.20922
48.528930664,3.28163,-1.046791,3.958122,0.6193116,-0.3514257,0.7111285,-28.26902,-7.848597,-43.20922
48.538842678,5.573338,-0.813783199999999,4.939929,0.6108854,-0.3179304,0.7392787,-27.89961,-7.473972,-43.21232
48.548754692,6.56434699999999,-0.05650773,5.430832,0.6135576,-0.2931518,0.7427802,-27.89961,-7.473972,-43.21232
48.558666706,7.30760400000002,0.1182482,5.062654,0.6206769,-0.2780499,0.7394539,-27.89961,-7.473972,-43.21232
48.568579197,8.42248799999999,-0.1147597,5.001291,0.6240162,-0.2863432,0.721602,-27.89961,-7.473972,-43.21232
48.578491211,9.66124900000002,-1.046791,5.492195,0.6235737,-0.3009593,0.7090245,-27.89961,-7.473972,-43.21232
48.588403225,11.02389,-2.50309,6.35127500000001,0.6119608,-0.3156768,0.7037521,-27.89961,-7.473972,-43.21232
48.598315239,13.62528,-4.308901,7.21035599999999,0.6102862,-0.3272622,0.7176151,-27.89961,-7.473972,-43.21232
48.608227253,16.04087,-4.833169,7.27171900000003,0.6007131,-0.3131311,0.7542897,-27.89961,-7.473972,-43.21232
48.618139744,18.08482,-4.134145,6.84217800000002,0.5972166,-0.2912611,0.7727138,-27.89961,-7.473972,-43.21232
48.628051758,19.0139,-3.318618,5.553557,0.6033416,-0.2698385,0.7752006,-28.64813,-7.474032,-43.20843
48.637963772,19.0139,-2.736098,4.14221,0.6113719,-0.2611007,0.7578989,-28.64813,-7.474032,-43.20843
48.647875786,17.7132,-2.736098,3.71267,0.6258687,-0.264909,0.7366125,-28.64813,-7.474032,-43.20843
48.657787323,15.97893,-3.08561,4.387662,0.6345343,-0.2746255,0.7119795,-28.64813,-7.474032,-43.20843
48.670177936,15.23567,-4.425405,5.369469,0.6142871,-0.3020493,0.7081428,-28.64813,-7.474032,-43.20843
48.68008995,16.72219,-5.18268,6.28991200000003,0.6085111,-0.3006117,0.7187693,-28.63683,-8.221393,-42.75641
48.690001964,19.0139,-4.774917,6.596727,0.6208233,-0.2911444,0.738405,-28.63683,-8.221393,-42.75641
48.699913979,20.99591,-3.435122,6.22854899999998,0.6342021,-0.2691842,0.7336259,-28.63683,-8.221393,-42.75641
48.709826469,22.17274,-2.969106,6.10582399999999,0.6388606,-0.2585115,0.7235707,-28.63683,-8.221393,-42.75641
48.719738483,22.6063,-3.493374,6.10582399999999,0.631264,-0.24313,0.7160609,-28.63683,-8.221393,-42.75641
48.729650497,22.73018,-4.541909,6.53536400000002,0.6200234,-0.2530241,0.7050553,-28.6403,-7.845228,-42.3721
48.739562511,22.85405,-6.23121499999997,7.148993,0.6097234,-0.2560961,0.6984079,-28.6403,-7.845228,-42.3721
48.749474525,22.91599,-7.27975100000002,7.39444499999999,0.6014464,-0.247889,0.7115033,-28.6403,-7.845228,-42.3721
48.759387016,22.42049,-7.74576700000002,7.33308200000001,0.601149,-0.2399907,0.7394079,-28.6403,-7.845228,-42.3721
48.76929903,21.55335,-6.69723099999998,7.026268,0.6267452,-0.2390958,0.756943,-28.6403,-7.845228,-42.3721
48.779211044,20.62428,-5.066176,6.35127500000001,0.6376404,-0.2325478,0.7780128,-29.00325,-8.592619,-41.91813
48.789123058,19.19971,-3.668129,5.492195,0.6467254,-0.225709,0.7659704,-29.00325,-8.592619,-41.91813
48.799035072,17.65126,-2.852602,4.694477,0.6377634,-0.2307809,0.7444124,-29.00325,-8.592619,-41.91813
48.808947563,15.91699,-3.202114,4.694477,0.6113702,-0.2447646,0.7291983,-29.00325,-8.592619,-41.91813
48.818859577,15.1118,-4.250649,5.246743,0.5726092,-0.2487321,0.7117644,-29.00325,-8.592619,-41.91813
48.828771591,16.28862,-5.82345200000001,5.430832,0.5750982,-0.2516054,0.7126825,-28.62414,-8.967185,-41.91892
48.838683605,17.65126,-5.88170400000003,5.430832,0.6184088,-0.2518954,0.7396491,-28.62414,-8.967185,-41.91892
48.848595619,17.27963,-4.075893,5.553557,0.6615065,-0.2215644,0.7817065,-28.62414,-8.967185,-41.91892
48.85850811,15.29761,-2.328334,5.79900900000001,0.6630382,-0.2302929,0.7777929,-28.62414,-8.967185,-41.91892
48.868420124,14.55436,-1.338051,5.492195,0.6522565,-0.2426354,0.7610049,-28.62414,-8.967185,-41.91892
48.878332138,14.24467,-0.6972793,5.369469,0.6383756,-0.2419302,0.7433721,-28.99355,-9.341809,-41.91582
48.888244152,15.17374,-0.8720351,4.571751,0.6259876,-0.2475344,0.7208819,-28.99355,-9.341809,-41.91582
48.898156643,16.59831,-1.745815,4.571751,0.6044456,-0.2517208,0.7133707,-28.99355,-9.341809,-41.91582
48.908068657,18.2087,-2.50309,4.878565,0.6050003,-0.2448512,0.7278161,-28.99355,-9.341809,-41.91582
48.917980671,19.26165,-3.08561,5.062654,0.6158229,-0.2441945,0.7349228,-28.99355,-9.341809,-41.91582
48.927892685,19.88103,-3.668129,5.369469,0.6196661,-0.2285714,0.7465151,-29.72453,-10.46226,-41.07329
48.937804699,19.38552,-3.027358,5.369469,0.6232488,-0.2172258,0.775367,-29.72453,-10.46226,-41.07329
48.94771719,18.76614,-2.50309,5.001291,0.6301315,-0.2195597,0.7762482,-29.72453,-10.46226,-41.07329
48.960107326,18.33258,-2.037075,5.492195,0.6306197,-0.2405296,0.7516159,-29.72453,-10.46226,-41.07329
48.970018864,18.58033,-2.619594,6.16718700000003,0.6237614,-0.2489147,0.7405798,-29.72453,-10.46226,-41.07329
48.979930878,19.5094,-3.37687,5.98309800000002,0.6259747,-0.2324193,0.7373081,-29.71322,-11.20962,-40.62127
48.989842892,19.26165,-3.551625,5.430832,0.6276842,-0.2105716,0.7388783,-29.71322,-11.20962,-40.62127
48.999755859,17.21769,-4.134145,4.571751,0.6208917,-0.1806342,0.7314581,-29.71322,-11.20962,-40.62127
49.009667397,14.43048,-4.89142,3.896759,0.6071278,-0.1662095,0.7412846,-29.71322,-11.20962,-40.62127
49.019579411,11.95296,-5.240932,3.099041,0.6099907,-0.1598682,0.7417805,-29.71322,-11.20962,-40.62127
49.029491425,9.72318700000001,-5.240932,2.117234,0.6194425,-0.1713751,0.7440172,-29.71322,-11.20962,-40.62127
49.039404392,8.48442599999998,-5.532192,1.749057,0.6370804,-0.1896729,0.7259664,-29.71322,-11.20962,-40.62127
49.049315929,8.11279800000001,-6.23121499999997,1.564968,0.625326,-0.1966592,0.7159452,-29.71322,-11.20962,-40.62127
49.059227943,8.67023999999999,-7.80401899999998,1.135428,0.610994,-0.1978915,0.6997442,-29.71322,-11.20962,-40.62127
49.069139957,10.03288,-8.91080699999998,0.583161800000002,0.6111791,-0.1973074,0.7184725,-29.71322,-11.20962,-40.62127
49.079051971,12.26265,-9.14381400000001,-0.1531931,0.6157142,-0.1962067,0.7328426,-29.70353,-11.95881,-40.61896
49.088964462,13.8111,-8.79430199999998,-0.09183015,0.619223,-0.1980703,0.7390398,-29.70353,-11.95881,-40.61896
49.098876476,13.93497,-8.85255399999999,0.0922585699999997,0.6284121,-0.1838602,0.7457717,-29.70353,-11.95881,-40.61896
49.10878849,12.94397,-8.85255399999999,-0.1531931,0.6390603,-0.1735383,0.7471825,-29.70353,-11.95881,-40.61896
49.118700504,11.82908,-8.44479099999997,-0.3986447,0.6500009,-0.1864788,0.7498761,-29.70353,-11.95881,-40.61896
49.128612518,11.64327,-8.03702600000001,-0.214556,0.6412753,-0.2002082,0.7412224,-30.44558,-12.33163,-40.1642
49.138525009,11.7052,-8.15353100000001,-0.828185100000001,0.6308093,-0.1901958,0.7337034,-30.44558,-12.33163,-40.1642
49.148437023,11.95296,-8.91080699999998,-1.687266,0.6214122,-0.1791483,0.7362647,-30.44558,-12.33163,-40.1642
49.158349037,11.95296,-9.84283699999999,-2.484983,0.6191695,-0.1642,0.7258216,-30.44558,-12.33163,-40.1642
49.168261051,11.45745,-10.94963,-3.159976,0.6321525,-0.1475633,0.7238917,-30.44558,-12.33163,-40.1642
49.178173542,9.90900100000002,-11.53214,-3.712242,0.6488264,-0.1439149,0.7328848,-30.43451,-13.07926,-39.77642
49.188085556,7.92698399999999,-11.5904,-4.203145,0.6503477,-0.1389901,0.7439471,-30.43451,-13.07926,-39.77642
49.19799757,6.13078099999997,-10.54186,-4.816774,0.6465343,-0.141427,0.7506884,-30.43451,-13.07926,-39.77642
49.207909584,4.582329,-10.54186,-5.92130599999998,0.6440945,-0.1492599,0.742016,-30.43451,-13.07926,-39.77642
49.217821598,3.343568,-10.60011,-6.78038700000001,0.6466665,-0.1574557,0.7448185,-30.43451,-13.07926,-39.77642
49.227734089,1.733179,-10.83312,-6.65766099999999,0.6698809,-0.1746076,0.7473705,-30.42805,-13.45202,-39.32556
49.240124226,-0.3107767,-9.60983000000002,-6.16675799999997,0.6882377,-0.1820478,0.7644368,-30.42805,-13.45202,-39.32556
49.25003624,-1.859228,-8.03702600000001,-5.92130599999998,0.6662923,-0.1793665,0.7733005,-30.42805,-13.45202,-39.32556
49.259948254,-3.779308,-6.75548299999999,-6.289484,0.6538922,-0.1703429,0.7667531,-30.42805,-13.45202,-39.32556
49.269860745,-5.265821,-5.998208,-6.65766099999999,0.6609344,-0.1586958,0.7518807,-30.42805,-13.45202,-39.32556
49.279772759,-7.18590000000003,-5.240932,-7.51674200000002,0.6622429,-0.1553452,0.7403671,-31.54922,-13.45028,-38.87001
49.289684773,-9.78729900000003,-4.89142,-7.70083,0.6611526,-0.1500501,0.7356108,-31.54922,-13.45028,-38.87001
49.299596787,-13.07002,-5.18268,-7.88491900000001,0.6665754,-0.1480085,0.7422966,-31.54922,-13.45028,-38.87001
49.309508801,-16.97211,-5.007925,-8.25309699999997,0.6616526,-0.1688143,0.76237,-31.54922,-13.45028,-38.87001
49.319421291,-18.27281,-3.959389,-8.62127400000002,0.672648,-0.2136732,0.7806958,-31.54922,-13.45028,-38.87001
49.329333305,-16.41467,-1.745815,-8.49854900000003,0.6846551,-0.240214,0.7760864,-31.54761,-13.44845,-38.4203
49.339245319,-14.24684,-0.639027300000002,-8.31446000000002,0.6438092,-0.2142776,0.7334228,-31.54761,-13.44845,-38.4203
49.349157333,-12.32676,-2.095326,-9.72580600000002,0.597397,-0.1709453,0.6928471,-31.54761,-13.44845,-38.4203
49.359068871,-11.27381,-5.532192,-11.32124,0.5881554,-0.1517725,0.6724135,-31.54761,-13.44845,-38.4203
49.368981838,-11.088,-7.62926299999999,-12.11896,0.6436807,-0.1694753,0.6780241,-31.54761,-13.44845,-38.4203
49.378893852,-11.088,-8.44479099999997,-11.19852,0.6915256,-0.2103679,0.7181226,-31.17335,-13.44842,-38.42224
49.388805866,-9.84923700000002,-6.87198700000002,-9.66444299999998,0.7089604,-0.2241329,0.7332347,-31.17335,-13.44842,-38.42224
49.398717404,-8.11497100000001,-5.706948,-9.29626599999999,0.6773681,-0.2105338,0.7201731,-31.17335,-13.44842,-38.42224
49.408630371,-6.56652,-6.69723099999998,-8.68263700000001,0.6352133,-0.1903874,0.6861258,-31.17335,-13.44842,-38.42224
49.418542385,-5.265821,-7.92052300000001,-8.86672600000002,0.6311046,-0.1841973,0.674201,-31.17335,-13.44842,-38.42224
49.428454399,-3.593493,-9.72633399999999,-8.49854900000003,0.6391536,-0.2010552,0.6764151,-31.18466,-12.70106,-38.87426
49.438365936,-2.168918,-10.54186,-7.63946799999999,0.6599236,-0.2075057,0.6915451,-31.18466,-12.70106,-38.87426
49.44827795,-1.301785,-10.30885,-6.289484,0.6845547,-0.2080799,0.7085992,-31.18466,-12.70106,-38.87426
49.458190918,-1.054033,-9.14381400000001,-5.184951,0.7040223,-0.1951993,0.714747,-31.18466,-12.70106,-38.87426
49.468102455,-0.5585288,-7.27975100000002,-4.203145,0.7023522,-0.1831283,0.7090809,-31.18466,-12.70106,-38.87426
49.478014469,-0.744343000000003,-7.04674300000001,-4.080419,0.6781882,-0.173291,0.7007271,-31.17335,-13.44842,-38.42224
49.487926483,0.2466658,-7.74576700000002,-4.325871,0.6691198,-0.1711012,0.6772978,-31.17335,-13.44842,-38.42224
49.497838497,0.680232200000002,-8.91080699999998,-4.571322,0.6669182,-0.1624731,0.6634511,-31.17335,-13.44842,-38.42224
49.507750988,0.1847278,-10.60011,-4.509959,0.6623055,-0.1480044,0.6597489,-31.17335,-13.44842,-38.42224
49.520141125,-1.673414,-11.99816,-5.246314,0.676605,-0.1370329,0.6841778,-31.16873,-13.82328,-38.48533
49.530053139,-1.549538,-11.35739,-5.98266900000002,0.7054924,-0.1495739,0.7207993,-31.16873,-13.82328,-38.48533
49.539965153,-1.115971,-9.78458600000001,-6.35084600000001,0.7233577,-0.1609241,0.7330425,-31.16873,-13.82328,-38.48533
49.549877644,-0.682404900000003,-8.561295,-6.41221000000002,0.7213092,-0.1609968,0.723938,-31.16873,-13.82328,-38.48533
49.559789657,-0.8682191,-8.38653900000002,-6.78038700000001,0.7053995,-0.160354,0.6991212,-31.16873,-13.82328,-38.48533
49.569701672,-0.744343000000003,-9.78458600000001,-7.57810399999998,0.6999516,-0.1702135,0.6808599,-32.29314,-13.44511,-37.58122
49.579613686,-0.001086392,-10.83312,-8.31446000000002,0.6969557,-0.1815021,0.661606,-32.29314,-13.44511,-37.58122
49.5895257,1.423489,-11.47389,-8.55991099999998,0.698559,-0.1892176,0.6658612,-32.29314,-13.44511,-37.58122
49.59943819,3.219692,-11.64865,-8.80536299999997,0.6962153,-0.1852932,0.6803138,-32.29314,-13.44511,-37.58122
49.609350204,4.458453,-11.35739,-9.11217699999998,0.6694127,-0.1758269,0.7003112,-32.29314,-13.44511,-37.58122
49.619262218,5.94496599999999,-11.12438,-9.54171799999998,0.6678526,-0.1622352,0.7071384,-32.67225,-13.07055,-37.58043
49.629174232,6.31659499999999,-11.06613,-10.09398,0.69212,-0.1542182,0.6988047,-32.67225,-13.07055,-37.58043
49.639086723,5.263648,-11.47389,-10.4008,0.6819055,-0.1457866,0.6663046,-32.67225,-13.07055,-37.58043
49.648998737,3.343568,-13.0467,-10.27807,0.6708225,-0.1460909,0.6342344,-32.67225,-13.07055,-37.58043
49.658910751,2.104807,-15.43503,-10.03262,0.6765523,-0.1597477,0.6048008,-32.67225,-13.07055,-37.58043
49.668822765,0.5563561,-17.7651,-9.29626599999999,0.6978375,-0.1725199,0.6150823,-31.5287,-14.56727,-37.19619
49.678734779,-2.230856,-18.58063,-8.25309699999997,0.7167102,-0.1653059,0.6519281,-31.5287,-14.56727,-37.19619
49.68864727,-6.13295399999998,-17.88161,-7.57810399999998,0.7159363,-0.1588705,0.6793471,-31.5287,-14.56727,-37.19619
49.698559284,-9.60148500000001,-16.1923,-6.96447600000002,0.7092587,-0.1588689,0.6957343,-31.5287,-14.56727,-37.19619
49.708471298,-11.70738,-15.31852,-6.47357199999998,0.7196717,-0.1693966,0.6974885,-31.5287,-14.56727,-37.19619
49.718383312,-13.6894,-14.91076,-5.98266900000002,0.7230418,-0.1757226,0.684931,-32.64502,-14.94013,-36.73948
49.728295326,-15.60948,-14.91076,-5.614491,0.7299429,-0.1799982,0.6853189,-32.64502,-14.94013,-36.73948
49.738207817,-15.73335,-14.736,-5.491766,0.7285142,-0.1926796,0.6742039,-32.64502,-14.94013,-36.73948
49.748119831,-14.06102,-14.79425,-5.062225,0.7260904,-0.2092847,0.6568301,-32.64502,-14.94013,-36.73948
49.758031845,-10.59249,-15.14377,-4.509959,0.7252814,-0.2184773,0.6625382,-32.64502,-14.94013,-36.73948
49.767943859,-6.194891,-15.55153,-4.080419,0.7278116,-0.2198657,0.6692278,-33.3344,-14.56376,-36.28735
49.77785635,-1.921166,-15.72629,-3.528153,0.7307497,-0.2144609,0.6759588,-33.3344,-14.56376,-36.28735
49.787768364,1.547365,-15.84279,-3.098613,0.7375314,-0.2017253,0.6846238,-33.3344,-14.56376,-36.28735
49.800158024,5.077834,-15.55153,-2.055443,0.7536003,-0.2015581,0.6782343,-33.3344,-14.56376,-36.28735
49.810070038,6.62628499999997,-15.60978,-1.748629,0.7489045,-0.1978643,0.6538142,-33.3344,-14.56376,-36.28735
49.819983005,7.18372799999999,-16.13405,-1.257725,0.7487687,-0.1959838,0.6427843,-33.02736,-14.18913,-36.29013
49.829894543,7.49341799999997,-17.24084,-0.828185100000001,0.7505376,-0.182398,0.6404577,-33.02736,-14.18913,-36.29013
49.839806557,7.67923199999999,-17.29909,-0.828185100000001,0.7466311,-0.1687858,0.6569099,-33.02736,-14.18913,-36.29013
49.849718571,7.30760400000002,-17.12433,-0.705459200000001,0.7480295,-0.1556323,0.6656275,-33.02736,-14.18913,-36.29013
49.859630585,6.56434699999999,-16.54181,-0.582733500000001,0.7488486,-0.1332636,0.6763324,-33.02736,-14.18913,-36.29013
49.869543076,5.20171,-15.08551,-1.196362,0.7388301,-0.1247301,0.6630375,-34.0813,-14.56198,-35.83375
49.87945509,4.396515,-14.38649,-1.503177,0.7309225,-0.1341403,0.6438416,-34.0813,-14.56198,-35.83375
49.889367104,3.529382,-14.91076,-1.319088,0.7409838,-0.1346071,0.6230986,-34.0813,-14.56198,-35.83375
49.899279118,1.918993,-14.96901,-1.257725,0.7631056,-0.1425626,0.6252418,-34.0813,-14.56198,-35.83375
49.909191608,0.1227897,-14.03698,-1.503177,0.7722586,-0.148123,0.6529693,-34.0813,-14.56198,-35.83375
49.919103622,0.3705419,-11.76515,-2.055443,0.7796146,-0.1653326,0.6825565,-34.45582,-14.18219,-34.54807
49.929015636,2.538374,-9.14381400000001,-2.055443,0.7690439,-0.1697605,0.695589,-34.45582,-14.18219,-34.54807
49.93892765,4.148763,-6.988491,-1.441814,0.757581,-0.1519654,0.6953334,-34.45582,-14.18219,-34.54807
49.948839664,3.901011,-5.88170400000003,-0.582733500000001,0.7581344,-0.1316862,0.6776975,-34.45582,-14.18219,-34.54807
49.958752155,2.476436,-5.240932,-0.2759189,0.770052,-0.1287658,0.651198,-34.45582,-14.18219,-34.54807
49.968664169,1.299613,-4.89142,-0.5213705,0.7851824,-0.1393219,0.6361029,-34.44474,-14.92981,-34.16029
49.978576183,0.1847278,-4.89142,-1.319088,0.7830296,-0.1306684,0.6270574,-34.44474,-14.92981,-34.16029
49.988488197,-0.3727147,-4.483657,-2.362258,0.7766459,-0.1205183,0.6363071,-34.44474,-14.92981,-34.16029
49.998400688,-1.4876,-3.143862,-3.46679,0.7711508,-0.1045487,0.6436667,-34.44474,-14.92981,-34.16029
50.008312702,-3.345741,-2.153579,-4.019056,0.7600596,-0.08436937,0.6347807,-34.44474,-14.92981,-34.16029
50.018224716,-6.00907800000001,-1.454555,-4.571322,0.7546687,-0.07712606,0.6420811,-34.83007,-14.18222,-34.54612
50.02813673,-9.29179500000003,-1.338051,-4.816774,0.7535525,-0.07379562,0.6325105,-34.83007,-14.18222,-34.54612
50.038048744,-13.50358,-1.279799,-5.000863,0.7664411,-0.09061822,0.6298785,-34.83007,-14.18222,-34.54612
50.047961235,-17.40568,-1.338051,-5.553129,0.7676558,-0.1182877,0.6205598,-34.83007,-14.18222,-34.54612
50.057873249,-20.50258,-1.571059,-5.859943,0.7706314,-0.138717,0.6007097,-34.83007,-14.18222,-34.54612
50.067785263,-22.67041,-1.978823,-5.491766,0.7648755,-0.1509275,0.5973206,-34.8287,-14.18065,-34.16065
50.077697277,-24.52855,-2.386586,-5.184951,0.7575185,-0.1593238,0.5853286,-34.8287,-14.18065,-34.16065
50.090087891,-26.44864,-3.318618,-5.859943,0.7465903,-0.1739334,0.5992571,-34.8287,-14.18065,-34.16065
50.099999905,-26.75833,-3.027358,-5.98266900000002,0.751003,-0.1836281,0.5890682,-34.8287,-14.18065,-34.16065
50.109911919,-25.70538,-2.736098,-5.92130599999998,0.7279281,-0.1864037,0.5767791,-34.8287,-14.18065,-34.16065
50.119823933,-24.40468,-3.37687,-5.92130599999998,0.7243907,-0.1796769,0.5734955,-34.83007,-14.18222,-34.54612
50.129735947,-22.85623,-4.774917,-6.289484,0.7319869,-0.1821362,0.5484406,-34.83007,-14.18222,-34.54612
50.139648438,-20.62646,-6.988491,-6.47357199999998,0.7342024,-0.1856395,0.5219882,-34.83007,-14.18222,-34.54612
50.149560452,-17.96312,-10.30885,-6.65766099999999,0.7287858,-0.1910926,0.5119185,-34.83007,-14.18222,-34.54612
50.159472466,-15.29979,-14.44474,-6.78038700000001,0.7293233,-0.1988661,0.5075403,-34.83007,-14.18222,-34.54612
50.169384003,-11.95513,-18.40588,-6.47357199999998,0.7391055,-0.204108,0.5016531,-34.45742,-14.18402,-34.99778
50.17929697,-9.22985600000001,-22.25051,-6.78038700000001,0.7425823,-0.2045248,0.5064198,-34.45742,-14.18402,-34.99778
50.189208984,-7.61946700000001,-26.26989,-7.63946799999999,0.7276816,-0.1916583,0.4989607,-34.45742,-14.18402,-34.99778
50.199120998,-6.69039600000003,-30.52228,-8.19173300000002,0.7221689,-0.1820395,0.4971551,-34.45742,-14.18402,-34.99778
50.209032536,-6.87620999999998,-34.42516,-8.86672600000002,0.7125928,-0.1696215,0.483882,-34.45742,-14.18402,-34.99778
50.21894455,-7.80528100000003,-38.26979,-9.66444299999998,0.7229913,-0.1540637,0.467084,-35.58829,-13.43309,-34.54453
50.228857517,-8.73435200000001,-41.24064,-10.70761,0.7520332,-0.131899,0.4640821,-35.58829,-13.43309,-34.54453
50.238769531,-10.96412,-44.26974,-12.18032,0.7640089,-0.1252853,0.4952257,-35.58829,-13.43309,-34.54453
50.248681068,-12.94614,-46.0173,-14.45075,0.7697967,-0.1191513,0.5422685,-35.58829,-13.43309,-34.54453
50.258593082,-14.74234,-46.0173,-16.59845,0.8014637,-0.1200285,0.5775015,-35.58829,-13.43309,-34.54453
50.26850605,-15.23785,-44.21149,-18.0098,0.8355736,-0.1228273,0.6102984,-35.21104,-13.42966,-33.7113
50.278418064,-14.12296,-42.11442,-19.1757,0.8542609,-0.1401,0.6004073,-35.21104,-13.42966,-33.7113
50.288329601,-11.45963,-41.12414,-20.1575,0.8506169,-0.15538,0.5609662,-35.21104,-13.42966,-33.7113
50.298241615,-7.49559099999998,-42.40568,-21.3234,0.8512796,-0.1599221,0.5249179,-35.21104,-13.42966,-33.7113
50.308153629,-2.788299,-44.61926,-21.63021,0.8468526,-0.1692592,0.5114523,-35.21104,-13.42966,-33.7113
50.318066597,1.857055,-46.30856,-21.93703,0.8489568,-0.1647673,0.5311491,-37.07613,-13.42275,-31.96696
50.327978134,4.830081,-46.30856,-23.04156,0.8459897,-0.1516506,0.543268,-37.07613,-13.42275,-31.96696
50.337890148,5.573338,-45.95905,-24.39154,0.8518618,-0.1152377,0.5386547,-37.07613,-13.42275,-31.96696
50.347802162,6.44047100000002,-45.08527,-25.86425,0.8601711,-0.09635903,0.5127751,-37.07613,-13.42275,-31.96696
50.35771513,4.644268,-44.67751,-26.47788,0.8689857,-0.08307113,0.5295876,-37.07613,-13.42275,-31.96696
50.37010479,-2.41667,-44.79401,-27.45969,0.8836116,-0.06095863,0.5512068,-37.81222,-13.78878,-29.84184
50.380016804,-10.53056,-43.68723,-27.64378,0.9073948,-0.07367247,0.5667474,-37.81222,-13.78878,-29.84184
50.389928818,-17.2818,-40.36686,-27.64378,0.9240723,-0.07733925,0.567529,-37.81222,-13.78878,-29.84184
50.399840832,-22.42266,-37.0465,-28.50286,0.9142631,-0.09211151,0.5473546,-37.81222,-13.78878,-29.84184
50.409753323,-24.59049,-34.59992,-28.9324,0.9107205,-0.1092899,0.5155826,-38.54644,-14.5328,-28.55075
50.419665337,-26.57251,-33.02712,-29.54603,0.9154374,-0.1117576,0.4958359,-38.54644,-14.5328,-28.55075
50.429577351,-27.81127,-31.1048,-29.66875,0.9168234,-0.1293423,0.4673767,-38.54644,-14.5328,-28.55075
50.439489365,-29.11197,-30.17277,-28.56422,0.9004844,-0.1345282,0.4415647,-38.54644,-14.5328,-28.55075
50.449401856,-28.74034,-30.46403,-27.03015,0.8738896,-0.1427631,0.4134265,-38.54644,-14.5328,-28.55075
50.45931387,-27.74933,-31.86208,-26.04834,0.8795961,-0.1330173,0.4091172,-38.91909,-14.531,-28.09909
50.469225884,-27.06802,-32.5611,-25.86425,0.8960056,-0.1241406,0.3984611,-38.91909,-14.531,-28.09909
50.479137898,-27.3777,-33.20187,-25.92562,0.9103536,-0.1002214,0.3951266,-38.91909,-14.531,-28.09909
50.489050388,-29.91717,-33.43488,-26.60061,0.9032886,-0.08676282,0.3895197,-38.91909,-14.531,-28.09909
50.498962402,-33.01406,-33.72614,-26.96878,0.9050463,-0.07513407,0.383819,-38.91909,-14.531,-28.09909
50.508874416,-36.42066,-33.95915,-27.09151,0.9287006,-0.08157364,0.3941209,-38.53378,-14.89851,-26.36528
50.51878643,-39.20787,-33.08537,-27.52105,0.9363817,-0.09495993,0.4122066,-38.53378,-14.89851,-26.36528
50.528698444,-40.13694,-31.80383,-28.01195,0.943944,-0.1049934,0.4226334,-38.53378,-14.89851,-26.36528
50.538610935,-40.50857,-29.76501,-28.07332,0.9563316,-0.1018284,0.4422264,-38.53378,-14.89851,-26.36528
50.548522949,-40.19888,-26.67765,-29.11649,0.9549187,-0.0910869,0.4600768,-38.53378,-14.89851,-26.36528
50.558434963,-37.16392,-23.12428,-29.85284,0.9352587,-0.1160145,0.4687355,-39.64548,-15.64622,-25.97166
50.568346977,-31.65143,-20.09518,-31.50964,0.9347231,-0.1038498,0.4784246,-39.64548,-15.64622,-25.97166
50.578259468,-27.06802,-17.5321,-32.85962,0.9302641,-0.06954937,0.46525,-39.64548,-15.64622,-25.97166
50.588171482,-25.02406,-16.83307,-33.84143,0.9262298,-0.0377153,0.4429319,-39.64548,-15.64622,-25.97166
50.598083496,-25.02406,-17.59035,-33.78007,0.9418593,-0.06728444,0.4065785,-39.64548,-15.64622,-25.97166
50.60799551,-25.02406,-18.05636,-31.63236,0.9544276,-0.1279279,0.369086,-39.63902,-16.01899,-25.5208
50.617907524,-23.7853,-18.40588,-28.99376,0.944375,-0.1830663,0.3255974,-39.63902,-16.01899,-25.5208
50.627820015,-19.57351,-19.45441,-25.92562,0.935369,-0.2410836,0.2854411,-39.63902,-16.01899,-25.5208
50.637732029,-13.6894,-20.38644,-22.85747,0.9257735,-0.2601348,0.2810815,-39.63902,-16.01899,-25.5208
50.650121689,-6.814272,-21.90099,-18.13253,0.9267913,-0.2605897,0.2844301,-39.63902,-16.01899,-25.5208
50.660033703,-3.593493,-23.00778,-13.83712,0.9378432,-0.2332328,0.2974744,-39.62447,-17.14277,-25.51734
50.66994667,-1.611476,-23.88156,-9.90989499999997,0.9487632,-0.1981397,0.3067303,-39.62447,-17.14277,-25.51734
50.679858684,-1.363724,-24.75534,-6.84175,0.9537026,-0.1783008,0.2871303,-39.62447,-17.14277,-25.51734
50.689770222,-0.806281,-26.38639,-3.89633,0.9426183,-0.1698253,0.265202,-39.62447,-17.14277,-25.51734
50.699682236,-0.1249625,-29.00773,-1.625903,0.9187369,-0.1464308,0.2526144,-39.62447,-17.14277,-25.51734
50.709595203,-0.1869005,-31.74557,0.2763473,0.9118576,-0.1092214,0.2452434,-39.99574,-17.1394,-24.68021
50.719506741,-1.549538,-34.65817,1.933146,0.9331418,-0.09004729,0.2451743,-39.99574,-17.1394,-24.68021
50.729418755,-4.088998,-36.17272,4.019485,0.9609087,-0.07072799,0.2575303,-39.99574,-17.1394,-24.68021
50.739330769,-7.80528100000003,-35.93972,6.16718700000003,0.9814956,-0.06020056,0.2746958,-39.99574,-17.1394,-24.68021
50.749242783,-11.64544,-34.71642,8.06943700000002,1.000899,-0.06222718,0.3047528,-39.99574,-17.1394,-24.68021
50.759155273,-15.60948,-32.50285,9.787598,1.011032,-0.0585058,0.3435767,-39.98954,-17.13234,-22.94561
50.769067287,-19.20188,-28.83298,11.19895,1.020359,-0.06787834,0.3837613,-39.98954,-17.13234,-22.94561
50.778979301,-21.30778,-23.99806,12.48757,1.037488,-0.08252973,0.4156758,-39.98954,-17.13234,-22.94561
50.788891315,-21.49359,-18.11462,13.1012,1.038279,-0.09261005,0.4333672,-39.98954,-17.13234,-22.94561
50.798803806,-19.13994,-11.99816,13.16256,1.043007,-0.1167746,0.4370038,-39.98954,-17.13234,-22.94561
50.80871582,-14.37072,-6.46422299999998,12.73302,1.044657,-0.1391002,0.4286771,-40.74291,-16.75781,-22.94287
50.818627834,-7.24783800000001,-1.745815,12.11939,1.029855,-0.1505728,0.4023288,-40.74291,-16.75781,-22.94287
50.828539848,0.742170199999999,1.516295,11.01486,1.009492,-0.1446468,0.3785488,-40.74291,-16.75781,-22.94287
50.838451862,8.17473599999999,4.079382,9.54214699999998,0.9933969,-0.1260514,0.3567342,-40.74291,-16.75781,-22.94287
50.848364353,14.12079,5.419177,8.19216299999999,0.979179,-0.1045459,0.3306002,-40.74291,-16.75781,-22.94287
50.858276367,17.58932,6.40946000000002,6.22854899999998,0.9782481,-0.07990399,0.3163683,-42.24318,-16.3815,-22.48652
50.868188381,18.76614,6.87547600000002,4.449025,0.9709266,-0.04950565,0.3055949,-42.24318,-16.3815,-22.48652
50.878100395,17.27963,6.99197999999999,2.608138,0.9651412,-0.03027246,0.2884908,-42.24318,-16.3815,-22.48652
50.888012886,14.05885,6.87547600000002,1.074065,0.970879,-0.02148606,0.2860955,-42.24318,-16.3815,-22.48652
50.8979249,9.66124900000002,6.75897199999999,-0.214556,0.9678683,-0.0220506,0.2779569,-42.24318,-16.3815,-22.48652
50.907836914,5.325586,7.28324000000001,-1.503177,0.9640082,-0.02304838,0.2818272,-41.86755,-16.3799,-22.103
50.917748928,1.609303,7.224988,-2.546346,0.9558208,-0.03430695,0.2808676,-41.86755,-16.3799,-22.103
50.927661419,-1.177909,7.28324000000001,-3.528153,0.9391946,-0.04524765,0.2679842,-41.86755,-16.3799,-22.103
50.940051556,-3.159927,6.23470400000003,-4.694048,0.926612,-0.05899758,0.2646479,-41.86755,-16.3799,-22.103
50.94996357,-3.283803,5.186169,-5.062225,0.9287117,-0.06816652,0.2679285,-41.86755,-16.3799,-22.103
50.959875584,-3.097989,4.836657,-5.36904,0.9308925,-0.08948841,0.2648853,-41.49466,-16.38144,-22.49042
50.969788074,-2.602484,4.661901,-5.307677,0.9300176,-0.09481288,0.2686992,-41.49466,-16.38144,-22.49042
50.979700088,-1.611476,4.487145,-4.755411,0.9404641,-0.1102013,0.2680199,-41.49466,-16.38144,-22.49042
50.989612103,-0.001086392,5.069665,-3.957693,0.9446119,-0.1217368,0.2775079,-41.49466,-16.38144,-22.49042
50.999524117,1.671241,5.535681,-3.159976,0.942676,-0.1271167,0.2731685,-41.49466,-16.38144,-22.49042
51.009436131,3.095816,5.710437,-1.99408,0.9406729,-0.1252146,0.2707989,-41.49627,-16.38327,-22.94013
51.019348621,4.086825,5.710437,-1.135,0.9317273,-0.115156,0.2685478,-41.49627,-16.38327,-22.94013
51.029260635,4.086825,5.127917,-0.3986447,0.9301392,-0.1049935,0.2686302,-41.49627,-16.38327,-22.94013
51.039172649,3.777135,4.370642,0.3377102,0.9379818,-0.1029343,0.2728929,-41.49627,-16.38327,-22.94013
51.049084663,3.591321,3.846374,0.889976299999999,0.945936,-0.1135,0.2732291,-41.49627,-16.38327,-22.94013
51.058997154,4.148763,4.079382,1.074065,0.9488376,-0.1042117,0.2809466,-41.88023,-15.63411,-22.94049
51.068909168,4.830081,4.137634,1.196791,0.9455721,-0.1149044,0.2837866,-41.88023,-15.63411,-22.94049
51.078821182,5.5114,3.496862,1.258154,0.941293,-0.1139207,0.2967969,-41.88023,-15.63411,-22.94049
51.088733196,6.254657,2.739586,1.319517,0.9431474,-0.1095587,0.2920073,-41.88023,-15.63411,-22.94049
51.09864521,6.750161,1.865807,1.258154,0.9533756,-0.09676798,0.3030415,-41.88023,-15.63411,-22.94049
51.108557701,6.750161,1.807555,1.196791,0.953283,-0.08364546,0.3093719,-41.49627,-16.38327,-22.94013
51.118469715,6.87403699999997,1.691051,1.442243,0.957588,-0.07729869,0.3074537,-41.49627,-16.38327,-22.94013
51.128381729,6.56434699999999,2.040563,1.626331,0.9569677,-0.06712921,0.3065669,-41.49627,-16.38327,-22.94013
51.138293743,6.62628499999997,2.215319,1.319517,0.9544455,-0.06476108,0.3018044,-41.49627,-16.38327,-22.94013
51.148206234,6.254657,2.623082,1.319517,0.9496156,-0.06479123,0.3076108,-41.49627,-16.38327,-22.94013
51.158118248,5.573338,3.263854,0.951339199999998,0.9441727,-0.06391647,0.3023852,-40.74776,-16.38321,-22.94402
51.168030262,4.706205,3.43861,0.6445247,0.9406585,-0.05912889,0.2990885,-40.74776,-16.38321,-22.94402
51.177942276,3.405506,3.555114,0.2763473,0.93422,-0.0538853,0.2972623,-40.74776,-16.38321,-22.94402
51.187854767,1.980931,2.914342,0.2149844,0.9366763,-0.05238528,0.3001305,-40.74776,-16.38321,-22.94402
51.197766781,0.866046300000002,3.14735,0.2763473,0.9422173,-0.06394076,0.3024031,-40.74776,-16.38321,-22.94402
51.207678795,0.3705419,3.496862,0.1536215,0.9438575,-0.07846633,0.3022912,-40.73967,-17.13423,-23.39143
51.220068455,0.3705419,4.02113,0.2149844,0.9435743,-0.09446292,0.3036277,-40.73967,-17.13423,-23.39143
51.229981422,0.866046300000002,3.962878,0.1536215,0.9440908,-0.09883273,0.301193,-40.73967,-17.13423,-23.39143
51.23989296,1.361551,3.613366,0.3990731,0.9493521,-0.09150933,0.2983122,-40.73967,-17.13423,-23.39143
51.249804974,1.918993,2.914342,0.6445247,0.9409275,-0.09362308,0.2849316,-41.49142,-16.75787,-22.93898
51.259716988,2.228683,2.215319,0.705887599999999,0.9357682,-0.0796783,0.2749889,-41.49142,-16.75787,-22.93898
51.269629002,1.671241,1.283287,0.828613499999998,0.9249005,-0.06913882,0.2766001,-41.49142,-16.75787,-22.93898
51.279541493,0.618294100000002,0.46776,0.828613499999998,0.9258786,-0.06668742,0.2794883,-41.49142,-16.75787,-22.93898
51.289453507,-0.806281,0.001744238,0.828613499999998,0.9294214,-0.07097238,0.2861492,-41.49142,-16.75787,-22.93898
51.299365521,-1.859228,-0.1730116,0.951339199999998,0.9349569,-0.07960382,0.2913223,-41.12848,-16.01048,-23.39294
51.309277535,-2.664423,-0.05650773,1.258154,0.9404514,-0.08191514,0.2998989,-41.12848,-16.01048,-23.39294
51.319190025,-2.912175,0.293004,1.319517,0.9419796,-0.08869421,0.297919,-41.12848,-16.01048,-23.39294
51.329102039,-2.974113,0.409508,1.503605,0.9400401,-0.09212479,0.2955133,-41.12848,-16.01048,-23.39294
51.339014053,-2.664423,-0.1730116,1.442243,0.9405254,-0.0955352,0.2911646,-41.12848,-16.01048,-23.39294
51.348926067,-1.79729,-0.639027300000002,1.442243,0.9390383,-0.09507626,0.289741,-41.12363,-16.38507,-23.39179
51.358838558,-0.9301572,-0.813783199999999,1.503605,0.9370117,-0.08830836,0.2907651,-41.12363,-16.38507,-23.39179
51.368750572,-0.5585288,-0.8720351,1.442243,0.9340686,-0.0776182,0.3023873,-41.12363,-16.38507,-23.39179
51.378662586,-0.744343000000003,-0.8720351,1.442243,0.9404331,-0.07460757,0.30667,-41.12363,-16.38507,-23.39179
51.3885746,-0.992095199999997,-0.2895156,1.442243,0.9424924,-0.08038295,0.3099736,-41.12363,-16.38507,-23.39179
51.398486614,-1.301785,-0.1147597,1.442243,0.9425102,-0.08476392,0.3065831,-41.49788,-16.3851,-23.38984
51.408399105,-1.79729,-0.1730116,1.258154,0.941894,-0.0794704,0.300382,-41.49788,-16.3851,-23.38984
51.418311119,-1.673414,-0.5225234,1.319517,0.9432738,-0.07754613,0.29414,-41.49788,-16.3851,-23.38984
51.428223133,-2.292794,-0.988539100000001,1.319517,0.9437061,-0.06537437,0.30286,-41.49788,-16.3851,-23.38984
51.438135147,-2.912175,-1.163295,1.442243,0.9550368,-0.0725066,0.3027076,-41.49788,-16.3851,-23.38984
51.448047638,-3.283803,-0.813783199999999,1.626331,0.9497501,-0.07398956,0.309949,-40.73967,-17.13423,-23.39143
51.457959652,-3.159927,-0.4060195,1.442243,0.9465568,-0.08659592,0.3175771,-40.73967,-17.13423,-23.39143
51.467871666,-3.283803,-0.4060195,1.38088,0.9513748,-0.08803543,0.3088802,-40.73967,-17.13423,-23.39143
51.47778368,-3.159927,-0.5225234,1.074065,0.9505226,-0.0923725,0.3160615,-40.73967,-17.13423,-23.39143
51.487696171,-2.974113,-0.3477675,0.767250500000003,0.9558881,-0.09377536,0.3131215,-40.73967,-17.13423,-23.39143
51.500086308,-2.478608,-0.639027300000002,0.460436,0.9523352,-0.09193476,0.3026032,-41.12687,-16.00865,-22.94323
51.509998322,-2.912175,-0.8720351,0.0922585699999997,0.9448597,-0.07844145,0.3046829,-41.12687,-16.00865,-22.94323
51.519910336,-3.655432,-1.105043,0.3377102,0.9454309,-0.07790472,0.313324,-41.12687,-16.00865,-22.94323
51.529822827,-4.150936,-1.163295,0.2763473,0.9411349,-0.0891249,0.3104081,-41.12687,-16.00865,-22.94323
51.539734841,-4.33675,-1.046791,0.3990731,0.9421754,-0.09395814,0.3108464,-41.12687,-16.00865,-22.94323
51.549646855,-3.965122,-0.930287099999998,0.583161800000002,0.9496232,-0.1030756,0.3111969,-41.12363,-16.38507,-23.39179
51.559558868,-3.779308,-0.8720351,0.2763473,0.9594476,-0.101954,0.3168754,-41.12363,-16.38507,-23.39179
51.569471359,-3.531555,-0.639027300000002,0.3990731,0.9507328,-0.1107997,0.3149764,-41.12363,-16.38507,-23.39179
51.579383373,-2.726361,-0.755531299999998,0.460436,0.9437422,-0.1085219,0.3035325,-41.12363,-16.38507,-23.39179
51.589295387,-2.230856,-0.988539100000001,0.583161800000002,0.9456229,-0.1051219,0.3001766,-41.12363,-16.38507,-23.39179
51.599207401,-1.673414,-1.221547,0.460436,0.9401559,-0.0964548,0.3017254,-41.13171,-15.63405,-22.94438
51.609119415,-1.549538,-1.338051,0.6445247,0.9417159,-0.09394892,0.3137316,-41.13171,-15.63405,-22.94438
51.619031906,-1.301785,-1.105043,0.705887599999999,0.9397146,-0.0983873,0.3041174,-41.13171,-15.63405,-22.94438
51.62894392,-0.9301572,-1.046791,0.828613499999998,0.9377182,-0.09209145,0.3075389,-41.13171,-15.63405,-22.94438
51.638855934,-0.806281,-1.338051,0.583161800000002,0.9342525,-0.08971763,0.3061463,-41.13171,-15.63405,-22.94438
51.648767948,-1.239847,-1.454555,0.3990731,0.9346359,-0.09366889,0.2912315,-40.37674,-16.00676,-22.49741
51.658680439,-1.301785,-1.920571,-0.09183015,0.9454243,-0.09839596,0.2886995,-40.37674,-16.00676,-22.49741
51.668592453,-0.682404900000003,-1.862319,-0.4600076,0.9498218,-0.09444004,0.2930066,-40.37674,-16.00676,-22.49741
51.678504467,-0.682404900000003,-1.687563,-0.582733500000001,0.9455582,-0.093936,0.306974,-40.37674,-16.00676,-22.49741
51.688416481,-0.8682191,-2.21183,-0.4600076,0.9451166,-0.09830776,0.3064688,-40.37674,-16.00676,-22.49741
51.698328972,-0.4346527,-2.386586,-0.4600076,0.9464549,-0.09250261,0.3007332,-41.13332,-15.63588,-23.3941
51.708240986,0.43248,-2.561342,-0.889547900000002,0.9420602,-0.09792055,0.2949758,-41.13332,-15.63588,-23.3941
51.718153,1.485427,-2.79435,-1.380451,0.9381149,-0.09798697,0.2916508,-41.13332,-15.63588,-23.3941
51.728065014,1.857055,-2.969106,-1.99408,0.9453285,-0.08625066,0.2935829,-41.13332,-15.63588,-23.3941
51.737977505,1.980931,-3.609878,-2.362258,0.95208,-0.07840896,0.2935727,-41.13332,-15.63588,-23.3941
51.747889519,1.299613,-3.668129,-2.423621,0.9667571,-0.07626978,0.2968123,-41.88023,-15.63411,-22.94049
51.757801533,0.618294100000002,-3.726381,-2.423621,0.963413,-0.08944245,0.2890729,-41.88023,-15.63411,-22.94049
51.767713547,0.3086039,-3.435122,-2.055443,0.948675,-0.08771095,0.2844191,-41.88023,-15.63411,-22.94049
51.78010416,-0.1869005,-3.959389,-1.687266,0.936269,-0.07283673,0.2841528,-41.88023,-15.63411,-22.94049
51.790015697,-0.744343000000003,-4.308901,-1.932717,0.9337009,-0.05878517,0.2885916,-41.88023,-15.63411,-22.94049
51.799927711,-1.611476,-3.784633,-2.055443,0.9432083,-0.06587289,0.3014207,-41.13171,-15.63405,-22.94438
51.809839725,-2.292794,-2.50309,-2.055443,0.9556512,-0.07682544,0.3098756,-41.13171,-15.63405,-22.94438
51.819751739,-2.354732,-1.163295,-1.871354,0.953896,-0.08991621,0.314126,-41.13171,-15.63405,-22.94438
51.82966423,-2.10698,-0.1730116,-1.625903,0.9505605,-0.09966987,0.3112109,-41.13171,-15.63405,-22.94438
51.839576244,-0.9301572,0.1765001,-1.687266,0.9450223,-0.1003081,0.2949325,-41.13171,-15.63405,-22.94438
51.849488258,0.494418,0.1765001,-1.932717,0.9395985,-0.09649654,0.2950081,-40.74615,-16.38138,-22.49431
51.859400272,1.299613,-0.4060195,-1.809992,0.9397819,-0.08494207,0.278758,-40.74615,-16.38138,-22.49431
51.869312763,1.175737,-1.105043,-1.871354,0.9346386,-0.06903775,0.2726694,-40.74615,-16.38138,-22.49431
51.879224777,0.3705419,-1.978823,-1.56454,0.9467845,-0.06502288,0.2697029,-40.74615,-16.38138,-22.49431
51.889136791,-1.425662,-2.153579,-0.889547900000002,0.9670835,-0.0704946,0.2877247,-40.74615,-16.38138,-22.49431
51.899048805,-3.221865,-1.279799,-0.09183015,0.9762828,-0.09066506,0.3028703,-41.49627,-16.38327,-22.94013
51.908961296,-5.141944,0.409508,1.074065,0.9859331,-0.1088979,0.3165842,-41.49627,-16.38327,-22.94013
51.91887331,-5.637449,1.691051,1.994509,0.9685051,-0.1275641,0.3118194,-41.49627,-16.38327,-22.94013
51.928785324,-4.894192,2.390074,2.23996,0.9600991,-0.1238145,0.3071206,-41.49627,-16.38327,-22.94013
51.938697338,-3.469617,1.691051,1.994509,0.9412899,-0.1148979,0.29535,-41.49627,-16.38327,-22.94013
51.948609829,-2.168918,0.5842639,1.687694,0.9356253,-0.105358,0.2786604,-41.50597,-15.63408,-22.94244
51.958521843,-1.239847,-0.755531299999998,1.503605,0.9351128,-0.1058642,0.2757808,-41.50597,-15.63408,-22.94244
51.968433857,-0.6204669,-1.396303,1.503605,0.9355839,-0.106843,0.272889,-41.50597,-15.63408,-22.94244
51.978345871,-0.5585288,-1.804067,1.503605,0.9380112,-0.102919,0.2757736,-41.50597,-15.63408,-22.94244
51.988257885,-1.115971,-2.095326,1.442243,0.9528205,-0.100711,0.2919767,-41.50597,-15.63408,-22.94244
51.998170376,-2.41667,-1.396303,1.564968,0.9623083,-0.1024431,0.3091632,-41.12526,-16.00682,-22.49352
52.00808239,-2.850237,-0.6972793,1.749057,0.9618396,-0.1107314,0.3014297,-41.12526,-16.00682,-22.49352
52.017994404,-2.354732,-0.3477675,1.81042,0.9502448,-0.1220248,0.3019419,-41.12526,-16.00682,-22.49352
52.027906418,-0.6204669,-0.1730116,1.749057,0.9437209,-0.1182891,0.2900232,-41.12526,-16.00682,-22.49352
52.037818909,1.361551,-0.5225234,1.442243,0.9357837,-0.1062512,0.2930577,-41.12526,-16.00682,-22.49352
52.047730923,2.786126,-0.755531299999998,0.951339199999998,0.9340714,-0.09517775,0.2821037,-41.13171,-15.63405,-22.94438
52.060121059,3.529382,-1.338051,0.583161800000002,0.9434448,-0.09599374,0.2892139,-41.13171,-15.63405,-22.94438
52.070033073,3.901011,-1.279799,0.2763473,0.9468344,-0.09694375,0.2848549,-41.13171,-15.63405,-22.94438
52.079945564,3.901011,-1.396303,-0.09183015,0.9536512,-0.0900436,0.2901195,-41.13171,-15.63405,-22.94438
52.089857578,3.467444,-1.396303,-0.3986447,0.958527,-0.0909652,0.2876675,-41.49466,-16.38144,-22.49042
52.099769592,2.66225,-1.221547,-0.644096300000003,0.9564999,-0.08127071,0.2920722,-41.49466,-16.38144,-22.49042
52.109681606,1.361551,-1.105043,-0.2759189,0.9589534,-0.07294282,0.3026685,-41.49466,-16.38144,-22.49042
52.119594097,0.3086039,-0.8720351,-0.3986447,0.95608,-0.07880186,0.3016957,-41.49466,-16.38144,-22.49042
52.129506111,0.1847278,-0.3477675,-0.09183015,0.947727,-0.07990271,0.2964839,-41.49466,-16.38144,-22.49042
52.139418125,0.43248,0.001744238,-0.03046724,0.9488121,-0.09300545,0.291585,-41.87377,-16.00688,-22.48962
52.149330139,1.485427,0.5260119,-0.4600076,0.9622282,-0.1015092,0.3024479,-41.87377,-16.00688,-22.48962
52.15924263,3.529382,1.05028,-0.950910899999997,0.951915,-0.1133685,0.2842183,-41.87377,-16.00688,-22.48962
52.169154644,5.263648,0.5842639,-1.135,0.9206802,-0.08422205,0.2765386,-41.87377,-16.00688,-22.48962
52.179066658,5.077834,-1.046791,-1.196362,0.9201673,-0.06107429,0.25365,-41.87377,-16.00688,-22.48962
52.188978672,3.467444,-2.095326,-1.196362,0.9428108,-0.06559192,0.2630137,-41.12041,-16.38141,-22.49236
52.198891163,1.918993,-0.988539100000001,-0.3986447,0.9603476,-0.08954769,0.2761363,-41.12041,-16.38141,-22.49236
52.208803177,0.2466658,0.5842639,0.3377102,0.9625777,-0.09767315,0.2933472,-41.12041,-16.38141,-22.49236
52.218715191,-0.992095199999997,1.283287,0.6445247,0.9528409,-0.1011882,0.2934139,-41.12041,-16.38141,-22.49236
52.228627205,-0.806281,0.817271699999998,0.3990731,0.9503646,-0.1051376,0.2857279,-41.12041,-16.38141,-22.49236
52.238539696,0.1227897,0.5260119,-0.03046724,0.9553013,-0.09919824,0.2972456,-41.48844,-16.75447,-22.1038
52.24845171,1.175737,0.409508,-0.3372818,0.9508424,-0.09635687,0.294905,-41.48844,-16.75447,-22.1038
52.258363724,2.66225,0.1765001,-0.644096300000003,0.9446638,-0.07854337,0.2854776,-41.48844,-16.75447,-22.1038
52.268275738,3.405506,-0.3477675,-0.828185100000001,0.9439533,-0.06451847,0.2802959,-41.48844,-16.75447,-22.1038
52.278187752,2.97194,-0.4642715,-1.012274,0.9553236,-0.06919106,0.2868819,-41.48844,-16.75447,-22.1038
52.288100243,2.476436,0.1182482,-0.950910899999997,0.9558338,-0.07014947,0.2878311,-41.49466,-16.38144,-22.49042
52.298012257,1.485427,1.108532,-1.380451,0.9378567,-0.08007257,0.2874511,-41.49466,-16.38144,-22.49042
52.307924271,0.927984400000002,1.632799,-1.809992,0.9276546,-0.08309356,0.2904062,-41.49466,-16.38144,-22.49042
52.317836285,0.1847278,1.749303,-2.239532,0.9294846,-0.07874436,0.2832159,-41.49466,-16.38144,-22.49042
52.327748776,-0.4346527,2.157067,-2.484983,0.9382343,-0.07817318,0.2788174,-41.49466,-16.38144,-22.49042
52.33766079,-0.744343000000003,2.390074,-3.098613,0.9478437,-0.0900859,0.2959348,-41.12041,-16.38141,-22.49236
52.350050449,-0.1249625,2.506578,-3.282701,0.9453852,-0.1037822,0.2785806,-41.12041,-16.38141,-22.49236
52.359962463,0.5563561,1.458043,-3.46679,0.9439912,-0.1086407,0.2800016,-41.12041,-16.38141,-22.49236
52.369875431,1.547365,-0.1147597,-3.282701,0.9467676,-0.1033199,0.2708884,-41.12041,-16.38141,-22.49236
52.379786968,2.104807,-1.279799,-3.405427,0.9608468,-0.09246311,0.2737115,-41.12041,-16.38141,-22.49236
52.389698982,1.795117,-1.396303,-3.098613,0.9776395,-0.09216747,0.2903637,-40.74615,-16.38138,-22.49431
52.399610996,0.5563561,-0.3477675,-2.484983,0.9787209,-0.097955,0.2936762,-40.74615,-16.38138,-22.49431
52.409523964,0.2466658,0.642515800000001,-2.055443,0.9542751,-0.09679661,0.2953505,-40.74615,-16.38138,-22.49431
52.419435501,0.1847278,0.5260119,-2.300895,0.9315928,-0.08986011,0.285043,-40.74615,-16.38138,-22.49431
52.429347515,0.43248,-0.1730116,-2.730435,0.9326203,-0.09030982,0.2893519,-40.74615,-16.38138,-22.49431
52.439259529,0.43248,-0.2312636,-2.853161,0.9369338,-0.08590987,0.2859802,-40.74452,-16.75964,-23.39258
52.44917202,0.5563561,-0.1147597,-2.546346,0.9473286,-0.08913004,0.2945055,-40.74452,-16.75964,-23.39258
52.459084034,0.742170199999999,0.1765001,-2.300895,0.9383804,-0.0883411,0.2811491,-40.74452,-16.75964,-23.39258
52.468996048,0.989922399999999,0.001744238,-1.809992,0.934944,-0.085952,0.2826372,-40.74452,-16.75964,-23.39258
52.478908062,0.989922399999999,0.2347521,-1.073637,0.9444546,-0.09206249,0.2969133,-40.74452,-16.75964,-23.39258
52.488820553,0.618294100000002,0.700767799999999,-0.705459200000001,0.9492422,-0.0876641,0.2920968,-41.11903,-16.37984,-22.1069
52.498732567,0.3086039,1.166783,-0.644096300000003,0.9507279,-0.09007494,0.2911066,-41.11903,-16.37984,-22.1069
52.508644581,0.1227897,1.341539,-0.3372818,0.9596405,-0.09819947,0.2924106,-41.11903,-16.37984,-22.1069
52.518556595,0.618294100000002,1.225035,-0.2759189,0.9518245,-0.1095131,0.2799234,-41.11903,-16.37984,-22.1069
52.528469086,1.795117,0.642515800000001,-0.1531931,0.9457449,-0.09750184,0.2733374,-41.11903,-16.37984,-22.1069
52.5383811,2.104807,-0.5225234,-0.09183015,0.9376804,-0.08016429,0.2701664,-40.73645,-17.13057,-22.492
52.548293114,1.609303,-1.279799,0.03089567,0.9404832,-0.0650738,0.2750426,-40.73645,-17.13057,-22.492
52.558205128,0.866046300000002,-1.279799,-0.09183015,0.9482542,-0.05329575,0.283692,-40.73645,-17.13057,-22.492
52.568117142,-0.3727147,-0.580775400000001,-0.3372818,0.9508864,-0.05950909,0.2946699,-40.73645,-17.13057,-22.492
52.578029632,-1.301785,-0.2895156,-0.3372818,0.9499469,-0.0697452,0.2864477,-40.73645,-17.13057,-22.492
52.587941646,-1.673414,-0.3477675,-0.09183015,0.9407315,-0.07226161,0.2908376,-41.49142,-16.75787,-22.93898
52.59785366,-1.4876,-0.8720351,-0.214556,0.9490636,-0.07312287,0.2917151,-41.49142,-16.75787,-22.93898
52.607766151,-1.363724,-0.580775400000001,-0.5213705,0.9629236,-0.07579025,0.3050136,-41.49142,-16.75787,-22.93898
52.617678165,-1.859228,0.0599961999999999,-0.644096300000003,0.9705772,-0.06407335,0.3021399,-41.49142,-16.75787,-22.93898
52.630068302,-2.540546,1.691051,-1.196362,1.000034,-0.05193638,0.3278769,-41.49142,-16.75787,-22.93898
52.639980316,-4.274812,3.263854,0.0922585699999997,0.9594566,-0.1014615,0.3183191,-40.751,-16.00679,-22.49546
52.649892807,-2.664423,3.205602,0.828613499999998,0.9022651,-0.1533886,0.2594426,-40.751,-16.00679,-22.49546
52.659804821,2.104807,1.05028,0.767250500000003,0.8958235,-0.1230291,0.2390576,-40.751,-16.00679,-22.49546
52.669716835,4.89202,-1.046791,-0.3986447,0.9215756,-0.05864739,0.2507722,-40.751,-16.00679,-22.49546
52.679628849,3.405506,-1.396303,-1.196362,0.9626458,-0.02642703,0.2880594,-40.751,-16.00679,-22.49546
52.689540863,-0.3727147,0.5260119,-1.073637,0.9918293,-0.03272081,0.3131959,-40.74291,-16.75781,-22.94287
52.699453354,-2.850237,3.089098,-0.3986447,0.9894735,-0.06709091,0.3293141,-40.74291,-16.75781,-22.94287
52.709365368,-3.655432,3.671618,-0.09183015,0.9597331,-0.08985863,0.3111914,-40.74291,-16.75781,-22.94287
52.719277382,-2.664423,2.914342,-0.766822200000002,0.9522871,-0.09781341,0.2910407,-40.74291,-16.75781,-22.94287
52.729189396,-1.177909,2.797838,-0.950910899999997,0.9461999,-0.09507435,0.2728692,-40.74291,-16.75781,-22.94287
52.739101887,0.3705419,3.205602,-1.319088,0.9501015,-0.08722577,0.2810481,-41.48981,-16.75604,-22.48926
52.749013901,1.671241,3.380358,-1.319088,0.9481642,-0.07846009,0.2931284,-41.48981,-16.75604,-22.48926
52.758925915,1.485427,3.788122,-1.012274,0.9438072,-0.07507788,0.3013539,-41.48981,-16.75604,-22.48926
52.768837929,1.361551,3.904626,-0.705459200000001,0.9386803,-0.08623376,0.3128508,-41.48981,-16.75604,-22.48926
52.77875042,1.237675,3.788122,-0.644096300000003,0.9504723,-0.09434988,0.3088464,-41.48981,-16.75604,-22.48926
52.788662434,1.671241,3.380358,-0.5213705,0.9544523,-0.1079239,0.2995962,-41.50112,-16.00868,-22.94128
52.798574448,2.476436,3.380358,-0.2759189,0.9480516,-0.1046119,0.2991972,-41.50112,-16.00868,-22.94128
52.808486462,3.591321,3.496862,0.0922585699999997,0.9418905,-0.08825273,0.2897601,-41.50112,-16.00868,-22.94128
52.818398952,3.715197,3.43861,0.3990731,0.9369346,-0.07566553,0.2980524,-41.50112,-16.00868,-22.94128
52.828310966,3.405506,3.613366,0.951339199999998,0.933452,-0.07476392,0.2932891,-41.50112,-16.00868,-22.94128
52.83822298,3.591321,3.904626,1.319517,0.9321612,-0.07712967,0.30769,-41.12202,-16.38324,-22.94208
52.848134994,4.396515,4.137634,1.319517,0.9332877,-0.08874746,0.3085625,-41.12202,-16.38324,-22.94208
52.858047485,5.5114,4.370642,1.81042,0.9406047,-0.09598178,0.2983633,-41.12202,-16.38324,-22.94208
52.867959499,6.13078099999997,4.370642,2.178597,0.9449924,-0.09203093,0.3017102,-41.12202,-16.38324,-22.94208
52.877871513,6.44047100000002,4.137634,3.221767,0.9370055,-0.09026281,0.2878712,-41.12202,-16.38324,-22.94208
52.887783527,6.31659499999999,4.195886,3.71267,0.9459698,-0.09982388,0.2925262,-41.11717,-16.75784,-22.94092
52.897696018,7.369542,5.244421,3.958122,0.951316,-0.1141592,0.3202304,-41.11717,-16.75784,-22.94092
52.910086155,10.21869,8.04051500000001,4.203574,0.9459331,-0.1427609,0.3340142,-41.11717,-16.75784,-22.94092
52.919998169,14.12079,9.72982099999999,5.062654,0.9254999,-0.1702816,0.3119326,-41.11717,-16.75784,-22.94092
52.929909706,18.27064,7.69100299999997,6.16718700000003,0.9126826,-0.1763487,0.294725,-41.11878,-16.75967,-23.39063
52.939822674,22.48243,4.428894,7.45580799999998,0.9126777,-0.1763512,0.2942449,-41.11878,-16.75967,-23.39063
52.949734688,26.26065,1.691051,8.49897699999999,0.9136345,-0.1729354,0.2961794,-41.11878,-16.75967,-23.39063
52.959646702,29.6053,-0.930287099999998,9.84896099999999,0.9140328,-0.1737037,0.3341031,-41.11878,-16.75967,-23.39063
52.969558239,36.04686,-2.095326,11.56712,0.9379587,-0.2207292,0.3710209,-41.11878,-16.75967,-23.39063
52.979471207,45.83307,-6.34771999999997,16.53752,0.882911,-0.2818024,0.3197462,-39.62174,-16.75955,-23.39842
52.989383221,55.55735,-16.89132,21.75336,0.8286282,-0.3022468,0.2476082,-39.62174,-16.75955,-23.39842
52.999295235,62.9899099999999,-23.35729,24.26924,0.8701069,-0.2668959,0.2330553,-39.62174,-16.75955,-23.39842
53.009206772,65.9009999999998,-23.99806,26.04877,0.9047249,-0.2252972,0.2243694,-39.62174,-16.75955,-23.39842
53.01911974,64.4144800000002,-20.96896,28.19647,0.8949599,-0.1632215,0.2508018,-39.62174,-16.75955,-23.39842
53.029031754,60.32658,-17.5321,30.58962,0.8624578,-0.1091114,0.2917962,-41.47713,-17.50183,-21.65178
53.038943291,55.55735,-17.5321,32.73732,0.829528,-0.08570738,0.3028201,-41.47713,-17.50183,-21.65178
53.048855305,50.54036,-17.88161,34.7623,0.8161939,-0.06057549,0.3194362,-41.47713,-17.50183,-21.65178
53.058768272,47.19571,-17.41559,35.43729,0.8440869,-0.1014301,0.3213069,-41.47713,-17.50183,-21.65178
53.068680286,47.19571,-16.65832,36.29637,0.9012838,-0.1668129,0.2910527,-41.47713,-17.50183,-21.65178
53.078591824,50.91199,-15.78454,37.70772,0.919139,-0.1759776,0.2572154,-42.21944,-17.49483,-19.91328
53.088503838,55.12378,-14.67775,37.83044,0.969337,-0.154945,0.2655342,-42.21944,-17.49483,-19.91328
53.098416805,57.16774,-13.22145,37.95317,1.013606,-0.1374323,0.2638009,-42.21944,-17.49483,-19.91328
53.108328819,58.5923100000001,-11.8234,36.84864,1.044363,-0.1195105,0.2799613,-42.21944,-17.49483,-19.91328
53.118240356,60.2646400000003,-11.06613,35.49866,1.044719,-0.07152937,0.275476,-42.21944,-17.49483,-19.91328
53.12815237,60.6362699999999,-11.00788,34.2714,1.023979,-0.02336021,0.264465,-42.98113,-16.36954,-19.52738
53.138065338,58.7781299999997,-12.58068,32.30779,0.9784622,0.01726302,0.260355,-42.98113,-16.36954,-19.52738
53.147977352,56.11479,-14.09523,30.58962,0.9777328,0.03615623,0.2590471,-42.98113,-16.36954,-19.52738
53.157888889,52.15075,-14.736,28.93283,0.9720138,0.07005806,0.2655679,-42.98113,-16.36954,-19.52738
53.167800903,46.08083,-14.50299,26.6624,0.9610851,0.0791024,0.2594872,-42.98113,-16.36954,-19.52738
53.177713871,38.46244,-13.39621,24.08516,0.9583572,0.06063619,0.2579489,-43.36212,-15.23689,-17.34458
53.190103531,29.91499,-11.88166,21.07837,0.9438387,0.04687217,0.256551,-43.36212,-15.23689,-17.34458
53.200015545,22.54436,-10.19235,18.19431,0.9312422,0.04335895,0.2638465,-43.36212,-15.23689,-17.34458
53.209927559,16.22668,-8.91080699999998,15.49435,0.9445372,0.03674345,0.2651199,-43.36212,-15.23689,-17.34458
53.21984005,11.08582,-7.221499,12.54893,0.9578728,0.02136856,0.2600926,-43.36212,-15.23689,-17.34458
53.229752064,7.80310800000002,-6.05646000000001,9.60350899999999,0.9678385,0.001588027,0.2550671,-44.47061,-15.98095,-16.05154
53.239664078,5.573338,-5.240932,6.596727,0.9657691,0.004919068,0.247906,-44.47061,-15.98095,-16.05154
53.249576092,2.910002,-4.483657,2.730864,0.9461834,0.04246041,0.241615,-44.47061,-15.98095,-16.05154
53.259488583,-0.8682191,-3.318618,-1.932717,0.9299576,0.1004998,0.2531954,-44.47061,-15.98095,-16.05154
53.269400597,-7.86721900000001,-1.862319,-6.65766099999999,0.9296606,0.1369306,0.2668853,-44.47061,-15.98095,-16.05154
53.279312611,-17.59149,-0.639027300000002,-11.19852,0.9509562,0.1712327,0.285643,-43.73664,-14.8571,-16.05889
53.289224625,-29.17391,0.642515800000001,-14.81893,0.9842578,0.1716762,0.2910999,-43.73664,-14.8571,-16.05889
53.299137116,-41.31377,1.283287,-18.13253,1.009226,0.1627366,0.283607,-43.73664,-14.8571,-16.05889
53.30904913,-51.59548,1.924059,-21.26203,1.020828,0.1333065,0.2837838,-43.73664,-14.8571,-16.05889
53.318961144,-59.2757999999997,2.506578,-24.39154,1.020492,0.06923798,0.2713562,-43.73664,-14.8571,-16.05889
53.328873158,-64.7882900000002,2.331823,-27.58241,0.997807,0.03300656,0.2578802,-43.73664,-14.8571,-16.05889
53.338785648,-68.6284499999999,1.108532,-30.83465,0.9724084,0.02050727,0.2460278,-43.73664,-14.8571,-16.05889
53.348697662,-71.1059699999999,-1.046791,-34.20961,0.9593053,-9.443052e-05,0.231607,-43.73664,-14.8571,-16.05889
53.358609676,-73.08799,-3.959389,-37.70729,0.9408327,-0.01978315,0.2191626,-43.73664,-14.8571,-16.05889
53.36852169,-74.26481,-7.221499,-40.71408,0.9307883,-0.04467333,0.2118873,-43.73664,-14.8571,-16.05889
53.378434181,-75.5035699999997,-10.60011,-43.29132,0.9295031,-0.06606065,0.2045543,-43.74123,-14.86233,-17.34378
53.388346195,-75.8132600000002,-14.38649,-44.82539,0.9144699,-0.08716124,0.1920686,-43.74123,-14.86233,-17.34378
53.398258209,-75.4416400000003,-19.1049,-45.68447,0.9138574,-0.1313736,0.1759345,-43.74123,-14.86233,-17.34378
53.408170223,-73.8931799999998,-24.87184,-44.57994,0.9290831,-0.1772417,0.1764485,-43.74123,-14.86233,-17.34378
53.418082714,-71.8492300000003,-29.93976,-42.18679,0.959915,-0.2292763,0.1657334,-43.74123,-14.86233,-17.34378
53.427994728,-68.8142599999998,-33.60964,-39.11864,1.001715,-0.2610664,0.1992262,-43.35888,-15.61332,-17.79314
53.437906742,-64.9121599999999,-33.9009,-35.06869,1.028166,-0.317288,0.2331784,-43.35888,-15.61332,-17.79314
53.447818756,-60.51456,-31.57082,-30.46647,1.058251,-0.379698,0.2805002,-43.35888,-15.61332,-17.79314
53.457731247,-55.62146,-27.31843,-25.00517,1.080671,-0.4238355,0.3169711,-43.35888,-15.61332,-17.79314
53.470121384,-47.32175,-20.96896,-16.90527,1.085736,-0.4870884,0.3553956,-43.35888,-15.61332,-17.79314
53.480033398,-38.96012,-16.94958,-9.54171799999998,1.086029,-0.5181559,0.3475034,-42.97332,-16.36065,-17.34306
53.489945412,-28.1829,-13.45446,-3.03725,1.085704,-0.5385641,0.3396879,-42.97332,-16.36065,-17.34306
53.499857903,-13.56552,-9.26031799999999,1.749057,1.087486,-0.537167,0.3243157,-42.97332,-16.36065,-17.34306
53.509769917,4.024887,-5.240932,4.633114,1.054097,-0.5066847,0.298899,-42.97332,-16.36065,-17.34306
53.519681931,22.54436,-3.609878,6.90354199999998,1.017913,-0.4530009,0.2664604,-42.97332,-16.36065,-17.34306
53.529593945,40.81609,-3.551625,8.74442899999999,0.9909953,-0.3821397,0.2518163,-42.97171,-16.35882,-16.89335
53.539506436,56.3006,-4.600161,9.97168700000001,0.9616042,-0.31669,0.2280361,-42.97171,-16.35882,-16.89335
53.54941845,67.9449499999999,-6.69723099999998,10.83077,0.9523603,-0.2514252,0.2136715,-42.97171,-16.35882,-16.89335
53.559330463,75.5633300000002,-8.03702600000001,11.19895,0.9539701,-0.191829,0.2020497,-42.97171,-16.35882,-16.89335
53.569242477,79.1557400000002,-8.85255399999999,11.01486,0.952198,-0.1327423,0.1938169,-42.97171,-16.35882,-16.89335
53.579154968,80.1467500000003,-7.221499,9.235332,0.9810831,-0.08919572,0.200562,-43.71885,-16.35731,-16.50399
53.589066982,79.4654300000001,-5.299184,8.56033999999998,0.9992397,-0.06820804,0.1837284,-43.71885,-16.35731,-16.50399
53.598978996,77.0498499999998,-4.134145,9.235332,0.985414,-0.04479549,0.1504012,-43.71885,-16.35731,-16.50399
53.60889101,73.7671299999997,-4.425405,10.03305,0.9663821,-0.02136058,0.1339278,-43.71885,-16.35731,-16.50399
53.618803501,69.92697,-4.89142,9.29669499999999,0.960563,0.005659874,0.1226378,-43.71885,-16.35731,-16.50399
53.628715515,65.4054900000002,-5.007925,8.37625100000002,0.9567304,0.03174523,0.1132438,-43.70941,-16.72668,-15.21794
53.638627529,61.1317699999998,-4.541909,7.63989600000002,0.9527567,0.03654203,0.1128324,-43.70941,-16.72668,-15.21794
53.648539543,57.9109899999999,-4.192397,7.88534800000001,0.9490328,0.02537123,0.1180742,-43.70941,-16.72668,-15.21794
53.658452034,55.12378,-6.28946699999999,8.68306499999997,0.9248368,0.005196192,0.1191238,-43.70941,-16.72668,-15.21794
53.668364048,52.15075,-8.91080699999998,9.41941999999998,0.9302178,0.003313627,0.1171409,-43.70941,-16.72668,-15.21794
53.678276062,49.67323,-9.31857,9.91032400000003,0.9493124,0.001126493,0.1169497,-44.07261,-17.09424,-13.48024
53.688188076,48.99191,-8.85255399999999,9.787598,0.9629685,-0.02871575,0.1262278,-44.07261,-17.09424,-13.48024
53.698100567,50.47843,-7.221499,9.60350899999999,1.002511,-0.05337038,0.1386621,-44.07261,-17.09424,-13.48024
53.708012581,52.39851,-4.658412,9.97168700000001,1.025175,-0.05299931,0.1557407,-44.07261,-17.09424,-13.48024
53.717924595,51.77913,-2.270082,10.7694,1.038329,-0.03090757,0.1768932,-44.07261,-17.09424,-13.48024
53.727836609,48.99191,0.1765001,11.38303,1.035235,0.0006796391,0.1982592,-44.06316,-17.46361,-12.19419
53.7377491,44.84206,2.797838,11.32167,1.044622,0.003285226,0.2106739,-44.06316,-17.46361,-12.19419
53.747661114,40.75415,5.302673,11.13758,1.05201,-0.002448842,0.2091268,-44.06316,-17.46361,-12.19419
53.760050774,37.09981,7.28324000000001,10.40123,1.040535,0.01095002,0.2026,-44.06316,-17.46361,-12.19419
53.769963741,35.17973,7.39974399999998,9.97168700000001,1.022169,0.01545861,0.1811928,-43.68107,-17.83478,-11.3598
53.779875755,32.76414,6.46771199999997,9.48078300000003,1.01795,0.0308597,0.1693304,-43.68107,-17.83478,-11.3598
53.789787769,29.41949,5.710437,8.92851700000003,1.01079,0.03743949,0.1463929,-43.68107,-17.83478,-11.3598
53.799699306,24.89801,5.011413,8.43761400000001,1.003086,0.06349663,0.1408758,-43.68107,-17.83478,-11.3598
53.809612274,19.07583,4.894909,7.33308200000001,0.9861235,0.08896636,0.1378413,-43.68107,-17.83478,-11.3598
53.819524288,11.14776,5.244421,6.16718700000003,0.9794636,0.1214119,0.1462817,-44.43581,-17.46181,-11.74253
53.829436302,0.927984400000002,6.17645200000001,5.001291,0.9794648,0.1340954,0.1612511,-44.43581,-17.46181,-11.74253
53.839347839,-9.663423,7.51624699999999,4.264936,0.9768239,0.1029915,0.1533858,-44.43581,-17.46181,-11.74253
53.849260807,-17.90118,7.63275100000002,3.405856,0.9625031,0.0615255,0.1388372,-44.43581,-17.46181,-11.74253
53.859172821,-23.35173,6.05994799999998,2.608138,0.9363151,0.03984376,0.1346136,-44.43581,-17.46181,-11.74253
53.869084835,-27.25383,3.380358,1.81042,0.928748,0.01841571,0.1345408,-44.44066,-17.08721,-11.74369
53.878996372,-29.4836,0.642515800000001,1.687694,0.9431531,0.001149464,0.1362132,-44.44066,-17.08721,-11.74369
53.88890934,-31.03205,-0.580775400000001,2.178597,0.951596,-0.004044352,0.1428227,-44.44066,-17.08721,-11.74369
53.898821354,-32.5805,-0.4642715,2.178597,0.9508916,-0.02488985,0.1450911,-44.44066,-17.08721,-11.74369
53.908733368,-34.50058,-0.4060195,1.626331,0.9447091,-0.02829355,0.1580899,-44.44066,-17.08721,-11.74369
53.918644905,-36.1729,0.5260119,0.583161800000002,0.945872,-0.02769725,0.1768093,-43.68891,-17.46358,-12.19614
53.928557873,-38.52655,1.166783,0.03089567,0.9396597,-0.03355549,0.1840301,-43.68891,-17.46358,-12.19614
53.938469887,-41.25183,0.875523700000001,0.2149844,0.9531703,-0.06152225,0.1813181,-43.68891,-17.46358,-12.19614
53.948381901,-43.79129,-0.4642715,1.319517,0.9724476,-0.1253173,0.1744727,-43.68891,-17.46358,-12.19614
53.958293438,-43.17191,-2.095326,2.792227,1.002776,-0.1934631,0.1434883,-43.68891,-17.46358,-12.19614
53.968206406,-35.30577,-1.338051,5.430832,1.032434,-0.2580467,0.146625,-44.43903,-17.46547,-12.64196
53.97811842,-23.10398,0.933775699999999,8.62170300000002,1.013417,-0.2838639,0.1691963,-44.43903,-17.46547,-12.64196
53.988030434,-12.32676,4.079382,12.48757,0.976608,-0.2802433,0.2079735,-44.43903,-17.46547,-12.64196
53.997941971,-4.708378,6.93372799999998,15.49435,0.9714745,-0.2743295,0.2387905,-44.43903,-17.46547,-12.64196
54.007854939,2.414498,8.68128599999997,16.66024,0.9937716,-0.2817059,0.2587018,-44.43903,-17.46547,-12.64196
54.017766953,8.85605400000001,9.205554,18.50113,1.023433,-0.3138532,0.2524514,-43.33703,-15.96857,-13.03788
54.027678967,15.48343,7.45799500000003,20.58747,1.053049,-0.3538286,0.2327049,-43.33703,-15.96857,-13.03788
54.040068626,25.70321,4.02113,23.04198,1.08897,-0.3720485,0.1856759,-43.33703,-15.96857,-13.03788
54.049981117,35.42748,3.496862,23.59425,1.11238,-0.3364248,0.1736928,-43.33703,-15.96857,-13.03788
54.059893131,45.15175,6.52596399999999,23.16471,1.114811,-0.2581125,0.216446,-43.33703,-15.96857,-13.03788
54.069805145,51.22168,10.02108,22.91926,1.057513,-0.1722945,0.2607618,-44.83891,-15.59409,-13.03125
54.079717159,52.21269,12.00165,22.12154,0.9939101,-0.08775328,0.2609529,-44.83891,-15.59409,-13.03125
54.08962965,50.54036,12.75892,20.46474,0.9273541,-0.008624594,0.2529726,-44.83891,-15.59409,-13.03125
54.099541664,46.01889,12.0599,17.33524,0.8895054,0.04128394,0.2445321,-44.83891,-15.59409,-13.03125
54.109453678,38.7102,9.96283000000002,15.55571,0.8935019,0.01601118,0.2231999,-44.83891,-15.59409,-13.03125
54.119366646,30.96794,9.55506599999997,14.63527,0.9301112,-0.0355091,0.2042721,-44.83891,-15.59409,-13.03125
54.129278183,24.77413,9.78807399999997,13.96028,0.9379853,-0.06123845,0.1790596,-44.83891,-15.59409,-13.03125
54.139190197,20.43847,9.49681400000001,12.67165,0.9277259,-0.06770396,0.1723892,-44.83891,-15.59409,-13.03125
54.149102211,15.91699,8.68128599999997,11.07622,0.8966343,-0.01580436,0.1576574,-44.83891,-15.59409,-13.03125
54.159014702,10.90001,7.98226299999999,9.35805800000003,0.8873303,0.03748235,0.1710627,-44.83891,-15.59409,-13.03125
54.168926716,3.901011,7.16673599999998,9.05124299999999,0.8848369,0.05888988,0.191395,-44.48082,-14.47211,-13.48637
54.17883873,-2.726361,6.93372799999998,8.37625100000002,0.8752875,0.05205777,0.2058426,-44.48082,-14.47211,-13.48637
54.188750744,-9.60148500000001,7.34149200000003,7.33308200000001,0.8918313,0.03637465,0.2271922,-44.48082,-14.47211,-13.48637
54.198663235,-15.91917,7.51624699999999,5.614921,0.9208751,1.254317e-05,0.2511695,-44.48082,-14.47211,-13.48637
54.208575249,-19.82126,7.807507,4.326299,0.9589416,-0.06441684,0.2638326,-44.48082,-14.47211,-13.48637
54.218487263,-21.1839,7.63275100000002,2.669501,0.970771,-0.1137286,0.2629145,-45.22933,-14.47217,-13.48248
54.228399277,-20.99809,5.94344499999998,0.6445247,0.9708962,-0.1258586,0.2609119,-45.22933,-14.47217,-13.48248
54.238311768,-20.6884,4.487145,0.03089567,0.9641505,-0.1080919,0.243807,-45.22933,-14.47217,-13.48248
54.248223782,-22.29879,3.43861,-0.2759189,0.9572299,-0.1038266,0.2414986,-45.22933,-14.47217,-13.48248
54.258135796,-24.15693,2.564831,0.03089567,0.9377072,-0.09478451,0.255664,-45.22933,-14.47217,-13.48248
54.26804781,-26.20088,3.14735,0.3377102,0.913975,-0.1013079,0.2702448,-44.48727,-14.09934,-13.93723
54.277960301,-28.05902,1.807555,0.583161800000002,0.8833449,-0.1447693,0.2841631,-44.48727,-14.09934,-13.93723
54.287872315,-28.43065,-0.639027300000002,0.767250500000003,0.8744196,-0.1959153,0.259897,-44.48727,-14.09934,-13.93723
54.297784329,-24.83825,-2.037075,0.767250500000003,0.9010427,-0.2586369,0.2553916,-44.48727,-14.09934,-13.93723
54.307696343,-18.64444,-2.79435,0.951339199999998,0.917118,-0.2987059,0.2501745,-44.48727,-14.09934,-13.93723
54.320086956,-9.16791799999997,-4.600161,0.460436,0.928852,-0.2966082,0.2524807,-44.48865,-14.10091,-14.3227
54.32999897,-2.168918,-6.52247499999999,0.0922585699999997,0.9443202,-0.2701637,0.2659582,-44.48865,-14.10091,-14.3227
54.339910984,3.591321,-7.57101099999998,0.1536215,0.972671,-0.2493254,0.2893626,-44.48865,-14.10091,-14.3227
54.349822998,7.05985200000002,-8.50304200000002,1.074065,0.9893008,-0.2456999,0.2940346,-44.48865,-14.10091,-14.3227
54.359735489,9.72318700000001,-9.14381400000001,1.749057,1.007247,-0.2455491,0.279945,-44.48865,-14.10091,-14.3227
54.369647503,13.06784,-10.01759,1.749057,1.008262,-0.2582001,0.2688077,-44.4935,-13.72631,-14.32386
54.379559517,16.84606,-11.12438,1.38088,1.001933,-0.2331479,0.2531879,-44.4935,-13.72631,-14.32386
54.389472008,20.56235,-11.18263,0.3990731,0.9940114,-0.1818382,0.2560038,-44.4935,-13.72631,-14.32386
54.399384022,22.6063,-12.23117,-0.4600076,0.9739264,-0.1413814,0.2521376,-44.4935,-13.72631,-14.32386
54.409296036,22.79212,-13.2797,-1.196362,0.9661041,-0.1124588,0.2384781,-44.4935,-13.72631,-14.32386
54.41920805,21.86304,-13.80397,-0.828185100000001,0.9639289,-0.1101585,0.2197873,-45.24063,-13.7248,-13.9345
54.429120541,19.5094,-13.68747,-0.3986447,0.9630718,-0.1252298,0.213933,-45.24063,-13.7248,-13.9345
54.439032555,17.03188,-12.58068,0.5217989,0.9687823,-0.1096283,0.2168651,-45.24063,-13.7248,-13.9345
54.448944569,13.68722,-9.95934199999999,0.951339199999998,0.9529783,-0.09185724,0.2224113,-45.24063,-13.7248,-13.9345
54.458856583,10.28063,-8.15353100000001,-0.3986447,0.9478235,-0.08034918,0.2100516,-45.24063,-13.7248,-13.9345
54.468769074,7.05985200000002,-6.58072700000001,0.6445247,0.942113,-0.06449169,0.1962854,-44.4889,-13.72109,-13.03896
54.478681088,3.901011,-5.648696,1.135428,0.9459625,-0.07374336,0.1793827,-44.4889,-13.72109,-13.03896
54.488593102,0.1227897,-4.89142,1.749057,0.9646288,-0.08224652,0.1777129,-44.4889,-13.72109,-13.03896
54.498505116,-3.71737,-3.08561,2.669501,0.9619142,-0.09192531,0.1877569,-44.4889,-13.72109,-13.03896
54.508417606,-7.18590000000003,-2.153579,2.914952,0.9624899,-0.08845943,0.2002587,-44.4889,-13.72109,-13.03896
54.51832962,-10.65443,-0.8720351,3.28313,0.9663005,-0.07919469,0.2012455,-45.22474,-14.46694,-12.19758
54.528241634,-13.93715,0.293004,2.914952,0.9604262,-0.06951566,0.2119278,-45.22474,-14.46694,-12.19758
54.538153649,-17.2818,1.749303,2.23996,0.9610187,-0.06457757,0.2278005,-45.22474,-14.46694,-12.19758
54.548066139,-20.31677,3.72987,0.889976299999999,0.9629684,-0.06406848,0.2277858,-45.22474,-14.46694,-12.19758
54.557978153,-23.10398,5.477429,-0.644096300000003,0.9635739,-0.06351393,0.2397879,-45.22474,-14.46694,-12.19758
54.567890167,-24.90018,6.64246800000002,-1.503177,0.9746957,-0.09245771,0.2414128,-45.60708,-13.71595,-11.74823
54.577802181,-26.32476,7.86575900000002,-2.730435,0.9718783,-0.1075559,0.2350962,-45.60708,-13.71595,-11.74823
54.587714672,-27.31577,9.26380600000001,-3.957693,0.9759951,-0.1288636,0.2301146,-45.60708,-13.71595,-11.74823
54.600104809,-29.17391,11.30262,-5.98266900000002,0.9620721,-0.1106192,0.2289245,-45.60708,-13.71595,-11.74823
54.610016823,-31.96112,12.23466,-8.00764499999998,0.9626385,-0.07862599,0.2262514,-45.60708,-13.71595,-11.74823
54.619929314,-36.60647,12.52592,-9.90989499999997,0.9672363,-0.05091169,0.2302348,-44.85693,-14.09414,-12.6504
54.629841328,-42.36671,13.28319,-12.42577,0.973494,-0.03234692,0.2423045,-44.85693,-14.09414,-12.6504
54.639753342,-48.68439,14.27347,-15.06438,0.9956535,-0.03150223,0.2584306,-44.85693,-14.09414,-12.6504
54.649665356,-53.76331,15.96278,-17.45753,1.013817,-0.06659961,0.2719534,-44.85693,-14.09414,-12.6504
54.659577846,-56.48859,16.72006,-18.93024,1.026253,-0.1319417,0.2637206,-44.87122,-13.35018,-13.9376
54.66948986,-55.18789,16.4288,-20.46432,1.012463,-0.1772825,0.2486611,-44.87122,-13.35018,-13.9376
54.679401874,-51.47161,14.21522,-21.8143,0.9827778,-0.2063627,0.2285753,-44.87122,-13.35018,-13.9376
54.689313888,-45.83524,8.97254599999999,-22.61202,0.9608663,-0.2382978,0.2002358,-44.87122,-13.35018,-13.9376
54.699226379,-39.14594,3.788122,-23.34837,0.9624684,-0.2640628,0.1832438,-44.87122,-13.35018,-13.9376
54.709138393,-31.34174,0.001744238,-22.18248,0.9815565,-0.2760095,0.1709838,-44.11761,-14.10454,-15.22407
54.719050407,-23.7853,-1.920571,-20.21886,0.9944099,-0.2816309,0.1780298,-44.11761,-14.10454,-15.22407
54.728962421,-18.02506,-2.79435,-16.41436,0.9890852,-0.2704507,0.1963996,-44.11761,-14.10454,-15.22407
54.738874912,-13.99909,-2.79435,-13.34622,0.9763421,-0.2555036,0.2110217,-44.11761,-14.10454,-15.22407
54.748786926,-11.33575,-2.270082,-10.83034,0.9582275,-0.241108,0.2256899,-44.11761,-14.10454,-15.22407
54.75869894,-8.48660000000001,-2.386586,-8.62127400000002,0.9370162,-0.2258583,0.2255075,-44.50294,-13.35695,-15.6099
54.768610954,-5.88520100000001,-2.50309,-6.47357199999998,0.9211828,-0.2134684,0.2218952,-44.50294,-13.35695,-15.6099
54.778523445,-3.036051,-3.37687,-4.816774,0.9071353,-0.1913864,0.2130492,-44.50294,-13.35695,-15.6099
54.788435459,-1.301785,-4.075893,-3.773605,0.8989457,-0.1672846,0.205603,-44.50294,-13.35695,-15.6099
54.798347473,-0.8682191,-5.240932,-2.607709,0.9036509,-0.1526852,0.2046964,-44.50294,-13.35695,-15.6099
54.808259964,-1.735352,-6.81373500000001,-1.932717,0.9116926,-0.1395512,0.1936659,-44.49809,-13.73154,-15.60875
54.818171978,-3.221865,-7.74576700000002,-1.748629,0.9297948,-0.1310264,0.2045989,-44.49809,-13.73154,-15.60875
54.828083992,-3.841246,-8.32828599999997,-2.239532,0.9372609,-0.1367197,0.210734,-44.49809,-13.73154,-15.60875
54.837996006,-4.02706,-8.85255399999999,-3.159976,0.9407572,-0.1263947,0.2299768,-44.49809,-13.73154,-15.60875
54.847908497,-3.71737,-9.551578,-3.89633,0.9524472,-0.1243199,0.2279619,-44.49809,-13.73154,-15.60875
54.857820511,-3.221865,-10.77487,-4.509959,0.9595825,-0.1179902,0.2159341,-44.86265,-14.48076,-15.6045
54.867732525,-2.41667,-12.58068,-4.571322,0.9698099,-0.1208097,0.2086184,-44.86265,-14.48076,-15.6045
54.880122185,-1.549538,-14.85251,-4.448596,0.9662624,-0.1218931,0.1951995,-44.86265,-14.48076,-15.6045
54.890035152,-1.859228,-15.49328,-4.203145,0.987287,-0.1128497,0.2056288,-44.86265,-14.48076,-15.6045
54.899947166,-3.531555,-14.736,-4.264508,0.9980522,-0.1049059,0.2156655,-44.86265,-14.48076,-15.6045
54.90985918,-5.88520100000001,-12.93019,-4.387233,0.9976007,-0.09855104,0.2267556,-44.10306,-15.22833,-15.22061
54.919770718,-7.99109600000001,-11.64865,-4.509959,0.9887059,-0.09480749,0.2220613,-44.10306,-15.22833,-15.22061
54.929683685,-9.10597999999999,-10.42536,-6.10539499999999,0.9972245,-0.1092302,0.2252475,-44.10306,-15.22833,-15.22061
54.939595699,-8.548538,-8.561295,-6.90311299999998,0.9993119,-0.1330398,0.2101847,-44.10306,-15.22833,-15.22061
54.949507713,-6.87620999999998,-8.32828599999997,-6.84175,0.9851326,-0.1454121,0.1958286,-44.10306,-15.22833,-15.22061
54.959420204,-5.575511,-9.66808199999998,-6.53493500000002,0.9702068,-0.1428027,0.1738968,-44.47895,-14.8501,-14.32039
54.969332218,-4.770316,-11.12438,-5.98266900000002,0.9849492,-0.146971,0.1761335,-44.47895,-14.8501,-14.32039
54.979244232,-5.513573,-11.18263,-5.553129,1.000052,-0.1399803,0.1789213,-44.47895,-14.8501,-14.32039
54.989156246,-7.43365200000003,-10.54186,-5.000863,1.015791,-0.1436389,0.183553,-44.47895,-14.8501,-14.32039
54.999068737,-9.35373199999999,-10.1341,-4.816774,1.013315,-0.1475883,0.175867,-44.47895,-14.8501,-14.32039
55.008980751,-10.53056,-9.26031799999999,-5.123589,1.016145,-0.1339471,0.1816936,-45.22609,-14.84859,-13.93103
55.018892765,-12.07901,-9.085562,-5.307677,1.002442,-0.1258324,0.1900371,-45.22609,-14.84859,-13.93103
55.028804779,-13.31777,-8.85255399999999,-5.491766,0.9870365,-0.1124923,0.1816256,-45.22609,-14.84859,-13.93103
55.03871727,-14.24684,-9.43507399999997,-5.92130599999998,0.9653845,-0.1128334,0.167899,-45.22609,-14.84859,-13.93103
55.048629284,-13.93715,-9.84283699999999,-6.41221000000002,0.9541122,-0.1134756,0.1646378,-45.22609,-14.84859,-13.93103
55.058541298,-13.31777,-9.60983000000002,-7.08720199999999,0.9482747,-0.1159725,0.1646752,-44.48242,-14.47394,-13.93608
55.068453312,-12.57451,-9.78458600000001,-7.148564,0.9468001,-0.1169705,0.1627616,-44.48242,-14.47394,-13.93608
55.078365803,-11.76932,-9.31857,-7.148564,0.9563072,-0.1372292,0.1601379,-44.48242,-14.47394,-13.93608
55.088277817,-10.34474,-7.97877500000003,-6.71902399999997,0.987021,-0.1595691,0.1726693,-44.48242,-14.47394,-13.93608
55.098189831,-8.053034,-5.648696,-5.79858000000001,1.002346,-0.169536,0.1772627,-44.48242,-14.47394,-13.93608
55.108101845,-5.018068,-3.493374,-4.9395,0.9968886,-0.1633031,0.1768746,-44.84351,-15.59932,-14.31614
55.118014336,-2.10698,-2.095326,-4.325871,0.9844127,-0.1450506,0.1737504,-44.84351,-15.59932,-14.31614
55.12792635,0.3705419,-1.629311,-4.019056,0.977582,-0.1156209,0.1620057,-44.84351,-15.59932,-14.31614
55.137838364,2.104807,-1.163295,-4.019056,0.9812333,-0.09960979,0.1553564,-44.84351,-15.59932,-14.31614
55.147750855,3.343568,-0.930287099999998,-4.264508,0.980561,-0.09044302,0.1482213,-44.84351,-15.59932,-14.31614
55.157662869,4.396515,-0.8720351,-4.816774,0.9744975,-0.07647219,0.1454895,-43.7226,-15.22124,-13.48795
55.170052528,4.396515,-0.930287099999998,-5.000863,0.9719779,-0.07020024,0.1455546,-43.7226,-15.22124,-13.48795
55.179964542,2.66225,-1.396303,-4.816774,0.980732,-0.06133408,0.1512946,-43.7226,-15.22124,-13.48795
55.18987751,-0.1249625,-1.804067,-4.509959,0.9935654,-0.06403909,0.1598007,-43.7226,-15.22124,-13.48795
55.199789524,-2.354732,-1.105043,-3.650879,0.985443,-0.07867847,0.1612188,-43.7226,-15.22124,-13.48795
55.209701061,-4.33675,-0.988539100000001,-3.589516,0.9839033,-0.07629566,0.1569275,-43.72099,-15.21941,-13.03824
55.219613075,-5.513573,-0.6972793,-3.282701,0.9841994,-0.09077574,0.1688322,-43.72099,-15.21941,-13.03824
55.229526043,-6.318768,0.2347521,-2.853161,0.9848214,-0.09655406,0.17503,-43.72099,-15.21941,-13.03824
55.239438057,-6.318768,0.700767799999999,-2.239532,0.9825048,-0.1048106,0.1778774,-43.72099,-15.21941,-13.03824
55.249349594,-5.265821,1.108532,-1.56454,0.9794241,-0.1358952,0.1748179,-43.72099,-15.21941,-13.03824
55.259262562,-2.912175,0.933775699999999,-0.705459200000001,0.972266,-0.153944,0.1709226,-45.20993,-15.97055,-13.47786
55.269174576,0.2466658,0.5260119,0.2763473,0.9762968,-0.1684672,0.1655068,-45.20993,-15.97055,-13.47786
55.27908659,3.591321,0.409508,1.196791,0.9806009,-0.166999,0.1577943,-45.20993,-15.97055,-13.47786
55.288998127,6.502409,0.5260119,1.933146,0.9691703,-0.1428455,0.1681442,-45.20993,-15.97055,-13.47786
55.298911095,7.67923199999999,0.409508,2.055871,0.9643772,-0.1074949,0.171305,-45.20993,-15.97055,-13.47786
55.308823109,7.12178899999997,0.5842639,2.117234,0.9778424,-0.07914831,0.1824129,-45.21478,-15.59595,-13.47901
55.318734646,4.89202,1.691051,2.055871,0.9924358,-0.06876002,0.1871487,-45.21478,-15.59595,-13.47901
55.32864666,3.033878,2.331823,2.424049,1.007259,-0.08752043,0.1801645,-45.21478,-15.59595,-13.47901
55.338559628,2.66225,2.914342,2.485412,1.014253,-0.113211,0.1645636,-45.21478,-15.59595,-13.47901
55.348471642,3.962949,3.43861,2.546775,1.007898,-0.1269482,0.1486856,-45.21478,-15.59595,-13.47901
55.358383179,5.75915199999997,3.205602,2.914952,1.006332,-0.1260427,0.1400633,-44.09201,-15.59586,-13.48485
55.368295193,7.05985200000002,2.739586,2.792227,0.992947,-0.1077667,0.1436699,-44.09201,-15.59586,-13.48485
55.37820816,6.93597599999999,2.157067,2.730864,0.9849359,-0.08747451,0.1491609,-44.09201,-15.59586,-13.48485
55.388120174,5.077834,1.574547,2.485412,0.9715406,-0.066277,0.1551879,-44.09201,-15.59586,-13.48485
55.398031712,1.795117,1.283287,2.055871,0.9676986,-0.05848483,0.1711206,-44.09201,-15.59586,-13.48485
55.407944679,-2.230856,1.225035,1.319517,0.9736652,-0.05689642,0.1825998,-44.83243,-16.34694,-13.92837
55.417856693,-5.575511,1.399791,0.6445247,0.9847924,-0.07266672,0.2001577,-44.83243,-16.34694,-13.92837
55.427768707,-7.681405,2.040563,0.705887599999999,0.9909402,-0.09781327,0.1980127,-44.83243,-16.34694,-13.92837
55.437680245,-7.37171500000001,3.030846,0.6445247,0.9868357,-0.1279582,0.1916078,-44.83243,-16.34694,-13.92837
55.450070858,-4.64644,3.904626,0.705887599999999,0.9817458,-0.15129,0.1924597,-44.83243,-16.34694,-13.92837
55.459982872,-1.735352,4.312389,0.951339199999998,0.965417,-0.1486657,0.176783,-44.46627,-15.59589,-13.48291
55.469894886,1.05186,3.962878,0.583161800000002,0.9539336,-0.1357592,0.1688125,-44.46627,-15.59589,-13.48291
55.4798069,3.405506,3.43861,0.6445247,0.9499519,-0.1265764,0.1727517,-44.46627,-15.59589,-13.48291
55.489719391,4.272639,2.972594,0.2763473,0.9517301,-0.1154248,0.1684882,-44.46627,-15.59589,-13.48291
55.499631405,4.148763,2.448327,0.3377102,0.9653644,-0.1099169,0.1693591,-44.46627,-15.59589,-13.48291
55.509543419,2.910002,2.215319,0.2763473,0.9829964,-0.1009007,0.1827005,-44.46302,-15.97232,-13.93147
55.519456387,1.113798,2.273571,0.6445247,0.9796555,-0.1077303,0.1826859,-44.46302,-15.97232,-13.93147
55.529367924,0.2466658,1.982311,0.705887599999999,0.9727308,-0.1146865,0.1668584,-44.46302,-15.97232,-13.93147
55.539279938,-0.001086392,1.399791,0.5217989,0.977144,-0.1165761,0.1658447,-44.46302,-15.97232,-13.93147
55.549191952,0.1847278,1.05028,0.0922585699999997,0.9785384,-0.1092784,0.1673209,-44.46302,-15.97232,-13.93147
55.559104919,0.680232200000002,0.642515800000001,-0.4600076,0.9799796,-0.1034197,0.171668,-44.46925,-15.59929,-14.31809
55.569016457,1.05186,0.351256,-1.012274,0.9765388,-0.09859392,0.1755732,-44.46925,-15.59929,-14.31809
55.578928471,1.299613,-0.1730116,-1.135,0.9682045,-0.0938314,0.1790431,-44.46925,-15.59929,-14.31809
55.588840485,1.175737,-0.755531299999998,-1.135,0.9653167,-0.1026247,0.1732494,-44.46925,-15.59929,-14.31809
55.598753452,1.175737,-1.454555,-1.135,0.9736791,-0.1146897,0.1639686,-44.46627,-15.59589,-13.48291
55.608664989,1.361551,-1.396303,-0.828185100000001,0.9812004,-0.1237689,0.1715211,-44.46627,-15.59589,-13.48291
55.618577003,1.361551,-0.988539100000001,-0.644096300000003,0.9842395,-0.1227017,0.1830239,-44.46627,-15.59589,-13.48291
55.628489017,1.299613,-0.639027300000002,-0.644096300000003,0.9779177,-0.1222755,0.1869265,-44.46627,-15.59589,-13.48291
55.638401985,1.175737,-0.2895156,-0.644096300000003,0.974066,-0.1198542,0.1956211,-44.46627,-15.59589,-13.48291
55.648313522,1.05186,0.001744238,-0.3986447,0.9809043,-0.1192844,0.1955617,-44.08876,-15.97229,-13.93341
55.658225536,1.485427,0.2347521,-0.644096300000003,0.981824,-0.1144244,0.1955855,-44.08876,-15.97229,-13.93341
55.668138504,1.918993,0.351256,-0.644096300000003,0.9772329,-0.1062859,0.1865592,-44.08876,-15.97229,-13.93341
55.678050518,2.166745,0.1765001,-0.766822200000002,0.9780307,-0.09905031,0.177477,-44.08876,-15.97229,-13.93341
55.687962055,2.228683,-0.3477675,-0.950910899999997,0.977091,-0.1117257,0.1663576,-44.08876,-15.97229,-13.93341
55.697874069,2.910002,-0.813783199999999,-1.012274,0.9829559,-0.1136047,0.1638901,-44.47112,-15.2213,-13.48406
55.707787037,3.405506,-0.988539100000001,-0.889547900000002,0.9772134,-0.1223937,0.1658053,-44.47112,-15.2213,-13.48406
55.717699051,3.653259,-0.930287099999998,-0.950910899999997,0.9757125,-0.1170639,0.1687356,-44.47112,-15.2213,-13.48406
55.730088711,3.033878,-0.988539100000001,-0.5213705,0.9722027,-0.1039813,0.1755774,-44.47112,-15.2213,-13.48406
55.740001202,1.857055,-1.571059,-0.889547900000002,0.9681582,-0.08995305,0.1790694,-44.47112,-15.2213,-13.48406
55.749913216,0.618294100000002,-1.512807,-1.073637,0.9671409,-0.09242483,0.1723401,-44.46142,-15.97049,-13.48175
55.75982523,-0.001086392,-1.687563,-1.073637,0.9661387,-0.09244971,0.1699484,-44.46142,-15.97049,-13.48175
55.769737244,-0.001086392,-1.571059,-1.012274,0.9721244,-0.1040221,0.1678953,-44.46142,-15.97049,-13.48175
55.779649734,0.5563561,-1.105043,-0.705459200000001,0.9721872,-0.1088675,0.1683426,-44.46142,-15.97049,-13.48175
55.789561748,0.804108299999999,-0.930287099999998,-0.582733500000001,0.9725157,-0.09626186,0.1674633,-44.46142,-15.97049,-13.48175
55.799473762,0.43248,-0.580775400000001,-0.3986447,0.9777601,-0.08504482,0.1674895,-44.0904,-15.59403,-13.03514
55.809385776,-0.6204669,-0.755531299999998,-0.766822200000002,0.9840765,-0.07718116,0.1727652,-44.0904,-15.59403,-13.03514
55.819298267,-2.10698,-0.813783199999999,-0.950910899999997,0.9863494,-0.06650829,0.1684939,-44.0904,-15.59403,-13.03514
55.829210281,-3.469617,-0.6972793,-1.135,0.9952363,-0.07659746,0.1649834,-44.0904,-15.59403,-13.03514
55.839122295,-4.64644,-0.4642715,-0.889547900000002,0.9894635,-0.09028021,0.1582234,-44.0904,-15.59403,-13.03514
55.849034309,-4.956131,-0.5225234,-0.582733500000001,0.9870841,-0.09369139,0.1606234,-44.84052,-15.59592,-13.48096
55.8589468,-5.080007,-0.4060195,-0.1531931,0.9804841,-0.1092592,0.1663427,-44.84052,-15.59592,-13.48096
55.868858814,-4.832254,-0.4642715,0.3377102,0.9776284,-0.1194992,0.1619794,-44.84052,-15.59592,-13.48096
55.878770828,-4.33675,-0.813783199999999,0.951339199999998,0.9703627,-0.1215065,0.1663547,-44.84052,-15.59592,-13.48096
55.888683319,-3.469617,-0.813783199999999,1.135428,0.9766586,-0.1185316,0.1639155,-44.84052,-15.59592,-13.48096
55.898595333,-2.726361,-0.5225234,1.012702,0.9853072,-0.1028911,0.1673008,-44.45496,-16.34325,-13.03089
55.908507347,-3.036051,-0.05650773,0.705887599999999,0.9910948,-0.08920068,0.1755012,-44.45496,-16.34325,-13.03089
55.918419361,-3.903184,0.1765001,0.828613499999998,0.993422,-0.08679221,0.1668529,-44.45496,-16.34325,-13.03089
55.928331852,-4.150936,0.293004,0.951339199999998,0.9827872,-0.09905837,0.1644687,-44.45496,-16.34325,-13.03089
55.938243866,-3.407679,0.1765001,1.196791,0.9805157,-0.118511,0.1585982,-44.45496,-16.34325,-13.03089
55.94815588,-2.478608,0.700767799999999,1.258154,0.9732197,-0.1200463,0.1605761,-44.09361,-15.59769,-13.93457
55.958067894,-1.79729,0.642515800000001,1.38088,0.96538,-0.1157625,0.1640382,-44.09361,-15.59769,-13.93457
55.967980385,-1.859228,0.46776,1.135428,0.9686213,-0.09727747,0.1679727,-44.09361,-15.59769,-13.93457
55.977892399,-3.036051,0.46776,1.012702,0.9753527,-0.09188521,0.1631448,-44.09361,-15.59769,-13.93457
55.987804413,-4.708378,0.351256,0.889976299999999,0.9924207,-0.08730444,0.1639778,-44.09361,-15.59769,-13.93457
55.997717381,-6.50458200000001,0.9920276,0.705887599999999,1.000442,-0.08905473,0.1811776,-44.83567,-15.97052,-13.47981
56.01010704,-7.18590000000003,1.108532,0.767250500000003,0.98928,-0.1018347,0.1744735,-44.83567,-15.97052,-13.47981
56.020019054,-6.69039600000003,0.9920276,0.583161800000002,0.9776395,-0.1121764,0.1716313,-44.83567,-15.97052,-13.47981
56.029931068,-5.699387,0.875523700000001,0.3377102,0.9757668,-0.1199624,0.1706364,-44.83567,-15.97052,-13.47981
56.039843559,-4.522564,0.001744238,0.2763473,0.969843,-0.118114,0.1673424,-44.83567,-15.97052,-13.47981
56.049755573,-3.283803,-0.4060195,0.3377102,0.9742535,-0.1239074,0.1615011,-45.21478,-15.59595,-13.47901
56.059667587,-2.602484,-0.6972793,0.1536215,0.9791182,-0.1160543,0.1682307,-45.21478,-15.59595,-13.47901
56.069580078,-2.726361,-0.3477675,0.2149844,0.9736707,-0.107377,0.1717,-45.21478,-15.59595,-13.47901
56.079492092,-3.159927,0.0599961999999999,-0.1531931,0.9816166,-0.1081908,0.1826647,-45.21478,-15.59595,-13.47901
56.089404106,-3.841246,0.0599961999999999,-0.3372818,0.9816509,-0.1135388,0.1797478,-45.21478,-15.59595,-13.47901
56.09931612,-3.903184,0.1182482,-0.214556,0.9827066,-0.121291,0.1782459,-44.84698,-15.22316,-13.93183
56.109228611,-3.71737,-0.1730116,0.2149844,0.9852173,-0.1334213,0.1704594,-44.84698,-15.22316,-13.93183
56.119140625,-2.788299,0.0599961999999999,0.460436,0.9877169,-0.1367768,0.1718544,-44.84698,-15.22316,-13.93183
56.129052639,-1.983104,0.0599961999999999,0.767250500000003,0.9808394,-0.1320011,0.1743506,-44.84698,-15.22316,-13.93183
56.138964653,-0.992095199999997,-0.1730116,0.3990731,0.9738933,-0.1218953,0.1764028,-44.84698,-15.22316,-13.93183
56.148877144,-0.1249625,-0.1730116,0.3990731,0.9763011,-0.1179815,0.1773669,-44.09201,-15.59586,-13.48485
56.158789158,0.43248,-0.4060195,0.2149844,0.975684,-0.1122006,0.1716492,-44.09201,-15.59586,-13.48485
56.168701172,0.1847278,-0.4060195,0.2149844,0.976204,-0.1024223,0.1861143,-44.09201,-15.59586,-13.48485
56.178613663,-0.5585288,-0.2895156,0.1536215,0.9844892,-0.1018444,0.1841209,-44.09201,-15.59586,-13.48485
56.188525677,-1.363724,0.001744238,-0.09183015,0.98198,-0.1038598,0.1754878,-44.09201,-15.59586,-13.48485
56.198437691,-1.735352,0.351256,-0.3372818,0.9806132,-0.1155335,0.1715814,-44.48242,-14.47394,-13.93608
56.208349705,-1.549538,0.1182482,-0.582733500000001,0.9742774,-0.1156022,0.1735602,-44.48242,-14.47394,-13.93608
56.218262196,-0.992095199999997,-0.2312636,-0.766822200000002,0.9748242,-0.1258099,0.1672451,-44.48242,-14.47394,-13.93608
56.22817421,-0.3107767,-0.4060195,-0.644096300000003,0.9797989,-0.1271679,0.1739122,-44.48242,-14.47394,-13.93608
56.238086224,0.494418,-0.755531299999998,-0.5213705,0.9724649,-0.1267716,0.1744629,-44.48242,-14.47394,-13.93608
56.247998238,0.680232200000002,-1.046791,-0.2759189,0.9724538,-0.1233628,0.1773666,-44.46925,-15.59929,-14.31809
56.257910729,0.618294100000002,-1.338051,-0.644096300000003,0.9727624,-0.1185725,0.1653917,-44.46925,-15.59929,-14.31809
56.267822743,0.43248,-1.804067,-0.705459200000001,0.9815868,-0.1160112,0.1706089,-44.46925,-15.59929,-14.31809
56.277734757,0.43248,-1.978823,-0.705459200000001,0.9829974,-0.1121197,0.1696615,-44.46925,-15.59929,-14.31809
56.287647724,0.2466658,-1.629311,-0.766822200000002,0.9826896,-0.1173974,0.181153,-44.46925,-15.59929,-14.31809
56.300037384,0.3086039,-0.988539100000001,-0.3986447,0.9866322,-0.115869,0.1859283,-44.47757,-14.84853,-13.93493
56.309949398,0.680232200000002,-0.2312636,-0.582733500000001,0.9851744,-0.1153947,0.1873854,-44.47757,-14.84853,-13.93493
56.319861412,1.361551,-0.1147597,-0.3986447,0.9737669,-0.1117172,0.1759916,-44.47757,-14.84853,-13.93493
56.329773903,1.795117,0.001744238,-0.3986447,0.9718292,-0.1161225,0.1726191,-44.47757,-14.84853,-13.93493
56.339685917,2.042869,-0.5225234,-0.5213705,0.9721849,-0.1156978,0.1601345,-44.47757,-14.84853,-13.93493
56.349597931,2.538374,-0.988539100000001,-0.705459200000001,0.9687277,-0.1152709,0.1572883,-44.09499,-15.59926,-14.32003
56.359510422,2.538374,-1.629311,-0.705459200000001,0.9720603,-0.1118603,0.1524787,-44.09499,-15.59926,-14.32003
56.369422436,2.35256,-1.571059,-0.644096300000003,0.9819301,-0.1087638,0.1648921,-44.09499,-15.59926,-14.32003
56.37933445,1.671241,-1.221547,-0.4600076,0.9869532,-0.1125356,0.1734634,-44.09499,-15.59926,-14.32003
56.389246464,1.05186,-0.6972793,-0.214556,0.9879474,-0.1081246,0.1802058,-44.09499,-15.59926,-14.32003
56.399158955,0.3086039,-0.580775400000001,-0.09183015,0.9809527,-0.1009709,0.1740761,-44.84537,-15.22133,-13.48211
56.409070969,0.1847278,-1.105043,-0.3372818,0.9675955,-0.1031683,0.1564191,-44.84537,-15.22133,-13.48211
56.418982983,0.494418,-1.629311,-0.4600076,0.971428,-0.1031605,0.1487012,-44.84537,-15.22133,-13.48211
56.428894997,0.742170199999999,-1.862319,-0.3986447,0.9763529,-0.1040566,0.1510505,-44.84537,-15.22133,-13.48211
56.438807488,0.989922399999999,-1.687563,-0.1531931,0.9858491,-0.1077355,0.1667834,-44.84537,-15.22133,-13.48211
56.448719502,0.618294100000002,-0.813783199999999,0.1536215,0.9941994,-0.1051726,0.1734454,-44.45496,-16.34325,-13.03089
56.458631516,-0.001086392,-0.2895156,0.2149844,0.9859644,-0.1091389,0.1763761,-44.45496,-16.34325,-13.03089
56.468544006,-0.1249625,-0.4642715,0.1536215,0.9799071,-0.1039453,0.1639826,-44.45496,-16.34325,-13.03089
56.47845602,-0.1249625,-0.639027300000002,-0.03046724,0.9715211,-0.1031121,0.1578237,-44.45496,-16.34325,-13.03089
56.488368034,-0.1869005,-0.639027300000002,-0.09183015,0.9690853,-0.1050892,0.1563926,-44.45496,-16.34325,-13.03089
56.498280048,0.1847278,-0.755531299999998,-0.09183015,0.971668,-0.1084015,0.1659498,-44.84052,-15.59592,-13.48096
56.508192539,0.1227897,-0.755531299999998,0.2763473,0.9809586,-0.1068215,0.167795,-44.84052,-15.59592,-13.48096
56.518104553,0.1227897,-0.6972793,0.2149844,0.9833959,-0.1082583,0.1653621,-44.84052,-15.59592,-13.48096
56.528016567,-0.2488386,-0.755531299999998,0.1536215,0.9863793,-0.1062444,0.1725503,-44.84052,-15.59592,-13.48096
56.537928581,-0.744343000000003,-0.813783199999999,0.03089567,0.9876344,-0.09511676,0.1649303,-44.84052,-15.59592,-13.48096
56.547841072,-1.239847,-0.988539100000001,-0.214556,0.9757682,-0.0972832,0.1496605,-44.46627,-15.59589,-13.48291
56.557753086,-0.8682191,-1.279799,-0.3986447,0.9670302,-0.1041898,0.1477747,-44.46627,-15.59589,-13.48291
56.5676651,-0.5585288,-1.279799,-0.5213705,0.9744423,-0.1045453,0.1549062,-44.46627,-15.59589,-13.48291
56.580055714,-1.4876,-0.813783199999999,-0.3372818,0.9843949,-0.1092106,0.1663068,-44.46627,-15.59589,-13.48291
56.589967728,-2.045042,-0.580775400000001,0.1536215,0.9894581,-0.1134493,0.1782357,-44.46787,-15.59772,-13.93262
56.599879742,-2.478608,-0.2895156,0.460436,0.9919977,-0.1226377,0.1767105,-44.46787,-15.59772,-13.93262
56.609792232,-2.10698,-0.2895156,0.460436,0.9938927,-0.1216693,0.1718979,-44.46787,-15.59772,-13.93262
56.619704246,-1.549538,-0.4642715,-0.09183015,0.9839835,-0.1194203,0.1619212,-44.46787,-15.59772,-13.93262
56.62961626,-0.6204669,-0.930287099999998,-0.214556,0.9812984,-0.1083565,0.1514563,-44.46787,-15.59772,-13.93262
56.639528274,-0.001086392,-0.988539100000001,-0.214556,0.9814194,-0.1102447,0.1610457,-44.84537,-15.22133,-13.48211
56.649440765,0.5563561,-0.4642715,0.03089567,0.9873503,-0.110626,0.1667502,-44.84537,-15.22133,-13.48211
56.659352779,0.43248,0.293004,0.583161800000002,0.9771841,-0.1116773,0.1754801,-44.84537,-15.22133,-13.48211
56.669264793,-0.1869005,0.5842639,0.767250500000003,0.9693707,-0.1190871,0.1678205,-44.84537,-15.22133,-13.48211
56.679176807,-0.001086392,0.817271699999998,0.889976299999999,0.9673141,-0.1147737,0.1630666,-44.84537,-15.22133,-13.48211
56.689089298,-0.2488386,0.2347521,0.828613499999998,0.973924,-0.1045666,0.1520299,-44.46925,-15.59929,-14.31809
56.699001312,-0.682404900000003,-0.2895156,0.5217989,0.9762594,-0.1011784,0.1453086,-44.46925,-15.59929,-14.31809
56.708913326,-1.115971,-0.4060195,0.889976299999999,0.9905833,-0.1116576,0.147027,-44.46925,-15.59929,-14.31809
56.718825817,-0.992095199999997,-0.1730116,0.951339199999998,0.9975106,-0.1115292,0.1551265,-44.46925,-15.59929,-14.31809
56.728737831,-0.992095199999997,0.46776,1.319517,0.9899439,-0.1144205,0.1767843,-44.46925,-15.59929,-14.31809
56.738649845,-1.301785,1.166783,1.38088,0.9904447,-0.1075789,0.1859482,-44.09201,-15.59586,-13.48485
56.748561859,-1.425662,0.9920276,1.258154,0.9752178,-0.1112193,0.1750212,-44.09201,-15.59586,-13.48485
56.75847435,-1.177909,0.2347521,0.889976299999999,0.9662362,-0.1109355,0.1578204,-44.09201,-15.59586,-13.48485
56.768386364,-0.6204669,-0.4642715,0.583161800000002,0.9770113,-0.1137183,0.1562618,-44.09201,-15.59586,-13.48485
56.778298378,-0.1869005,-0.1147597,0.2763473,0.9843593,-0.1111804,0.1605321,-44.09201,-15.59586,-13.48485
56.788210869,-0.3727147,0.1765001,0.460436,0.9829573,-0.1116528,0.1663039,-44.09686,-15.22127,-13.48601
56.798122883,-0.806281,0.5842639,0.705887599999999,0.9826153,-0.1169483,0.1744344,-44.09686,-15.22127,-13.48601
56.808034897,-0.8682191,0.5842639,0.583161800000002,0.975379,-0.1243062,0.1754126,-44.09686,-15.22127,-13.48601
56.817946911,-0.5585288,0.2347521,0.3990731,0.974839,-0.1258023,0.1686855,-44.09686,-15.22127,-13.48601
56.827859402,-0.3727147,0.001744238,0.2149844,0.9810089,-0.1155758,0.1624545,-44.09686,-15.22127,-13.48601
56.837771416,-0.3727147,-0.2895156,0.0922585699999997,0.9780233,-0.1136884,0.1596137,-44.1017,-14.84667,-13.48716
56.84768343,-0.2488386,-0.2312636,-0.09183015,0.9859039,-0.1135606,0.1653036,-44.1017,-14.84667,-13.48716
56.860074043,0.1847278,0.351256,-0.09183015,0.9840948,-0.1213136,0.1705504,-44.1017,-14.84667,-13.48716
56.869986057,1.05186,0.293004,0.0922585699999997,0.985557,-0.1242245,0.1666762,-44.1017,-14.84667,-13.48716
56.879898071,1.733179,0.2347521,0.1536215,0.9831933,-0.1334812,0.1637555,-44.1017,-14.84667,-13.48716
56.889810085,2.166745,0.1765001,0.2149844,0.9785674,-0.1117024,0.1673044,-45.21154,-15.97238,-13.92757
56.899722576,2.042869,0.2347521,0.2149844,0.9819087,-0.1024335,0.1702162,-45.21154,-15.97238,-13.92757
56.90963459,1.485427,0.0599961999999999,-0.03046724,0.9799258,-0.1088136,0.1601087,-45.21154,-15.97238,-13.92757
56.919546604,0.989922399999999,0.001744238,0.03089567,0.9769757,-0.1103222,0.1567649,-45.21154,-15.97238,-13.92757
56.929458618,0.5563561,-0.1730116,0.3377102,0.9774542,-0.1073947,0.1591807,-45.21154,-15.97238,-13.92757
56.939371109,0.5563561,-0.1730116,0.1536215,0.9829378,-0.111663,0.1643833,-45.21478,-15.59595,-13.47901
56.949283123,0.618294100000002,0.1182482,0.5217989,0.9849319,-0.1086917,0.1715871,-45.21478,-15.59595,-13.47901
56.959195137,0.618294100000002,0.5842639,0.2763473,0.9918067,-0.1120053,0.1705411,-45.21478,-15.59595,-13.47901
56.969107628,0.618294100000002,0.817271699999998,0.03089567,0.9809163,-0.1024533,0.1687848,-45.21478,-15.59595,-13.47901
56.979019642,0.3705419,0.5842639,-0.09183015,0.9778292,-0.09866743,0.1582751,-45.21478,-15.59595,-13.47901
56.988931656,0.2466658,0.2347521,-0.1531931,0.9783047,-0.1020829,0.1529662,-44.46627,-15.59589,-13.48291
56.99884367,-0.06302445,0.1182482,-0.09183015,0.9798368,-0.1083721,0.1519498,-44.46627,-15.59589,-13.48291
57.008756161,-0.3107767,0.1182482,0.03089567,0.977087,-0.1175814,0.1591163,-44.46627,-15.59589,-13.48291
57.018668175,0.1847278,0.46776,0.2149844,0.9733346,-0.123889,0.1672716,-44.46627,-15.59589,-13.48291
57.028580189,0.680232200000002,0.351256,0.3990731,0.9753666,-0.1282151,0.1696248,-44.46627,-15.59589,-13.48291
57.03849268,0.804108299999999,0.5260119,0.5217989,0.9793215,-0.1227777,0.180188,-44.46925,-15.59929,-14.31809
