Time (s),Gyroscope X (deg/s),Gyroscope Y (deg/s),Gyroscope Z (deg/s),Accelerometer X (g),Accelerometer Y (g),Accelerometer Z (g),Magnetometer X (uT),Magnetometer Y (uT),Magnetometer Z (uT)
22.560109138,-0.682404900000003,3.322106,-2.116806,0.4589731,-0.1663439,0.8847807,-20.17256,-20.8822,-24.38603
22.570021152,-3.655432,1.108532,-1.871354,0.4618324,-0.168785,0.8746547,-20.17256,-20.8822,-24.38603
22.579933643,-5.575511,-1.571059,-1.257725,0.4510062,-0.1782239,0.8569261,-20.55951,-20.13644,-25.22157
22.589845657,-7.929157,-3.784633,-0.828185100000001,0.441371,-0.194369,0.852106,-20.55951,-20.13644,-25.22157
22.599757671,-9.22985600000001,-6.17296399999999,-0.1531931,0.4457536,-0.2196892,0.8206866,-20.55951,-20.13644,-25.22157
22.609670162,-5.947139,-6.58072700000001,0.03089567,0.4693816,-0.2305326,0.8232767,-20.55951,-20.13644,-25.22157
22.619582176,1.918993,-1.978823,0.2763473,0.4952379,-0.2277996,0.820655,-20.55951,-20.13644,-25.22157
22.629494667,8.05085899999999,3.496862,0.583161800000002,0.494769,-0.2038928,0.8505884,-20.55466,-20.51104,-25.22042
22.639406681,9.04186800000002,5.535681,0.460436,0.4747922,-0.1870339,0.8772942,-20.55466,-20.51104,-25.22042
22.649318695,6.997913,5.652184,0.6445247,0.4572807,-0.1735484,0.9020341,-20.55466,-20.51104,-25.22042
22.659231663,3.28163,4.428894,0.583161800000002,0.4483623,-0.1649391,0.9007334,-20.55466,-20.51104,-25.22042
22.6691432,-0.3107767,2.85609,0.767250500000003,0.4488119,-0.1649534,0.8968879,-20.55466,-20.51104,-25.22042
22.679056168,-0.001086392,3.788122,1.442243,0.4601426,-0.1720856,0.8967356,-21.30802,-20.1365,-25.21768
22.688968182,0.494418,5.593933,1.687694,0.464115,-0.1734685,0.9010111,-21.30802,-20.1365,-25.21768
22.698880196,-0.06302445,5.419177,1.994509,0.4602237,-0.1788727,0.8966897,-21.30802,-20.1365,-25.21768
22.708792686,3.653259,5.710437,1.933146,0.4628181,-0.1831545,0.9062403,-21.30802,-20.1365,-25.21768
22.7187047,8.48442599999998,8.79779099999998,1.564968,0.4807813,-0.1737264,0.9046965,-21.30802,-20.1365,-25.21768
22.728617191,9.28962000000002,12.87543,1.319517,0.4757654,-0.1631217,0.9048136,-20.55652,-20.13304,-24.38639
22.738529205,6.997913,14.68124,1.012702,0.461612,-0.1474362,0.8781601,-20.55652,-20.13304,-24.38639
22.748441219,4.024887,14.21522,0.460436,0.4487987,-0.1476476,0.8681939,-20.55652,-20.13304,-24.38639
22.75835371,1.113798,13.5162,-0.03046724,0.455803,-0.1494305,0.8815616,-20.55652,-20.13304,-24.38639
22.768265724,2.97194,13.57445,-0.3986447,0.4623475,-0.1697409,0.876084,-20.55652,-20.13304,-24.38639
22.778178215,6.93597599999999,13.45795,-0.09183015,0.4526242,-0.1752001,0.8751773,-20.56275,-19.76002,-24.77301
22.788090229,7.24566599999997,11.71039,0.5217989,0.437948,-0.1724608,0.8777321,-20.56275,-19.76002,-24.77301
22.798003197,6.44047100000002,9.14730199999998,0.460436,0.4204781,-0.168958,0.8471868,-20.56275,-19.76002,-24.77301
22.807914734,5.015896,7.39974399999998,0.460436,0.4151544,-0.163631,0.8587953,-20.56275,-19.76002,-24.77301
22.820304871,2.538374,5.419177,-0.950910899999997,0.4205791,-0.1732957,0.8519586,-19.81099,-20.13638,-25.22547
22.830217361,2.600312,2.273571,-0.766822200000002,0.4095526,-0.1903955,0.8533871,-19.81099,-20.13638,-25.22547
22.840129375,7.24566599999997,-2.910854,-0.3986447,0.4151879,-0.2160482,0.8483625,-19.81099,-20.13638,-25.22547
22.850042343,19.63328,-7.27975100000002,-0.2759189,0.445269,-0.2528549,0.8776089,-19.81099,-20.13638,-25.22547
22.85995388,34.25066,-9.95934199999999,-1.625903,0.4549625,-0.2598458,0.9086829,-19.81099,-20.13638,-25.22547
22.869865894,45.52338,-10.71662,-4.632685,0.4824951,-0.2511318,0.9334547,-19.81099,-20.13638,-25.22547
22.879778862,48.43447,-9.31857,-6.78038700000001,0.4995478,-0.2275345,0.9550613,-19.81099,-20.13638,-25.22547
22.889690876,39.88702,-6.52247499999999,-7.82355600000003,0.4879313,-0.2195754,0.9283329,-19.81099,-20.13638,-25.22547
22.899603367,25.88902,-4.425405,-5.553129,0.4825298,-0.2279474,0.916323,-19.81099,-20.13638,-25.22547
22.909515381,20.74816,-3.143862,-0.705459200000001,0.4700274,-0.2165381,0.9025902,-19.81099,-20.13638,-25.22547
22.919427872,25.26964,0.817271699999998,1.687694,0.4753798,-0.1713667,0.9052423,-19.79185,-21.25494,-23.93711
22.929339886,26.5084,9.67157,2.546775,0.4843447,-0.1384884,0.9596363,-19.79185,-21.25494,-23.93711
22.9392519,18.51839,15.55502,3.589944,0.4733349,-0.1219209,1.002102,-19.79185,-21.25494,-23.93711
22.949164391,5.88302899999997,15.49677,5.492195,0.4580514,-0.1187614,0.993622,-19.79185,-21.25494,-23.93711
22.959076405,0.1847278,12.23466,8.19216299999999,0.4708653,-0.111481,0.9642624,-19.79185,-21.25494,-23.93711
22.968988895,4.953958,13.45795,9.11260599999998,0.5308442,-0.1183694,0.9876696,-19.03848,-21.62947,-23.93985
22.978900909,15.73118,24.52582,7.39444499999999,0.5645053,-0.1116456,0.9878832,-19.03848,-21.62947,-23.93985
22.988812923,23.22568,36.17621,5.73764600000002,0.5384976,-0.1012867,0.9910737,-19.03848,-21.62947,-23.93985
22.998725414,23.22568,45.14701,4.75584,0.5162547,-0.08607715,0.9856189,-19.03848,-21.62947,-23.93985
23.008637428,17.65126,45.61303,6.28991200000003,0.4222741,-0.0478015,0.925763,-19.03848,-21.62947,-23.93985
23.018550396,14.92598,39.43832,6.78081600000001,0.3720284,0.001376153,0.8996664,-18.65938,-22.00404,-23.94064
23.028461933,16.35056,35.76845,8.06943700000002,0.3663463,0.0231021,0.8955423,-18.65938,-22.00404,-23.94064
23.038373947,13.12978,35.41894,9.91032400000003,0.371893,0.02715935,0.916645,-18.65938,-22.00404,-23.94064
23.048286915,4.89202,34.83642,11.19895,0.3341263,0.0222369,0.8996757,-18.65938,-22.00404,-23.94064
23.058198929,0.0608516599999998,30.46752,12.4262,0.326484,-0.02971369,0.9042019,-18.65938,-22.00404,-23.94064
23.06811142,5.387524,27.72968,12.91711,0.3487798,-0.07586686,0.9262557,-17.91247,-22.00581,-24.39425
23.078023434,14.36854,31.10829,11.38303,0.3853216,-0.07717831,0.9595201,-17.91247,-22.00581,-24.39425
23.087935448,20.8101,37.98203,10.46259,0.4118026,-0.09704705,0.9913134,-17.91247,-22.00581,-24.39425
23.097847939,23.16374,45.72953,10.95349,0.4217939,-0.09339956,1.016213,-17.91247,-22.00581,-24.39425
23.110238075,25.02188,52.95278,10.95349,0.3807922,-0.05730041,0.9702578,-17.91247,-22.00581,-24.39425
23.120150566,22.04886,55.34111,10.03305,0.3478037,-0.03929278,0.9692425,-16.42003,-22.01092,-25.68693
23.13006258,16.04087,55.22461,10.46259,0.3004102,-0.02011644,0.9477212,-16.42003,-22.01092,-25.68693
23.139975071,7.98892199999997,51.26347,11.68985,0.2600278,-0.01979259,0.9202477,-16.42003,-22.01092,-25.68693
23.149887085,1.671241,47.4771,13.40801,0.2515337,-0.005357131,0.9194621,-16.42003,-22.01092,-25.68693
23.159799099,0.3086039,45.43827,14.69663,0.2673371,-0.01483573,0.9235742,-16.42003,-22.01092,-25.68693
23.16971159,2.166745,44.7975,13.96028,0.2788094,0.001759842,0.9173366,-15.30509,-21.63963,-26.5291
23.179623604,2.848064,43.04995,12.36484,0.2644413,-0.0138771,0.9284089,-15.30509,-21.63963,-26.5291
23.189536095,2.786126,39.43832,11.50576,0.2146655,0.01090646,0.8718956,-15.30509,-21.63963,-26.5291
23.199448109,3.529382,30.64228,10.15578,0.1433886,0.009822106,0.8341349,-15.30509,-21.63963,-26.5291
23.209361076,-0.6204669,19.63266,8.00807399999998,0.1126143,0.01700865,0.7979753,-15.30509,-21.63963,-26.5291
23.219272614,-10.53056,10.31234,6.28991200000003,0.1106273,-0.0005930248,0.7743487,-13.43056,-22.01591,-26.98739
23.229184628,-24.21886,4.661901,5.308106,0.1361049,-0.02854046,0.7465579,-13.43056,-22.01591,-26.98739
23.239097595,-32.64244,0.46776,5.79900900000001,0.148728,-0.100375,0.7013079,-13.43056,-22.01591,-26.98739
23.249009609,-26.13894,-3.959389,6.96490399999999,0.1691233,-0.1738409,0.6967886,-13.43056,-22.01591,-26.98739
23.2589221,-13.31777,-6.28946699999999,5.430832,0.1861298,-0.1939219,0.710422,-13.43056,-22.01591,-26.98739
23.268834114,-7.61946700000001,-8.27003499999999,2.730864,0.1696557,-0.1916127,0.7278755,-13.06414,-21.64468,-27.82567
23.278746128,-8.176909,-10.77487,-0.2759189,0.1370901,-0.1750967,0.7186835,-13.06414,-21.64468,-27.82567
23.288658619,-9.16791799999997,-13.92048,-2.853161,0.1392646,-0.166178,0.7504133,-13.06414,-21.64468,-27.82567
23.298570633,-8.11497100000001,-15.26027,-4.509959,0.1773775,-0.1369333,0.7819461,-13.06414,-21.64468,-27.82567
23.308483124,-4.64644,-17.5321,-6.84175,0.1936002,-0.1083933,0.82376,-13.06414,-21.64468,-27.82567
23.318395138,-0.682404900000003,-18.81364,-9.48035400000003,0.2308085,-0.107655,0.8767183,-13.07383,-20.89549,-27.82798
23.328307152,0.927984400000002,-20.6777,-10.64625,0.2518264,-0.1183668,0.911024,-13.07383,-20.89549,-27.82798
23.338219643,-1.79729,-22.77477,-10.70761,0.2492355,-0.0999368,0.9183731,-13.07383,-20.89549,-27.82798
23.348131657,-7.49559099999998,-26.67765,-10.64625,0.2306907,-0.05405775,0.9279733,-13.07383,-20.89549,-27.82798
23.358044148,-14.74234,-30.11452,-11.44397,0.2314492,-0.02537913,0.9401612,-13.07383,-20.89549,-27.82798
23.367956162,-16.97211,-32.38634,-11.99623,0.2449922,-0.02552416,0.9731659,-13.43679,-21.64288,-27.37401
23.377869129,-19.32576,-35.06594,-13.16213,0.2616331,-0.04066898,1.004602,-13.43679,-21.64288,-27.37401
23.390258789,-25.45763,-40.83288,-12.73259,0.2758829,-0.07752822,0.9682124,-13.43679,-21.64288,-27.37401
23.400170803,-28.24484,-42.63869,-11.87351,0.3045399,-0.104096,0.9183141,-13.43679,-21.64288,-27.37401
23.410083294,-24.71437,-41.2989,-11.99623,0.3320464,-0.1212492,0.9102629,-13.43679,-21.64288,-27.37401
23.419995308,-18.33475,-37.97853,-12.24169,0.3544108,-0.1359077,0.9282044,-14.56303,-21.26681,-26.98386
23.429908276,-13.99909,-35.12419,-11.19852,0.3536063,-0.1636346,0.912662,-14.56303,-21.26681,-26.98386
23.43982029,-12.51257,-35.41545,-10.09398,0.3303902,-0.1769671,0.9219109,-14.56303,-21.26681,-26.98386
23.449732781,-13.81327,-36.17272,-11.81215,0.299892,-0.2128032,0.9099503,-14.56303,-21.26681,-26.98386
23.459644795,-12.63645,-40.59987,-13.59167,0.2968314,-0.2489947,0.950551,-14.56303,-21.26681,-26.98386
23.469556809,-10.59249,-41.93967,-14.26666,0.336549,-0.2569727,0.9995868,-16.06816,-20.51591,-26.52867
23.479469299,-11.088,-40.30861,-14.6962,0.3695487,-0.220837,0.9697526,-16.06816,-20.51591,-26.52867
23.489381313,-15.23785,-42.23093,-15.30983,0.3686444,-0.1993652,0.8114518,-16.06816,-20.51591,-26.52867
23.499293804,-20.19289,-49.51242,-13.22349,0.3627485,-0.1872672,0.7275591,-16.06816,-20.51591,-26.52867
23.509205818,-22.54654,-52.42502,-8.31446000000002,0.3950934,-0.2278005,0.6871369,-16.06816,-20.51591,-26.52867
23.519117832,-11.088,-48.87165,-2.853161,0.4492696,-0.2769193,0.7151181,-17.17962,-21.26336,-26.07081
23.529030323,11.2097,-37.0465,-1.748629,0.4742448,-0.2875495,0.8492606,-17.17962,-21.26336,-26.07081
23.538942337,28.49042,-28.77472,-5.062225,0.4649881,-0.1825308,0.9278315,-17.17962,-21.26336,-26.07081
23.548854828,27.37553,-27.26017,-9.35762899999997,0.4681851,0.01860109,0.9982846,-17.17962,-21.26336,-26.07081
23.558766842,13.19172,-26.26989,-10.95306,0.4933473,0.2009643,1.042961,-17.17962,-21.26336,-26.07081
23.568678856,0.927984400000002,-25.0466,-8.55991099999998,0.5038409,0.2548599,1.03266,-17.93809,-20.1344,-24.78548
23.578591347,-8.79629,-20.61945,-5.000863,0.6050241,0.2363592,1.055128,-17.93809,-20.1344,-24.78548
23.588503361,-16.91018,-16.42531,-3.282701,0.5908798,0.188883,1.003086,-17.93809,-20.1344,-24.78548
23.598416328,-14.6804,-14.03698,-3.528153,0.534183,0.07892497,0.9721476,-17.93809,-20.1344,-24.78548
23.608328342,-6.93814800000003,-5.998208,-5.184951,0.5247037,0.01042636,0.968898,-17.93809,-20.1344,-24.78548
23.618240833,-9.16791799999997,1.05028,-7.70083,0.499418,-0.03957524,0.924144,-19.04333,-21.25488,-23.94101
23.628152847,-20.75033,0.9920276,-8.62127400000002,0.4493581,-0.08248726,0.9036744,-19.04333,-21.25488,-23.94101
23.638064861,-28.55453,-2.21183,-7.70083,0.4438018,-0.108013,0.8565001,-19.04333,-21.25488,-23.94101
23.647977352,-27.43964,-3.37687,-7.45537899999998,0.4416114,-0.1449844,0.8380281,-19.04333,-21.25488,-23.94101
23.657889366,-22.54654,-3.901137,-8.68263700000001,0.4497564,-0.1815439,0.8742012,-19.04333,-21.25488,-23.94101
23.67027998,-20.99809,-3.668129,-9.60308100000002,0.4643483,-0.2406553,0.9404145,-20.17096,-20.88037,-23.93632
23.680191994,-26.63445,-5.299184,-10.58489,0.4476103,-0.2414103,0.9285603,-20.17096,-20.88037,-23.93632
23.690104008,-31.09399,-9.66808199999998,-11.44397,0.4201632,-0.2432506,0.9201589,-20.17096,-20.88037,-23.93632
23.700016498,-29.42166,-14.38649,-11.56669,0.4057357,-0.2591669,0.8774523,-20.17096,-20.88037,-23.93632
23.709928513,-22.54654,-17.35734,-10.64625,0.4138194,-0.2689378,0.8437014,-20.17256,-20.8822,-24.38603
23.719841003,-14.86622,-17.24084,-8.37582199999997,0.4513742,-0.2714427,0.8313334,-20.17256,-20.8822,-24.38603
23.729753017,-7.557528,-14.67775,-5.675855,0.4770783,-0.2497645,0.8360417,-20.17256,-20.8822,-24.38603
23.739665508,-3.965122,-11.47389,-3.46679,0.4895959,-0.2219021,0.849556,-20.17256,-20.8822,-24.38603
23.749577522,-5.265821,-7.80401899999998,-1.012274,0.4705853,-0.2094273,0.8699816,-20.17256,-20.8822,-24.38603
23.759489536,-9.53954700000003,-6.81373500000001,0.767250500000003,0.4353043,-0.2074686,0.8650392,-19.7967,-20.88034,-23.93827
23.769402027,-12.69839,-8.96905800000002,1.687694,0.4086011,-0.2120969,0.8782195,-19.7967,-20.88034,-23.93827
23.779314041,-13.99909,-11.8234,1.81042,0.401582,-0.2256832,0.8930789,-19.7967,-20.88034,-23.93827
23.789227009,-13.07002,-14.736,1.503605,0.4040138,-0.2134642,0.9061021,-19.7967,-20.88034,-23.93827
23.799139023,-12.69839,-17.00783,1.319517,0.4194548,-0.1963021,0.9060736,-19.7967,-20.88034,-23.93827
23.809051514,-15.17591,-19.74567,1.135428,0.4201257,-0.1759618,0.8999608,-20.92108,-20.88226,-24.38214
23.818963528,-17.65343,-22.60002,1.196791,0.4174664,-0.173665,0.8817547,-20.92108,-20.88226,-24.38214
23.828875542,-17.34374,-23.5903,1.626331,0.4356332,-0.181692,0.8796126,-20.92108,-20.88226,-24.38214
23.838788032,-15.11397,-22.19225,1.687694,0.4425936,-0.1995953,0.8698258,-20.92108,-20.88226,-24.38214
23.848700047,-11.95513,-20.03693,1.933146,0.4539114,-0.2184415,0.8547106,-20.92108,-20.88226,-24.38214
23.858612537,-8.053034,-17.6486,2.117234,0.4505179,-0.2233473,0.8518283,-20.92593,-20.50767,-24.38329
23.868524551,-5.203883,-16.83307,2.301323,0.4489471,-0.2146392,0.8519009,-20.92593,-20.50767,-24.38329
23.878436565,-3.469617,-17.47384,1.994509,0.445948,-0.2054416,0.8563113,-20.92593,-20.50767,-24.38329
23.888349056,-3.345741,-17.59035,2.546775,0.4653832,-0.1935535,0.8581314,-20.92593,-20.50767,-24.38329
23.89826107,-4.150936,-17.59035,4.264936,0.4701837,-0.182807,0.8619999,-20.92593,-20.50767,-24.38329
23.908173561,-6.44264400000003,-18.23112,5.614921,0.4876826,-0.1733722,0.8628613,-21.67284,-20.5059,-23.92969
23.918085575,-12.14094,-18.9884,7.026268,0.4889382,-0.1705369,0.8455829,-21.67284,-20.5059,-23.92969
23.927997589,-14.06102,-17.82336,8.92851700000003,0.5061513,-0.1756368,0.8492309,-21.67284,-20.5059,-23.92969
23.937910557,-10.90218,-11.88166,8.37625100000002,0.5378165,-0.1601778,0.8557633,-21.67284,-20.5059,-23.92969
23.950300217,-7.929157,-7.39625499999999,7.026268,0.5136267,-0.1837642,0.8534291,-21.67284,-20.5059,-23.92969
23.960212708,-7.062024,-7.97877500000003,6.78081600000001,0.4944483,-0.1733279,0.8551164,-23.18442,-19.38223,-23.92537
23.970124722,-5.141944,-9.84283699999999,5.18538,0.4789423,-0.2132024,0.8698791,-23.18442,-19.38223,-23.92537
23.980037689,-3.841246,-12.11466,4.694477,0.4676691,-0.255548,0.8653799,-23.18442,-19.38223,-23.92537
23.989949703,-3.903184,-13.80397,4.14221,0.4853003,-0.2099557,0.8261475,-23.18442,-19.38223,-23.92537
23.99986124,-3.283803,-14.38649,3.958122,0.469891,-0.2417354,0.8121538,-23.18442,-19.38223,-23.92537
24.009774208,-0.9301572,-16.30881,4.694477,0.4323193,-0.2721618,0.831985,-23.55222,-19.75503,-23.47255
24.019686222,0.927984400000002,-20.15343,3.528581,0.4938707,-0.163633,0.7625158,-23.55222,-19.75503,-23.47255
24.029598713,0.1847278,-21.43498,0.889976299999999,0.4792341,-0.2106203,0.8060325,-23.55222,-19.75503,-23.47255
24.039510727,-0.8682191,-24.63884,-0.09183015,0.4627161,-0.2451589,0.8237211,-23.55222,-19.75503,-23.47255
24.049423218,1.547365,-28.65822,-1.012274,0.4455352,-0.2629692,0.7963923,-23.55222,-19.75503,-23.47255
24.059335232,6.31659499999999,-32.50285,-1.380451,0.4319632,-0.2757617,0.7930714,-23.56192,-19.00583,-23.47486
24.069247246,8.979931,-35.5902,-1.257725,0.4419235,-0.266525,0.7738346,-23.56192,-19.00583,-23.47486
24.079159737,11.27164,-36.75524,-1.012274,0.4490178,-0.2538752,0.7652104,-23.56192,-19.00583,-23.47486
24.089071751,10.7142,-38.85231,-1.871354,0.4671636,-0.2477668,0.7775674,-23.56192,-19.00583,-23.47486
24.098984242,8.732179,-41.82316,-3.282701,0.4781363,-0.2567882,0.7879694,-23.56192,-19.00583,-23.47486
24.108896256,6.62628499999997,-45.08527,-6.71902399999997,0.4864524,-0.259609,0.7849926,-25.42537,-19.37718,-22.6288
24.11880827,5.20171,-47.64836,-10.03262,0.4576967,-0.3330838,0.8034952,-25.42537,-19.37718,-22.6288
24.12872076,8.79411600000002,-46.36682,-10.46216,0.434917,-0.2976658,0.7693705,-25.42537,-19.37718,-22.6288
24.138632774,12.0149,-46.54157,-11.44397,0.4576496,-0.2558044,0.7463915,-25.42537,-19.37718,-22.6288
24.148545742,9.28962000000002,-49.33767,-13.53031,0.5230923,-0.2723372,0.7668031,-25.42537,-19.37718,-22.6288
24.158457756,5.88302899999997,-49.04641,-13.46894,0.5421148,-0.2618789,0.7743794,-26.91595,-19.75007,-22.17014
24.168370247,10.34257,-47.18234,-13.89848,0.5490693,-0.3053906,0.7817078,-26.91595,-19.75007,-22.17014
24.178282261,17.77513,-44.38625,-12.91668,0.529029,-0.2732033,0.7725044,-26.91595,-19.75007,-22.17014
24.188194275,19.5094,-43.04646,-12.91668,0.5082886,-0.2113759,0.7774295,-26.91595,-19.75007,-22.17014
24.198106766,16.16475,-42.58044,-13.83712,0.4924282,-0.1660777,0.7620327,-26.91595,-19.75007,-22.17014
24.20801878,14.98792,-39.43483,-13.34622,0.4845442,-0.1649921,0.7097756,-28.03898,-19.37033,-20.88057
24.217931271,18.2087,-38.85231,-9.78716900000001,0.464476,-0.04795895,0.6065466,-28.03898,-19.37033,-20.88057
24.230321407,15.1118,-53.76482,-12.5485,0.6169642,-0.08460265,0.7470191,-28.03898,-19.37033,-20.88057
24.240233898,12.63428,-58.5997300000002,-8.13037100000001,0.64355,-0.19051,0.7359843,-28.03898,-19.37033,-20.88057
24.250145912,21.86304,-56.26965,-8.06900800000002,0.6244014,-0.1668875,0.7560053,-28.03898,-19.37033,-20.88057
24.260057926,23.53537,-52.48327,-9.60308100000002,0.523965,-0.02899138,0.755452,-29.15045,-20.11778,-20.42271
24.269970417,12.88203,-52.36677,-12.42577,0.4451956,0.01412279,0.563444,-29.15045,-20.11778,-20.42271
24.279882431,6.13078099999997,-67.5705299999998,-21.01658,0.6399015,0.01612368,0.574621,-29.15045,-20.11778,-20.42271
24.289794922,6.006905,-76.5413400000002,-25.86425,0.7448903,-0.1950398,0.647148,-29.15045,-20.11778,-20.42271
24.299706936,17.46544,-75.7840599999998,-22.85747,0.7107873,-0.2268628,0.6698188,-29.15045,-20.11778,-20.42271
24.30961895,33.87903,-72.4637000000003,-27.21424,0.6505652,-0.1052184,0.8046701,-31.00744,-20.8619,-19.12578
24.319531441,29.04786,-68.6190700000003,-30.95737,0.5922583,-0.008457476,0.8111357,-31.00744,-20.8619,-19.12578
24.329443455,14.18273,-66.6967500000001,-34.20961,0.6109844,0.1337758,0.7057951,-31.00744,-20.8619,-19.12578
24.339356423,1.733179,-69.1433299999999,-35.55959,0.6557988,0.1520511,0.6627683,-31.00744,-20.8619,-19.12578
24.349268437,-3.407679,-69.43459,-33.16644,0.6971784,0.06419285,0.6373122,-31.00744,-20.8619,-19.12578
24.359180927,2.042869,-65.0656999999997,-29.36194,0.6935254,0.01233161,0.6494846,-32.84691,-22.7264,-16.9902
24.369092941,9.16574500000002,-60.87156,-27.15287,0.6901665,-0.01621019,0.6699724,-32.84691,-22.7264,-16.9902
24.379004955,10.40451,-57.3764400000003,-28.19604,0.7173092,-0.04013368,0.6662009,-32.84691,-22.7264,-16.9902
24.388917446,1.918993,-57.72595,-28.87103,0.7895991,-0.04487253,0.7005523,-32.84691,-22.7264,-16.9902
24.39882946,-11.70738,-59.8230200000001,-28.07332,0.833012,-0.1611981,0.6969751,-32.84691,-22.7264,-16.9902
24.408741951,-13.00808,-58.4249699999999,-26.78469,0.880049,-0.2739703,0.6218444,-33.96994,-22.34666,-15.70062
24.418653965,4.396515,-53.93957,-26.04834,0.9263603,-0.2461532,0.5452563,-33.96994,-22.34666,-15.70062
24.428566456,26.69421,-47.4736,-24.51427,0.974483,-0.179114,0.5481387,-33.96994,-22.34666,-15.70062
24.43847847,44.28462,-36.98825,-22.12111,0.9336496,-0.07707355,0.5957715,-33.96994,-22.34666,-15.70062
24.448390484,54.5044,-26.15339,-22.05975,0.8429511,-0.05199014,0.6020592,-33.96994,-22.34666,-15.70062
24.458302975,61.37952,-16.77482,-21.3234,0.7430506,0.01471703,0.5227609,-34.69286,-23.83805,-13.95751
24.468214989,46.82408,-19.04665,-24.63699,0.7193645,0.1884395,0.5145341,-34.69286,-23.83805,-13.95751
24.478127957,1.918993,-31.1048,-23.10292,0.7539347,0.2273349,0.5456838,-34.69286,-23.83805,-13.95751
24.488039494,-29.42166,-30.93005,-17.82571,0.7171186,0.1087696,0.5836471,-34.69286,-23.83805,-13.95751
24.497951508,-16.66242,-23.93981,-15.30983,0.6707098,-0.01031787,0.54391,-34.69286,-23.83805,-13.95751
24.507864475,26.01289,-29.06598,-17.64162,0.6420918,-0.0129982,0.5633631,-35.43652,-24.2127,-13.95247
24.520254135,41.43547,-43.33772,-19.48251,0.6039574,0.1091964,0.5640497,-35.43652,-24.2127,-13.95247
24.530167103,19.44746,-55.04636,-19.54387,0.597158,0.157658,0.4823283,-35.43652,-24.2127,-13.95247
24.540079117,-4.584502,-63.8424099999998,-19.29842,0.6506212,0.1540129,0.3987423,-35.43652,-24.2127,-13.95247
24.549991608,-20.25483,-68.3278100000002,-19.05297,0.7076931,0.1261172,0.3048779,-36.17075,-24.95672,-12.66137
24.559903622,-36.85423,-71.4151599999998,-19.72796,0.72804,0.1472515,0.3110726,-36.17075,-24.95672,-12.66137
24.569815636,-53.08199,-69.8423600000002,-21.3234,0.7505467,0.08974013,0.2927154,-36.17075,-24.95672,-12.66137
24.579728126,-51.22385,-63.08513,-22.3052,0.7759718,0.03225757,0.272891,-36.17075,-24.95672,-12.66137
24.58964014,-34.93415,-55.97839,-22.55066,0.8091868,0.03241659,0.3172396,-36.17075,-24.95672,-12.66137
24.599552631,-20.31677,-49.74543,-21.99839,0.8706173,0.05773379,0.3768599,-36.9015,-26.07691,-11.75459
24.609464645,-7.37171500000001,-41.24064,-22.18248,0.9662139,0.04492,0.4810451,-36.9015,-26.07691,-11.75459
24.619377136,3.901011,-31.16305,-21.13931,1.07414,0.01304123,0.5254496,-36.9015,-26.07691,-11.75459
24.62928915,7.18372799999999,-24.34758,-16.65982,1.190019,0.01962539,0.6751915,-36.9015,-26.07691,-11.75459
24.639201164,-4.088998,-22.30876,-12.42577,1.258614,0.01446272,0.730221,-36.9015,-26.07691,-11.75459
24.649113655,-25.45763,-25.0466,-9.35762899999997,1.261895,-0.00166619,0.6974325,-37.26468,-26.82456,-11.36487
24.659025669,-42.42865,-27.66794,-9.35762899999997,1.271463,-0.03482404,0.6380637,-37.26468,-26.82456,-11.36487
24.668938637,-48.68439,-26.73591,-11.75078,1.302064,-0.01357744,0.5476525,-37.26468,-26.82456,-11.36487
24.678850174,-46.39268,-21.84274,-13.7144,1.387778,-0.002922361,0.526284,-37.26468,-26.82456,-11.36487
24.688762188,-39.084,-15.31852,-14.26666,1.452435,0.03550637,0.5821205,-37.26468,-26.82456,-11.36487
24.698675156,-29.29778,-5.415688,-13.53031,1.444765,0.04159009,0.6518549,-38.39853,-26.07703,-11.74681
24.70858717,-16.7863,4.60365,-12.73259,1.306407,0.04304176,0.7035608,-38.39853,-26.07703,-11.74681
24.71849966,-9.29179500000003,10.72011,-13.22349,1.135455,0.08416072,0.7227014,-38.39853,-26.07703,-11.74681
24.728411674,-12.20288,10.83661,-13.7144,1.005738,0.1280695,0.71315,-38.39853,-26.07703,-11.74681
24.738324165,-22.67041,5.593933,-15.24847,0.9141148,0.1553593,0.6796077,-38.39853,-26.07703,-11.74681
24.748236179,-34.19089,-0.988539100000001,-17.27345,0.8605777,0.1311522,0.6280845,-38.01779,-26.82985,-12.64587
24.758148193,-39.64144,-9.37682200000001,-19.35978,0.8209872,0.109928,0.5572458,-38.01779,-26.82985,-12.64587
24.768060684,-37.16392,-18.34762,-22.18248,0.771715,0.1132619,0.4770571,-38.01779,-26.82985,-12.64587
24.777972698,-32.95213,-27.49318,-25.06653,0.7404007,0.1396796,0.4107807,-38.01779,-26.82985,-12.64587
24.787885189,-35.05802,-34.25041,-27.45969,0.7456315,0.1335681,0.3415489,-38.01779,-26.82985,-12.64587
24.800275326,-47.75532,-39.72609,-28.9324,0.7904425,0.1116021,0.2987342,-37.63036,-27.95517,-13.02982
24.810187817,-60.63844,-41.47365,-28.99376,0.8459981,0.1087887,0.2770747,-37.63036,-27.95517,-13.02982
24.820099831,-68.3187599999999,-38.44455,-29.48466,0.9111634,-0.02251384,0.2314227,-37.63036,-27.95517,-13.02982
24.830011845,-65.0360399999998,-35.06594,-29.36194,0.9805062,-0.1046091,0.2215917,-37.63036,-27.95517,-13.02982
24.839924335,-49.79928,-30.52228,-28.74831,1.020589,-0.1599627,0.2030863,-37.63036,-27.95517,-13.02982
24.849836349,-26.75833,-23.99806,-28.01195,1.049946,-0.1761705,0.1859013,-36.50274,-28.32968,-13.03451
24.859749317,-5.389697,-15.66803,-27.03015,1.051296,-0.1498715,0.2052704,-36.50274,-28.32968,-13.03451
24.869660854,8.79411600000002,-8.32828599999997,-26.72333,1.030644,-0.1301889,0.2171163,-36.50274,-28.32968,-13.03451
24.879573822,17.77513,-4.716664,-26.66197,0.973633,-0.09153849,0.2342264,-36.50274,-28.32968,-13.03451
24.889485836,24.77413,-4.89142,-26.53924,0.9210979,-0.05669646,0.2541507,-36.50274,-28.32968,-13.03451
24.89939785,28.49042,-7.39625499999999,-26.96878,0.8902605,-0.01709926,0.2974338,-36.50759,-27.95508,-13.03566
24.909310341,28.49042,-10.48361,-26.60061,0.8711367,0.02507275,0.341586,-36.50759,-27.95508,-13.03566
24.919222355,24.77413,-13.2797,-25.80289,0.8518699,0.06765821,0.3722978,-36.50759,-27.95508,-13.03566
24.929134846,17.27963,-17.93986,-25.6188,0.833473,0.09702882,0.3769851,-36.50759,-27.95508,-13.03566
24.93904686,12.32458,-24.28932,-25.68016,0.8377236,0.09017662,0.3543327,-36.50759,-27.95508,-13.03566
24.948959351,14.74017,-29.59025,-26.53924,0.8381241,0.0662342,0.3176774,-36.11256,-29.45186,-12.64753
24.958871365,24.40251,-32.85236,-27.2756,0.8619325,0.04987045,0.2837372,-36.11256,-29.45186,-12.64753
24.968783379,34.87004,-33.78439,-27.70514,0.8679054,0.0580431,0.2558872,-36.11256,-29.45186,-12.64753
24.978695869,40.56834,-33.43488,-27.45969,0.8679142,0.08999454,0.2464968,-36.11256,-29.45186,-12.64753
24.988607883,40.87803,-33.08537,-28.19604,0.8506811,0.1241039,0.2271969,-36.11256,-29.45186,-12.64753
24.998520374,38.40051,-34.0174,-29.48466,0.8267816,0.1440744,0.2088248,-35.72263,-30.19423,-10.9768
25.008432388,38.15276,-37.10476,-31.0801,0.8058406,0.1582408,0.1860653,-35.72263,-30.19423,-10.9768
25.018344402,42.3026,-40.59987,-33.10508,0.8031604,0.1639413,0.1698027,-35.72263,-30.19423,-10.9768
25.02825737,50.85006,-44.328,-34.70051,0.8154104,0.1699616,0.1793326,-35.72263,-30.19423,-10.9768
25.038168907,60.7601400000001,-48.28913,-35.19141,0.8473936,0.1616835,0.189065,-35.72263,-30.19423,-10.9768
25.048081875,69.6172800000001,-50.3862,-33.28917,0.8699868,0.1712861,0.210047,-35.69243,-31.68032,-7.952691
25.057993889,75.25365,-51.60949,-32.36872,0.9089152,0.1741169,0.194821,-35.69243,-31.68032,-7.952691
25.06790638,75.8730200000001,-54.40559,-30.83465,0.9320956,0.206943,0.2049086,-35.69243,-31.68032,-7.952691
25.080296516,73.0858100000002,-56.26965,-27.33696,0.9504867,0.2570727,0.1973899,-35.69243,-31.68032,-7.952691
25.090209007,69.6172800000001,-59.0657400000003,-25.25062,0.9447523,0.3046252,0.2184066,-35.69243,-31.68032,-7.952691
25.100121021,65.9629400000001,-64.5996900000003,-25.06653,0.8945155,0.3757586,0.2188649,-34.53139,-33.53726,-4.033838
25.110033035,63.3615400000001,-69.78411,-25.31199,0.8904244,0.3590309,0.1818191,-34.53139,-33.53726,-4.033838
25.119945526,59.5213799999999,-78.4053999999999,-25.1279,0.8498507,0.4021822,0.1858429,-34.53139,-33.53726,-4.033838
25.12985754,51.15974,-83.4150700000002,-20.89386,0.881299,0.3916745,0.1408274,-34.53139,-33.53726,-4.033838
25.139770031,37.84306,-87.8422199999998,-16.04619,0.9005361,0.3812688,0.1449016,-34.53139,-33.53726,-4.033838
25.149682045,24.40251,-91.5120900000001,-13.0394,0.9573535,0.3625178,0.1322472,-33.3811,-34.58284,-0.1817303
25.159594536,12.32458,-90.4053,-12.0576,0.9954818,0.3144577,0.1224514,-33.3811,-34.58284,-0.1817303
25.16950655,4.396515,-84.9878699999998,-11.99623,1.001267,0.2766877,0.1178249,-33.3811,-34.58284,-0.1817303
25.179418564,0.804108299999999,-76.1918299999999,-13.40758,1.016867,0.2763717,0.1128769,-33.3811,-34.58284,-0.1817303
25.189331055,-0.806281,-68.0365500000001,-12.30305,1.069633,0.2548204,0.1309715,-33.3811,-34.58284,-0.1817303
25.199243069,-1.4876,-58.8327400000001,-8.25309699999997,1.122429,0.2435287,0.1640191,-33.35437,-35.69277,3.226696
25.209156036,-1.425662,-47.76486,-4.878137,1.170469,0.2215134,0.1975194,-33.35437,-35.69277,3.226696
25.21906805,3.962949,-36.58049,-2.484983,1.157205,0.1981497,0.2118911,-33.35437,-35.69277,3.226696
25.228979588,15.04986,-25.92038,-0.582733500000001,1.073116,0.2102737,0.2276345,-33.35437,-35.69277,3.226696
25.238892555,27.43747,-17.47384,2.117234,0.9574784,0.1799218,0.1689621,-33.35437,-35.69277,3.226696
25.248804569,33.69321,-20.44469,6.65808999999999,0.8838012,0.17883,0.135545,-32.60289,-35.30923,5.405966
25.25871706,28.49042,-29.4155,8.86715399999999,0.8712273,0.1924018,0.1650413,-32.60289,-35.30923,5.405966
25.268629074,13.19172,-35.12419,8.80579200000003,0.9244688,0.1967034,0.2121133,-32.60289,-35.30923,5.405966
25.278541565,-6.56652,-32.96886,8.86715399999999,1.007972,0.1955028,0.2473449,-32.60289,-35.30923,5.405966
25.288453579,-20.06902,-26.38639,10.46259,1.056376,0.1636729,0.2572487,-32.60289,-35.30923,5.405966
25.298365593,-22.67041,-17.93986,12.61029,1.041447,0.1367726,0.2480845,-31.84332,-35.6767,7.137835
25.308278084,-16.04304,-12.34767,14.88072,0.9759372,0.1101044,0.2182627,-31.84332,-35.6767,7.137835
25.318190098,-6.07101500000003,-13.80397,17.51932,0.9009354,0.09833655,0.1862272,-31.84332,-35.6767,7.137835
25.328102589,1.113798,-20.32819,21.56927,0.8696037,0.116213,0.1559059,-31.84332,-35.6767,7.137835
25.338014603,0.5563561,-27.08542,25.25105,0.8827701,0.1551359,0.1502816,-31.84332,-35.6767,7.137835
25.34792757,-8.36272300000002,-31.27956,28.31919,0.9240131,0.2147545,0.1411743,-32.9758,-34.9276,7.141365
25.357839584,-22.67041,-32.79411,30.40553,1.007535,0.2869651,0.1211965,-32.9758,-34.9276,7.141365
25.370229244,-38.96012,-32.15334,31.75552,1.158666,0.4027683,0.1172092,-32.9758,-34.9276,7.141365
25.380141735,-45.40168,-31.04655,29.7919,1.39108,0.4989209,0.1488312,-32.9758,-34.9276,7.141365
25.390053749,-45.03005,-20.61945,30.4669,1.625361,0.5233619,0.2783908,-32.9758,-34.9276,7.141365
25.399966717,-40.57051,6.87547600000002,34.57821,1.67066,0.4682572,0.4826323,-33.34061,-35.297,8.429358
25.409878731,-45.09199,35.94321,40.46905,1.465649,0.2780905,0.5812136,-33.34061,-35.297,8.429358
25.419791222,-65.0979800000001,48.58388,48.75304,1.041677,0.07180144,0.528062,-33.34061,-35.297,8.429358
25.429703236,-85.59947,31.45781,44.45764,0.6415083,-0.02356337,0.3035325,-33.34061,-35.297,8.429358
25.43961525,-93.89918,-9.14381400000001,31.32598,0.5044233,-0.03465545,0.08337344,-33.34061,-35.297,8.429358
25.449527741,-92.2887900000001,-40.89113,25.9874,0.5960845,-0.0146347,-0.1098843,-33.35327,-34.93129,6.243885
25.459439755,-83.0600100000003,-55.68713,22.06018,0.6634917,0.2095536,-0.235776,-33.35327,-34.93129,6.243885
25.469352245,-69.8052699999999,-61.4540800000002,16.2307,0.8446031,0.2785109,-0.08910279,-33.35327,-34.93129,6.243885
25.479264259,-52.89618,-53.35705,12.61029,0.9839632,0.4811997,-0.2330888,-33.35327,-34.93129,6.243885
25.48917675,-39.82725,-36.52224,12.91711,1.117651,0.3986034,-0.1201176,-33.35327,-34.93129,6.243885
25.499088764,-32.5805,-19.51266,11.13758,1.092703,0.1046619,-0.0839126,-34.86784,-33.81102,5.413029
25.509000778,-23.35173,-8.96905800000002,10.70804,1.038705,-0.2270672,-0.1590874,-34.86784,-33.81102,5.413029
25.518913269,-10.53056,-9.37682200000001,13.5921,0.944809,-0.3609249,-0.2215314,-34.86784,-33.81102,5.413029
25.528825283,1.237675,-21.26022,17.51932,0.9986446,-0.5906913,-0.2475679,-34.86784,-33.81102,5.413029
25.538738251,5.82109000000002,-35.88146,27.6442,1.034338,-0.6219431,-0.1890467,-34.86784,-33.81102,5.413029
25.548649788,3.157754,-41.47365,32.92141,1.1206,-0.5436859,-0.07792641,-34.87106,-33.81468,4.513605
25.558562755,0.1227897,-28.42521,32.79869,1.196624,-0.3811596,0.03961185,-34.87106,-33.81468,4.513605
25.568474769,7.49341799999997,-5.706948,29.48509,1.175273,-0.2223369,0.05095071,-34.87106,-33.81468,4.513605
25.578386784,31.89701,8.62303400000002,27.58284,1.063457,-0.1387976,-0.0262046,-34.87106,-33.81468,4.513605
25.588299274,59.3355699999999,10.07933,27.95102,0.9325075,-0.008461537,-0.102391,-34.87106,-33.81468,4.513605
25.598211288,65.34355,0.933775699999999,25.86468,0.8661506,0.04491708,-0.1211082,-35.2472,-33.05664,6.697559
25.608123779,46.01889,-12.87194,23.96243,0.852704,0.05462889,-0.08586763,-35.2472,-33.05664,6.697559
25.618035793,13.31559,-25.22136,22.73517,0.8810876,0.01817154,-0.07869047,-35.2472,-33.05664,6.697559
25.627948284,-16.22886,-34.42516,21.2011,0.898882,-0.03467903,-0.1219412,-35.2472,-33.05664,6.697559
25.637860298,-29.66941,-41.2989,18.50113,0.8968444,-0.05206756,-0.1979032,-35.2472,-33.05664,6.697559
25.650250435,-20.25483,-49.10466,13.83755,0.9638232,-0.06294953,-0.3071109,-36.00486,-31.99011,7.983076
25.660162926,1.671241,-51.08522,11.56712,1.034372,-0.04419536,-0.3196424,-36.00486,-31.99011,7.983076
25.67007494,24.65026,-44.79401,9.787598,1.083554,-0.01758069,-0.2608604,-36.00486,-31.99011,7.983076
25.67998743,40.38252,-31.33781,7.88534800000001,1.081387,-0.02697412,-0.1970419,-36.00486,-31.99011,7.983076
25.689899445,45.77113,-20.26994,7.08763000000002,1.056252,-0.05664922,-0.1557136,-36.76333,-30.86115,9.2684
25.699811935,42.67423,-17.29909,7.82398500000003,0.9990786,-0.03832285,-0.1305747,-36.76333,-30.86115,9.2684
25.709723949,35.36554,-21.49323,7.33308200000001,0.9674271,-0.04255514,-0.1226276,-36.76333,-30.86115,9.2684
25.719635963,28.73817,-30.23102,7.39444499999999,0.9603429,-0.01056994,-0.1084244,-36.76333,-30.86115,9.2684
25.729548931,23.53537,-33.02712,4.203574,0.9954701,0.05202112,-0.09056644,-36.76333,-30.86115,9.2684
25.739460468,20.62428,-33.60964,3.651307,1.023968,0.06927326,-0.1046397,-36.01346,-30.47944,10.99796
25.749373436,20.74816,-33.43488,4.510388,1.01481,0.09141602,-0.1135304,-36.01346,-30.47944,10.99796
25.75928545,22.6063,-32.73586,4.019485,1.009656,0.07804677,-0.1548654,-36.01346,-30.47944,10.99796
25.769197941,25.82708,-30.34753,5.124017,0.9909556,0.1126253,-0.1736685,-36.01346,-30.47944,10.99796
25.779109955,27.0039,-28.01745,4.75584,0.9900429,0.1299596,-0.1946715,-36.01346,-30.47944,10.99796
25.789021969,23.65925,-26.6194,4.878565,0.9863347,0.1390364,-0.2118624,-37.13488,-30.09788,12.73725
25.79893446,17.15575,-27.60969,5.676283,0.9708406,0.1320907,-0.2050432,-37.13488,-30.09788,12.73725
25.808846474,10.21869,-28.65822,4.019485,0.9585519,0.1231234,-0.2217948,-37.13488,-30.09788,12.73725
25.818758964,5.635276,-32.09509,3.589944,0.9646235,0.1254939,-0.2468034,-37.13488,-30.09788,12.73725
25.828670979,4.520391,-37.92028,3.958122,0.9493459,0.1281685,-0.2552871,-37.13488,-30.09788,12.73725
25.838583469,6.81209899999999,-43.68723,1.994509,0.9376612,0.1285356,-0.2498949,-36.76088,-29.71803,14.01904
25.848495483,10.83807,-47.4736,1.258154,0.9463469,0.08980952,-0.2588761,-36.76088,-29.71803,14.01904
25.858407497,16.59831,-51.78425,0.889976299999999,0.9419014,0.04315008,-0.2701895,-36.76088,-29.71803,14.01904
25.868320465,22.97793,-52.42502,1.626331,0.9371303,0.0009598077,-0.2603431,-36.76088,-29.71803,14.01904
25.878232002,29.6053,-50.67746,2.546775,0.9347098,-0.02539969,-0.2888257,-36.76088,-29.71803,14.01904
25.88814497,36.35655,-50.85222,4.080848,0.9386702,-0.02362244,-0.3296639,-36.00963,-29.33474,16.13407
25.898056984,40.38252,-53.64831,4.939929,0.9390153,-0.02271558,-0.3426253,-36.00963,-29.33474,16.13407
25.907969475,39.88702,-56.85217,5.553557,0.9398416,0.001120215,-0.3295099,-36.00963,-29.33474,16.13407
25.917881489,33.07383,-57.7842000000002,6.78081600000001,0.9407533,0.02646389,-0.3063019,-36.00963,-29.33474,16.13407
25.930272102,18.33258,-60.5220499999998,9.787598,0.9423338,0.007765297,-0.2694689,-36.00963,-29.33474,16.13407
25.940184116,5.94496599999999,-65.3569599999998,9.66487199999998,0.9517577,-0.06472301,-0.246031,-34.87281,-29.69879,18.69917
25.95009613,-1.301785,-63.9589100000002,4.694477,0.9919332,-0.1775803,-0.227468,-34.87281,-29.69879,18.69917
25.960008621,0.3086039,-54.34734,-0.1531931,1.059585,-0.2995625,-0.2581959,-34.87281,-29.69879,18.69917
25.969920635,9.41349700000002,-42.05617,3.099041,1.132473,-0.3320431,-0.245642,-34.87281,-29.69879,18.69917
25.979833126,18.27064,-24.28932,6.84217800000002,1.167903,-0.2473434,-0.1724213,-34.87281,-29.69879,18.69917
25.98974514,22.73018,-10.77487,7.148993,1.159335,-0.1548977,-0.08913897,-33.75677,-28.56603,20.87419
25.999657631,23.47343,-2.270082,6.71945300000003,1.12379,-0.08063266,0.01251774,-33.75677,-28.56603,20.87419
26.009569645,24.89801,3.089098,6.96490399999999,1.083417,-0.01517753,0.109839,-33.75677,-28.56603,20.87419
26.019481659,26.81809,5.593933,7.88534800000001,1.038687,0.07146055,0.1886155,-33.75677,-28.56603,20.87419
26.02939415,25.26964,6.46771199999997,8.00807399999998,1.005413,0.1249294,0.2012834,-33.75677,-28.56603,20.87419
26.039306164,14.80211,3.962878,10.09441,0.9578518,0.1206038,0.1359127,-33.39224,-27.43672,22.21791
26.049219131,-3.655432,-2.619594,9.235332,0.9112784,0.0887302,-0.00839652,-33.39224,-27.43672,22.21791
26.059130669,-24.96212,-9.14381400000001,7.026268,0.9275687,0.01485746,-0.1751741,-33.39224,-27.43672,22.21791
26.069043636,-43.17191,-11.06613,6.044461,0.9685055,-0.04323564,-0.2566063,-33.39224,-27.43672,22.21791
26.07895565,-50.17091,-10.2506,4.939929,0.9815854,-0.08289436,-0.3626263,-33.39224,-27.43672,22.21791
26.088867664,-43.72935,-8.27003499999999,3.896759,0.9842317,-0.0739873,-0.4278929,-33.76512,-27.43518,22.60533
26.098780155,-27.06802,-7.51275900000002,3.896759,0.963414,-0.03415133,-0.4562445,-33.76512,-27.43518,22.60533
26.108692169,-7.74334299999998,-7.454507,3.221767,0.9453223,0.004398199,-0.4587013,-33.76512,-27.43518,22.60533
26.11860466,7.369542,-6.81373500000001,1.196791,0.9441183,0.005492247,-0.431794,-33.76512,-27.43518,22.60533
26.128516674,15.91699,-6.05646000000001,-0.889547900000002,0.94052,-0.03073078,-0.3959902,-33.76512,-27.43518,22.60533
26.138429165,18.76614,-3.901137,-2.975887,0.9409741,-0.08536813,-0.368029,-34.14721,-27.06401,21.77094
26.148341179,18.33258,-2.561342,-3.46679,0.9304493,-0.1329385,-0.3533637,-34.14721,-27.06401,21.77094
26.158253193,18.14676,-2.736098,-3.405427,0.9179335,-0.1564098,-0.361567,-34.14721,-27.06401,21.77094
26.168165684,19.69521,-4.134145,-3.589516,0.9099609,-0.1570733,-0.3768628,-34.14721,-27.06401,21.77094
26.178077698,22.85405,-6.23121499999997,-3.589516,0.9238293,-0.1355943,-0.3821297,-34.14721,-27.06401,21.77094
26.187990665,25.70321,-7.68751500000001,-3.098613,0.946784,-0.09459295,-0.3844696,-33.00851,-28.18614,22.15403
26.197902203,25.70321,-7.74576700000002,-2.546346,0.9555318,-0.04012471,-0.3736241,-33.00851,-28.18614,22.15403
26.210292816,21.11979,-6.93023899999998,-1.932717,0.937571,0.001907542,-0.3592534,-33.00851,-28.18614,22.15403
26.22020483,15.48343,-7.39625499999999,-1.932717,0.9290391,0.01827453,-0.3614663,-33.00851,-28.18614,22.15403
26.230116844,9.47543500000001,-8.50304200000002,-2.178169,0.92656,0.02651877,-0.3551464,-33.00851,-28.18614,22.15403
26.240029812,5.325586,-9.14381400000001,-1.932717,0.9369151,0.02620481,-0.3470815,-34.13938,-27.43521,22.60727
26.249941349,4.334577,-8.561295,-1.56454,0.9531149,0.01912312,-0.3491992,-34.13938,-27.43521,22.60727
26.259854317,6.06884200000002,-6.988491,-0.950910899999997,0.9611896,0.004229923,-0.3421707,-34.13938,-27.43521,22.60727
26.269766331,9.47543500000001,-5.648696,-0.3986447,0.9653988,-0.01410286,-0.3346492,-34.13938,-27.43521,22.60727
26.279678822,12.5104,-5.240932,0.1536215,0.9661476,-0.02225419,-0.3188652,-34.13938,-27.43521,22.60727
26.289590836,13.8111,-4.658412,0.3377102,0.9772441,-0.02389415,-0.2877685,-33.39272,-27.05716,23.4374
26.29950285,12.07683,-3.027358,1.012702,0.9769002,-0.01211742,-0.2598377,-33.39272,-27.05716,23.4374
26.30941534,6.81209899999999,-0.755531299999998,1.503605,0.9832817,-0.002268727,-0.2459065,-33.39272,-27.05716,23.4374
26.319327355,-0.8682191,0.875523700000001,1.871783,0.9779994,-0.006188392,-0.2410822,-33.39272,-27.05716,23.4374
26.329239845,-8.548538,1.574547,2.362686,0.9661073,-0.01031949,-0.2611664,-33.39272,-27.05716,23.4374
26.339151859,-14.37072,1.166783,2.117234,0.9626351,-0.02307107,-0.2809057,-33.02331,-26.68253,23.43431
26.34906435,-16.84824,0.2347521,2.23996,0.9621587,-0.02453407,-0.2813912,-33.02331,-26.68253,23.43431
26.358976364,-16.16692,-0.1730116,2.23996,0.9589375,-0.04056965,-0.2805079,-33.02331,-26.68253,23.43431
26.368888378,-13.56552,-0.4642715,2.23996,0.9554345,-0.04455674,-0.2929862,-33.02331,-26.68253,23.43431
26.378801346,-11.39769,-1.046791,2.117234,0.9540401,-0.0518545,-0.2944624,-33.02331,-26.68253,23.43431
26.388712883,-9.35373199999999,-1.571059,1.626331,0.9575045,-0.06691191,-0.3080392,-33.39596,-26.68073,23.88597
26.398625851,-7.062024,-1.221547,1.135428,0.9570926,-0.07419496,-0.3090442,-33.39596,-26.68073,23.88597
26.408537865,-2.974113,-1.105043,0.0922585699999997,0.9553995,-0.07091646,-0.3272527,-33.39596,-26.68073,23.88597
26.418450356,2.042869,-1.396303,-0.4600076,0.9550945,-0.05156296,-0.3343233,-33.39596,-26.68073,23.88597
26.42836237,7.18372799999999,-1.571059,-1.073637,0.9530098,-0.03458128,-0.3269885,-33.39596,-26.68073,23.88597
26.438274384,10.65226,-0.813783199999999,-1.319088,0.9490735,-0.02878942,-0.3225921,-33.39757,-26.68256,23.43625
26.448186874,12.38652,-0.8720351,-1.625903,0.9373564,-0.02404901,-0.3152498,-33.39757,-26.68256,23.43625
26.458098889,13.0059,-1.629311,-1.625903,0.9373456,-0.01820093,-0.3094488,-33.39757,-26.68256,23.43625
26.468011379,12.38652,-3.143862,-1.687266,0.9509622,-0.01367795,-0.3114653,-33.39757,-26.68256,23.43625
26.477923393,10.59032,-3.027358,-1.809992,0.9510649,-0.008258598,-0.2951047,-33.39757,-26.68256,23.43625
26.487835884,7.92698399999999,-2.270082,-1.687266,0.9452315,-0.01026555,-0.2941038,-33.39111,-27.05532,23.88712
26.500226021,5.139772,-2.736098,-1.135,0.936956,-0.02156997,-0.3037058,-33.39111,-27.05532,23.88712
26.510138512,4.582329,-3.959389,-1.257725,0.9387891,-0.02160938,-0.315727,-33.39111,-27.05532,23.88712
26.520050526,5.263648,-4.89142,-1.135,0.9534901,-0.02726255,-0.3192617,-33.39111,-27.05532,23.88712
26.529963017,6.19271900000002,-4.367153,-1.196362,0.9582279,-0.02240231,-0.3283961,-33.02171,-26.6807,23.88402
26.539875031,6.502409,-3.493374,-1.196362,0.9602826,-0.02037515,-0.3163977,-33.02171,-26.6807,23.88402
26.549787044,6.19271900000002,-2.910854,-0.889547900000002,0.9582096,-0.02046059,-0.3279029,-33.02171,-26.6807,23.88402
26.559700012,5.697214,-2.677846,-0.766822200000002,0.9577693,-0.01751459,-0.3197165,-33.02171,-26.6807,23.88402
26.569611549,5.82109000000002,-2.50309,-0.4600076,0.9660296,-0.0140229,-0.3207299,-33.02171,-26.6807,23.88402
26.579524517,6.68822300000002,-2.21183,-0.2759189,0.9607287,-0.01307425,-0.3120317,-33.38465,-27.42809,24.33799
26.589436531,6.31659499999999,-1.745815,-0.09183015,0.956398,-0.01601982,-0.3086502,-33.38465,-27.42809,24.33799
26.599348545,5.263648,-1.396303,0.2149844,0.9563303,-0.01654284,-0.3158554,-33.38465,-27.42809,24.33799
26.609261036,3.343568,-1.338051,0.3990731,0.9568179,-0.01848867,-0.3182737,-33.38465,-27.42809,24.33799
26.61917305,1.609303,-1.046791,0.583161800000002,0.9543081,-0.01221164,-0.3172483,-33.38465,-27.42809,24.33799
26.629085541,0.5563561,-0.639027300000002,0.767250500000003,0.9512844,-0.003026814,-0.3152386,-33.0201,-26.67887,24.33373
26.638997555,-0.5585288,-0.813783199999999,0.828613499999998,0.9482628,-0.0001825199,-0.3204734,-33.0201,-26.67887,24.33373
26.648910046,-1.177909,-1.105043,1.012702,0.9474782,-0.01472826,-0.3186424,-33.0201,-26.67887,24.33373
26.65882206,-1.177909,-1.163295,1.196791,0.9540129,-0.02431205,-0.3125246,-33.0201,-26.67887,24.33373
26.66873455,-1.239847,-0.6972793,1.38088,0.9575107,-0.03349845,-0.3159793,-33.0201,-26.67887,24.33373
26.678646564,-1.425662,-0.639027300000002,1.564968,0.9525614,-0.03261506,-0.3207292,-33.01849,-26.67704,24.78345
26.688558578,-1.177909,-0.1147597,1.626331,0.9548393,-0.01657379,-0.3182426,-33.01849,-26.67704,24.78345
26.698471546,-1.611476,0.001744238,1.442243,0.9462849,0.00124502,-0.3209258,-33.01849,-26.67704,24.78345
26.708383083,-2.912175,-0.5225234,1.38088,0.9443308,0.003172641,-0.3184941,-33.01849,-26.67704,24.78345
26.718296051,-4.522564,-1.163295,1.442243,0.9441012,-0.02060102,-0.3210511,-33.01849,-26.67704,24.78345
26.728208065,-5.637449,-1.804067,1.442243,0.9522698,-0.04666485,-0.3179392,-32.64908,-26.30242,24.78035
26.738120556,-4.64644,-0.8720351,1.258154,0.9564675,-0.07475973,-0.3229668,-32.64908,-26.30242,24.78035
26.74803257,-0.806281,-0.5225234,1.258154,0.9510407,-0.07729126,-0.330616,-32.64908,-26.30242,24.78035
26.757944584,2.538374,-0.8720351,1.196791,0.9551911,-0.05882977,-0.3334123,-32.64908,-26.30242,24.78035
26.767857075,3.033878,-0.988539100000001,1.012702,0.9530841,-0.03503041,-0.32027,-32.64908,-26.30242,24.78035
26.780247211,-0.2488386,-0.580775400000001,0.828613499999998,0.957678,-0.03389915,-0.3001383,-32.6477,-26.30085,25.16581
26.790159702,-2.974113,-0.1730116,0.705887599999999,0.9485361,-0.04710904,-0.3011021,-32.6477,-26.30085,25.16581
26.800071716,-2.850237,-0.2895156,0.6445247,0.9498789,-0.04910643,-0.3155326,-32.6477,-26.30085,25.16581
26.809984207,-0.682404900000003,-0.988539100000001,0.5217989,0.9482614,-0.03359344,-0.3120531,-32.6477,-26.30085,25.16581
26.819896221,1.485427,-0.813783199999999,0.583161800000002,0.9509413,-0.01564005,-0.3157996,-32.6477,-26.30085,25.16581
26.829808712,1.547365,-0.8720351,0.3990731,0.9459608,-0.008431431,-0.3161857,-33.39275,-26.67707,24.78539
26.839720726,-0.1869005,-1.454555,0.1536215,0.9440954,-0.01475038,-0.31477,-33.39275,-26.67707,24.78539
26.84963274,-1.549538,-1.920571,-0.03046724,0.9492164,-0.03456871,-0.3154296,-33.39275,-26.67707,24.78539
26.859545231,-0.9301572,-1.396303,0.0922585699999997,0.9542983,-0.05440743,-0.3199302,-33.39275,-26.67707,24.78539
26.869457245,1.733179,-1.046791,0.2149844,0.9572209,-0.05388875,-0.3204339,-33.39275,-26.67707,24.78539
26.879370213,4.520391,-0.930287099999998,0.2763473,0.9532249,-0.04764012,-0.3213156,-33.40245,-25.92788,24.78308
26.889282227,5.387524,-0.755531299999998,0.0922585699999997,0.9505838,-0.03118752,-0.3211816,-33.40245,-25.92788,24.78308
26.899194717,3.343568,-0.5225234,0.2763473,0.9501702,-0.03213006,-0.314942,-33.40245,-25.92788,24.78308
26.909106731,-0.06302445,-0.580775400000001,0.2149844,0.9532408,-0.03494887,-0.3049059,-33.40245,-25.92788,24.78308
26.919018745,-2.602484,-0.4060195,0.0922585699999997,0.9414427,-0.03415306,-0.3100732,-33.40245,-25.92788,24.78308
26.928931236,-2.602484,-0.755531299999998,-0.214556,0.950192,-0.04138698,-0.3236467,-33.01226,-27.05007,25.17007
26.93884325,-0.6204669,-1.221547,-0.03046724,0.95202,-0.04142893,-0.336148,-33.01226,-27.05007,25.17007
26.948755741,1.547365,-0.8720351,0.2149844,0.9549413,-0.03749632,-0.3327878,-33.01226,-27.05007,25.17007
26.958667755,2.538374,-0.4060195,0.3377102,0.9442089,-0.03127665,-0.3230439,-33.01226,-27.05007,25.17007
26.968580246,1.918993,-0.4642715,0.3377102,0.9442298,-0.02931455,-0.3187096,-33.01226,-27.05007,25.17007
26.97849226,0.0608516599999998,-1.163295,0.1536215,0.9485388,-0.0224779,-0.3196642,-32.65255,-25.92625,25.16466
26.988404274,-2.10698,-0.755531299999998,0.03089567,0.9569835,-0.02864639,-0.3140215,-32.65255,-25.92625,25.16466
26.998316765,-3.345741,-0.2312636,-0.03046724,0.9575868,-0.04028809,-0.3165054,-32.65255,-25.92625,25.16466
27.008228779,-2.788299,-0.1147597,-0.03046724,0.9506667,-0.04431514,-0.3284722,-32.65255,-25.92625,25.16466
27.018141747,-0.8682191,-0.1147597,0.03089567,0.954248,-0.05101897,-0.3208674,-32.65255,-25.92625,25.16466
27.028053284,1.299613,-0.05650773,0.2149844,0.9579248,-0.0354825,-0.3255995,-32.26997,-26.67698,24.77955
27.037966251,1.857055,0.0599961999999999,0.2149844,0.9588396,-0.01989328,-0.3135002,-32.26997,-26.67698,24.77955
27.047878265,0.5563561,0.351256,0.3990731,0.9514238,-0.01222259,-0.3124202,-32.26997,-26.67698,24.77955
27.060268879,-1.79729,0.351256,0.03089567,0.9476701,-0.02584792,-0.3129564,-32.26997,-26.67698,24.77955
27.070180893,-2.788299,-0.05650773,-0.09183015,0.9477249,-0.03167308,-0.3144362,-32.26997,-26.67698,24.77955
27.08009243,-2.602484,0.001744238,-0.1531931,0.9467196,-0.03804104,-0.3245526,-32.65393,-25.92782,24.77919
27.090005398,-1.549538,0.293004,-0.09183015,0.9442428,-0.03369807,-0.3225802,-32.65393,-25.92782,24.77919
27.099917412,-0.992095199999997,-0.4060195,0.03089567,0.9396783,-0.02944819,-0.3335533,-32.65393,-25.92782,24.77919
27.109829903,-1.549538,-1.105043,0.2149844,0.9484614,-0.02837184,-0.3341075,-32.65393,-25.92782,24.77919
27.119741917,-2.41667,-1.105043,-0.09183015,0.9446324,-0.03569487,-0.334601,-32.65393,-25.92782,24.77919
27.129654408,-2.726361,-0.8720351,-0.214556,0.9486992,-0.04580911,-0.3313449,-32.26997,-26.67698,24.77955
27.139566422,-2.478608,-1.163295,-0.2759189,0.9486467,-0.04388522,-0.3342126,-32.26997,-26.67698,24.77955
27.149478912,-1.4876,-0.930287099999998,-0.3986447,0.9520521,-0.03750983,-0.3284397,-32.26997,-26.67698,24.77955
27.159390926,-0.992095199999997,0.001744238,-0.4600076,0.9608182,-0.02717401,-0.319809,-32.26997,-26.67698,24.77955
27.16930294,-0.5585288,0.409508,-0.4600076,0.951926,-0.01416079,-0.313398,-32.26997,-26.67698,24.77955
27.179215431,-1.115971,0.2347521,-0.582733500000001,0.9450601,-0.01035472,-0.3109084,-33.01849,-26.67704,24.78345
27.189127445,-1.611476,0.001744238,-0.3986447,0.9495846,-0.02486933,-0.3158485,-33.01849,-26.67704,24.78345
27.199040413,-1.921166,-0.2312636,-0.2759189,0.9467822,-0.02678889,-0.3052719,-33.01849,-26.67704,24.78345
27.208952427,-2.10698,-0.2312636,-0.3372818,0.9565049,-0.03157397,-0.3164374,-33.01849,-26.67704,24.78345
27.218864918,-2.354732,-0.2312636,-0.3372818,0.9554964,-0.02818746,-0.3154452,-33.01849,-26.67704,24.78345
27.228776932,-2.664423,0.0599961999999999,-0.3372818,0.9550374,-0.03110484,-0.3159405,-33.02819,-25.92785,24.78114
27.238688946,-2.974113,0.001744238,-0.09183015,0.9491144,-0.03510956,-0.3259957,-33.02819,-25.92785,24.78114
27.248601437,-3.779308,-0.580775400000001,-0.03046724,0.9531206,-0.03891385,-0.3212565,-33.02819,-25.92785,24.78114
27.258513451,-4.770316,-0.5225234,0.2149844,0.9600106,-0.03978058,-0.3179649,-33.02819,-25.92785,24.78114
27.268425942,-5.637449,0.409508,0.3377102,0.9521527,-0.03892089,-0.3202873,-33.02819,-25.92785,24.78114
27.278337956,-6.38070599999998,0.933775699999999,0.2149844,0.944205,-0.03176655,-0.3240074,-32.64908,-26.30242,24.78035
27.288250446,-7.43365200000003,0.293004,0.1536215,0.9377758,-0.02895712,-0.3277705,-32.64908,-26.30242,24.78035
27.29816246,-8.92016599999997,-0.4642715,-0.03046724,0.9459444,-0.01819608,-0.3292148,-32.64908,-26.30242,24.78035
27.308074474,-10.65443,-0.4060195,-0.214556,0.9596851,-0.01994993,-0.3264726,-32.64908,-26.30242,24.78035
27.317986965,-11.088,0.0599961999999999,-0.09183015,0.9612034,-0.0267341,-0.3294128,-32.64908,-26.30242,24.78035
27.327898979,-10.09699,0.759019800000003,-0.09183015,0.9534969,-0.03896637,-0.332304,-33.77346,-26.30434,24.33647
27.340289593,-7.43365200000003,0.933775699999999,0.03089567,0.9481671,-0.0409596,-0.3298672,-33.77346,-26.30434,24.33647
27.350201607,-5.513573,0.700767799999999,0.2763473,0.9482481,-0.04238086,-0.3236353,-33.77346,-26.30434,24.33647
27.360114575,-5.265821,0.5842639,0.3377102,0.9476532,-0.03268598,-0.322605,-33.77346,-26.30434,24.33647
27.370026112,-6.69039600000003,0.46776,0.2149844,0.9490521,-0.02245909,-0.317268,-33.77346,-26.30434,24.33647
27.379939079,-8.98210400000001,0.642515800000001,0.03089567,0.9587403,-0.01653031,-0.3192388,-33.02655,-26.3061,23.88287
27.389851093,-10.84025,1.166783,-0.09183015,0.9568152,-0.0223925,-0.3231013,-33.02655,-26.3061,23.88287
27.399763107,-11.45963,1.458043,0.1536215,0.9520293,-0.03313141,-0.3255293,-33.02655,-26.3061,23.88287
27.409675598,-11.088,1.691051,0.2149844,0.9599603,-0.04175797,-0.32518,-33.02655,-26.3061,23.88287
27.419587612,-10.22087,2.157067,0.2149844,0.9619144,-0.03831974,-0.3213339,-33.02655,-26.3061,23.88287
27.429500103,-9.22985600000001,3.030846,0.3990731,0.9639322,-0.0348484,-0.3112461,-33.39111,-27.05532,23.88712
27.439412117,-9.16791799999997,3.671618,0.705887599999999,0.9648702,-0.0265642,-0.3054377,-33.39111,-27.05532,23.88712
27.449324608,-9.47760899999999,3.788122,0.951339199999998,0.9599968,-0.02417803,-0.3010553,-33.39111,-27.05532,23.88712
27.459236622,-11.02606,3.555114,0.889976299999999,0.9677398,-0.02119504,-0.3054285,-33.39111,-27.05532,23.88712
27.469149113,-13.19389,4.370642,0.828613499999998,0.9730309,-0.0114171,-0.3025313,-33.39111,-27.05532,23.88712
27.479061127,-15.73335,5.186169,0.889976299999999,0.9587683,-0.007735245,-0.3062161,-32.64745,-26.68067,23.88208
27.488973141,-17.65343,5.88519199999999,1.012702,0.9495641,-0.01902634,-0.3110078,-32.64745,-26.68067,23.88208
27.498885632,-17.90118,5.76868899999999,0.951339199999998,0.9491318,-0.03119809,-0.3197278,-32.64745,-26.68067,23.88208
27.508797646,-16.53855,5.535681,1.135428,0.9506314,-0.0384798,-0.3250719,-32.64745,-26.68067,23.88208
27.518710613,-14.80428,5.477429,1.196791,0.9496332,-0.04338064,-0.3327779,-32.64745,-26.68067,23.88208
27.528622627,-13.50358,5.76868899999999,1.196791,0.9496871,-0.03798676,-0.3212186,-33.38764,-27.43149,23.50281
27.538535118,-13.75133,6.584216,1.012702,0.9550477,-0.03402634,-0.3183608,-33.38764,-27.43149,23.50281
27.548447132,-14.74234,7.28324000000001,0.828613499999998,0.9570935,-0.03785746,-0.3140839,-33.38764,-27.43149,23.50281
27.558359623,-15.60948,8.215271,0.767250500000003,0.9502325,-0.03941469,-0.3173919,-33.38764,-27.43149,23.50281
27.568271637,-15.42366,8.33177500000003,0.2149844,0.9560788,-0.04179126,-0.3222634,-33.38764,-27.43149,23.50281
27.578183651,-14.37072,8.68128599999997,-0.09183015,0.9622577,-0.03107235,-0.3270507,-33.37955,-28.18251,23.0554
27.588096142,-12.14094,9.38030999999998,-0.214556,0.972243,-0.02474953,-0.3472676,-33.37955,-28.18251,23.0554
27.598008156,-9.22985600000001,10.02108,-0.5213705,0.9784802,-0.02180515,-0.3554683,-33.37955,-28.18251,23.0554
27.607920647,-6.194891,10.07933,-0.09183015,0.9816436,0.004444205,-0.350041,-33.37955,-28.18251,23.0554
27.617832661,-4.894192,10.37059,0.03089567,0.9796795,0.02783011,-0.3234583,-33.37955,-28.18251,23.0554
27.630223274,-7.309776,12.46766,1.196791,0.9593937,0.0428253,-0.281397,-33.76027,-27.80978,22.60648
27.640135288,-12.32676,12.93368,1.503605,0.9369443,0.03768784,-0.2831443,-33.76027,-27.80978,22.60648
27.650047779,-18.83025,10.31234,1.626331,0.9361973,0.008039634,-0.2953388,-33.76027,-27.80978,22.60648
27.659959793,-25.27181,7.86575900000002,2.362686,0.9643828,-0.01925252,-0.2967416,-33.76027,-27.80978,22.60648
27.669871807,-29.54554,7.224988,2.669501,1.001665,-0.02213869,-0.2884628,-33.76971,-27.44041,21.32043
27.679784775,-31.46562,9.78807399999997,2.976315,1.022945,-0.02662103,-0.269003,-33.76971,-27.44041,21.32043
27.689696312,-32.02306,13.5162,3.774033,1.029437,-0.02354416,-0.252237,-33.76971,-27.44041,21.32043
27.69960928,-29.9791,15.55502,3.528581,1.047473,-0.0004195536,-0.2306426,-33.76971,-27.44041,21.32043
27.709521294,-25.45763,17.8851,3.160404,1.075122,0.01420881,-0.1875866,-33.76971,-27.44041,21.32043
27.719433784,-20.25483,23.41903,3.28313,1.092674,0.02196842,-0.1358402,-34.13563,-28.57128,19.59124
27.729345798,-16.91018,30.52577,4.510388,1.088218,0.02652307,-0.08823295,-34.13563,-28.57128,19.59124
27.739257812,-16.35273,36.00146,6.044461,1.079871,0.03884442,-0.02949437,-34.13563,-28.57128,19.59124
27.749170303,-20.19289,40.42861,7.51716999999999,1.07368,0.06251356,0.06195064,-34.13563,-28.57128,19.59124
27.759082317,-32.5805,49.69067,9.66487199999998,1.084159,0.07593167,0.1935065,-34.13563,-28.57128,19.59124
27.768994808,-50.4806,60.1760200000001,11.81257,1.079718,0.06146984,0.2203401,-34.51149,-28.57314,19.14347
27.778906822,-60.5765000000003,66.64198,12.4262,1.054557,0.03153329,0.2112503,-34.51149,-28.57314,19.14347
27.788819313,-57.3557199999999,67.1662499999999,13.03983,1.026508,0.008652273,0.1671827,-34.51149,-28.57314,19.14347
27.798731327,-44.90617,63.61288,13.46937,1.019754,-0.03284906,0.1275957,-34.51149,-28.57314,19.14347
27.808644295,-31.89918,59.1857400000001,12.79438,1.020912,-0.01714254,0.06815003,-34.51149,-28.57314,19.14347
27.818556309,-23.7853,57.6711900000001,9.72623500000002,1.000071,0.02852632,-0.05091239,-35.26249,-29.33625,15.74471
27.828467846,-20.06902,55.63237,6.71945300000003,0.9785851,0.09483491,-0.2087241,-35.26249,-29.33625,15.74471
27.838380814,-22.73235,51.9625,4.019485,0.9638553,0.164358,-0.3238429,-35.26249,-29.33625,15.74471
27.848292828,-31.65143,47.65185,1.503605,0.9764224,0.225408,-0.3619651,-35.26249,-29.33625,15.74471
27.858205318,-46.82625,44.85575,-0.3986447,1.024294,0.2113498,-0.3831483,-35.26249,-29.33625,15.74471
27.868117332,-66.3367399999998,40.60336,3.037678,1.032815,0.1608308,-0.4219763,-36.40737,-28.60127,12.27903
27.878029823,-82.9980800000003,38.7393,4.817203,0.9611261,0.1446583,-0.469917,-36.40737,-28.60127,12.27903
27.887941837,-88.1389399999999,36.99174,5.062654,0.9077559,0.1176112,-0.5084964,-36.40737,-28.60127,12.27903
27.897854328,-83.8032700000001,33.55487,4.633114,0.8943655,0.112718,-0.4848774,-36.40737,-28.60127,12.27903
27.910244465,-75.1319400000001,30.81703,3.774033,0.9337229,0.0599316,-0.3804384,-36.40737,-28.60127,12.27903
27.920156479,-67.5135700000001,32.04033,2.976315,0.9478663,0.01888394,-0.2891324,-36.78597,-28.98635,9.712343
27.93006897,-57.6034700000001,33.96264,1.135428,0.9671763,-0.01927988,-0.2151407,-36.78597,-28.98635,9.712343
27.939980984,-42.42865,35.7102,-0.889547900000002,0.9981768,-0.07439312,-0.165378,-36.78597,-28.98635,9.712343
27.949893475,-22.9801,38.33154,-1.503177,1.035819,-0.1100143,-0.1126659,-36.78597,-28.98635,9.712343
27.959805489,-4.150936,44.33149,-2.607709,1.056529,-0.1123454,-0.05093253,-36.78597,-28.98635,9.712343
27.969717979,9.66124900000002,51.03046,-4.141782,1.053884,-0.09857325,-0.006641761,-37.53074,-30.12248,6.700199
27.979629993,17.52738,56.97216,-5.675855,1.03204,-0.07925352,0.03162146,-37.53074,-30.12248,6.700199
27.989542961,19.44746,61.5740699999997,-7.08720199999999,0.9898568,-0.04277609,0.06154425,-37.53074,-30.12248,6.700199
27.999454975,15.85505,63.4963800000002,-8.43718500000001,0.956007,-0.002768748,0.09765553,-37.53074,-30.12248,6.700199
28.009366512,9.84706299999998,62.9721100000002,-10.09398,0.9340205,0.02233028,0.1287562,-37.53074,-30.12248,6.700199
28.01927948,2.97194,62.9721100000002,-11.19852,0.9309513,0.05636948,0.1554201,-38.29191,-29.75684,4.518621
28.029191494,-2.664423,61.5158200000001,-11.62806,0.9233186,0.07807369,0.151794,-38.29191,-29.75684,4.518621
28.039103985,-6.44264400000003,61.2828100000002,-13.40758,0.9262336,0.09614938,0.1710938,-38.29191,-29.75684,4.518621
28.049015999,-7.37171500000001,61.5158200000001,-15.00302,0.9384698,0.122402,0.1553103,-38.29191,-29.75684,4.518621
28.05892849,-6.07101500000003,58.9527300000002,-16.59845,0.9201816,0.1245121,0.1386879,-38.29191,-29.75684,4.518621
28.068840504,-4.708378,55.57412,-17.45753,0.8846829,0.1248941,0.1106894,-38.30595,-29.3927,1.947682
28.078752518,-6.194891,50.6227,-17.88707,0.8613778,0.1219988,0.07583414,-38.30595,-29.3927,1.947682
28.088665009,-11.52156,46.07905,-17.15072,0.8522707,0.1158758,0.03890538,-38.30595,-29.3927,1.947682
28.098577023,-19.07801,43.34121,-16.53709,0.8577734,0.0984467,0.03057569,-38.30595,-29.3927,1.947682
28.108489513,-25.33375,44.38974,-16.47573,0.86887,0.07534336,0.03656121,-38.30595,-29.3927,1.947682
28.118401527,-29.66941,48.11787,-16.41436,0.8723374,0.05126755,0.06037667,-38.29737,-30.52328,0.2807827
28.128314495,-32.20887,47.06933,-14.88029,0.88,0.0105545,0.04466951,-38.29737,-30.52328,0.2807827
28.138226509,-28.74034,43.86547,-13.28485,0.9117311,-0.00394785,0.07020798,-38.29737,-30.52328,0.2807827
28.148139,-21.43165,40.83637,-11.87351,0.9539947,-0.01989583,0.07211166,-38.29737,-30.52328,0.2807827
28.158051014,-12.45063,40.42861,-10.09398,0.9860187,-0.01303064,0.1035517,-38.29737,-30.52328,0.2807827
28.167963028,-2.602484,40.83637,-11.87351,0.9897391,-0.03136949,0.1110776,-37.93578,-30.15755,-1.906634
28.177875519,7.18372799999999,41.06938,-12.0576,0.9635787,-0.06279296,0.09814595,-37.93578,-30.15755,-1.906634
28.190265656,14.12079,35.59369,-9.90989499999997,0.9155673,-0.04808009,0.05883485,-37.93578,-30.15755,-1.906634
28.200178146,13.68722,28.07919,-7.76219299999999,0.9090067,-0.01899758,0.07301386,-37.93578,-30.15755,-1.906634
28.21009016,10.52838,22.19574,-6.41221000000002,0.9407515,0.02528329,0.1210311,-37.93578,-30.15755,-1.906634
28.220002651,9.35155899999998,19.5744,-5.553129,0.978653,0.05027588,0.1746248,-37.54833,-31.66296,-3.63857
28.229914665,11.39551,18.75887,-5.73721700000003,1.005147,0.05992188,0.1946107,-37.54833,-31.66296,-3.63857
28.239827156,13.25366,16.48705,-4.509959,1.013394,0.04463051,0.2179603,-37.54833,-31.66296,-3.63857
28.24973917,14.61629,13.10844,-2.975887,1.025974,0.0259442,0.2306838,-37.54833,-31.66296,-3.63857
28.259651661,16.16475,11.06962,-1.441814,1.028972,0.03577076,0.2484873,-37.54833,-31.66296,-3.63857
28.269563675,17.52738,10.13759,-0.5213705,1.031822,0.05186141,0.2591317,-36.80466,-31.2883,-3.643617
28.279475689,16.78412,7.98226299999999,0.0922585699999997,1.014084,0.05010689,0.243919,-36.80466,-31.2883,-3.643617
28.289388657,13.0059,6.70071999999997,1.994509,1.005653,0.06287228,0.2949787,-36.80466,-31.2883,-3.643617
28.299300194,8.36055000000001,4.02113,1.994509,1.011674,0.08935847,0.2456432,-36.80466,-31.2883,-3.643617
28.309213162,4.768144,2.506578,2.669501,1.024364,0.08218841,0.2349146,-36.80466,-31.2883,-3.643617
28.319125176,2.476436,1.749303,4.080848,1.036469,0.07886514,0.2194154,-37.54833,-31.66296,-3.63857
28.329037666,1.299613,-0.05650773,6.53536400000002,1.049428,0.07109917,0.1865931,-37.54833,-31.66296,-3.63857
28.33894968,-2.726361,-5.76519999999999,9.48078300000003,1.087329,0.06364798,0.1545025,-37.54833,-31.66296,-3.63857
28.348862171,-11.5835,-15.20202,11.50576,1.126815,0.05334957,0.130541,-37.54833,-31.66296,-3.63857
28.358774185,-22.36072,-25.92038,11.62849,1.165365,0.03867078,0.1055986,-37.54833,-31.66296,-3.63857
28.368686199,-29.66941,-34.59992,12.18075,1.18562,0.04268442,0.08287056,-37.92098,-31.66116,-3.186912
28.37859869,-28.6784,-39.26008,12.67165,1.157327,0.05382299,0.05487708,-37.92098,-31.66116,-3.186912
28.388510704,-18.5825,-39.8426,12.48757,1.072405,0.09526957,0.02376798,-37.92098,-31.66116,-3.186912
28.398423195,-4.770316,-36.93,10.15578,0.9749528,0.2061598,0.04413417,-37.92098,-31.66116,-3.186912
28.408335209,3.343568,-32.38634,5.369469,0.9403499,0.3174826,0.09033069,-37.92098,-31.66116,-3.186912
28.418248177,-0.5585288,-27.20192,2.546775,0.9222777,0.3882374,0.1274612,-37.93229,-30.9138,-3.638932
28.428159714,-15.4856,-24.11457,2.178597,0.9120378,0.3978797,0.1415448,-37.93229,-30.9138,-3.638932
28.438072682,-37.04004,-24.17282,3.221767,0.9083406,0.3352638,0.1368404,-37.93229,-30.9138,-3.638932
28.447984696,-58.16092,-25.27961,4.080848,0.9130406,0.2684059,0.1353912,-37.93229,-30.9138,-3.638932
28.45789671,-72.7783,-23.76506,2.608138,0.9209251,0.1814668,0.0872034,-37.93229,-30.9138,-3.638932
28.470287323,-76.0610099999999,-25.45436,3.160404,0.9100882,0.04812854,0.01871302,-38.68105,-30.53403,-2.351301
28.48019886,-67.4516299999999,-30.93005,5.98309800000002,0.896782,-0.02940383,-0.03449785,-38.68105,-30.53403,-2.351301
28.490111828,-54.073,-39.31833,8.86715399999999,0.8854524,-0.07105154,-0.0913292,-38.68105,-30.53403,-2.351301
28.500023842,-41.56152,-48.23088,10.70804,0.8992165,-0.08084646,-0.1433788,-38.68105,-30.53403,-2.351301
28.509936333,-33.076,-56.96867,11.38303,0.9278493,-0.09816738,-0.2801239,-39.05669,-30.53563,-2.734822
28.519848347,-29.23585,-62.4443600000002,14.38982,0.9908413,-0.03230359,-0.2591408,-39.05669,-30.53563,-2.734822
28.529760838,-35.11996,-64.1336699999999,16.47615,1.028938,0.05253363,-0.2594081,-39.05669,-30.53563,-2.734822
28.539672852,-50.10897,-62.4443600000002,15.55571,1.059234,0.1321667,-0.2159435,-39.05669,-30.53563,-2.734822
28.549585342,-68.9381399999998,-56.4444,14.45118,1.060171,0.1548453,-0.145698,-39.05669,-30.53563,-2.734822
28.559497356,-83.4316399999999,-49.74543,12.54893,1.02485,0.1397189,-0.07921027,-39.05856,-30.15764,-1.900796
28.56940937,-89.6873900000002,-47.06584,10.70804,0.9791013,0.1012144,-0.007980275,-39.05856,-30.15764,-1.900796
28.579321861,-88.4486200000002,-47.4736,9.11260599999998,0.9363998,0.06183025,0.073299,-39.05856,-30.15764,-1.900796
28.589233875,-81.4496199999998,-48.98816,7.21035599999999,0.8997281,0.02844868,0.08205861,-39.05856,-30.15764,-1.900796
28.599146843,-70.5485300000003,-52.42502,4.817203,0.9182414,-0.008914592,0.03170202,-39.05856,-30.15764,-1.900796
28.609058857,-56.24084,-56.79392,3.958122,0.9556112,-0.04419868,-0.03706111,-39.82162,-29.03391,-1.900365
28.618971348,-40.69439,-59.6482599999998,5.86037199999999,0.994619,-0.06327785,-0.07019973,-39.82162,-29.03391,-1.900365
28.628883362,-26.20088,-59.7647699999999,7.82398500000003,1.022617,-0.09261873,-0.09226125,-39.82162,-29.03391,-1.900365
28.638795376,-15.29979,-56.73566,9.84896099999999,1.053321,-0.09423648,-0.1040798,-39.82162,-29.03391,-1.900365
28.648707867,-9.47760899999999,-50.44445,11.81257,1.067503,-0.08332614,-0.09117399,-39.82162,-29.03391,-1.900365
28.658619881,-9.35373199999999,-42.40568,13.40801,1.062614,-0.07509442,-0.08147077,-39.45246,-28.27946,-0.6197262
28.668532371,-14.37072,-35.06594,15.12617,1.02917,-0.0487826,-0.06946239,-39.45246,-28.27946,-0.6197262
28.678444385,-23.90917,-30.17277,13.96028,0.9910831,-0.06533086,-0.08362515,-39.45246,-28.27946,-0.6197262
28.688356876,-34.31477,-30.9883,13.5921,0.9731827,-0.1064336,-0.1130231,-39.45246,-28.27946,-0.6197262
28.69826889,-42.05702,-34.54167,12.79438,0.9727802,-0.1161508,-0.115965,-39.45246,-28.27946,-0.6197262
28.708181858,-45.03005,-37.39602,11.68985,0.9739513,-0.1414039,-0.1267076,-40.20261,-27.90127,0.2824373
28.718093395,-40.75632,-38.91056,9.66487199999998,0.9865831,-0.1805509,-0.1328471,-40.20261,-27.90127,0.2824373
28.728005409,-27.99709,-40.59987,8.43761400000001,1.03302,-0.1824158,-0.1366501,-40.20261,-27.90127,0.2824373
28.737918377,-10.22087,-39.78434,7.76262199999999,1.05522,-0.1320423,-0.1062698,-40.20261,-27.90127,0.2824373
28.747829914,8.91799300000002,-34.30866,7.82398500000003,1.059445,-0.0823222,-0.06516424,-40.20261,-27.90127,0.2824373
28.760221004,27.12778,-24.69709,8.19216299999999,1.049652,-0.02074913,-0.04209602,-39.81728,-28.64886,0.6682663
28.770132542,29.48143,-18.9884,9.05124299999999,1.029086,-0.005411821,-0.02691874,-39.81728,-28.64886,0.6682663
28.780045509,18.51839,-16.83307,10.46259,1.028376,-0.0128503,-0.0572117,-39.81728,-28.64886,0.6682663
28.789957523,-0.2488386,-18.17287,11.81257,1.009261,-0.04774693,-0.1024023,-39.81728,-28.64886,0.6682663
28.799870014,-17.34374,-20.32819,12.24211,0.9910689,-0.06363531,-0.1306692,-39.81728,-28.64886,0.6682663
28.809782028,-29.4836,-20.26994,12.67165,0.9995276,-0.09613804,-0.1544917,-40.56929,-27.89267,2.404456
28.819694519,-35.05802,-18.93014,14.083,1.009805,-0.1125903,-0.1729424,-40.56929,-27.89267,2.404456
28.829606533,-36.85423,-17.47384,15.31026,1.028241,-0.1180379,-0.1457802,-40.56929,-27.89267,2.404456
28.839519024,-37.22585,-16.48356,16.84433,1.027056,-0.0896171,-0.08507993,-40.56929,-27.89267,2.404456
28.849431038,-36.54454,-13.97873,17.8875,1.027162,-0.08614711,-0.07065305,-40.56929,-27.89267,2.404456
28.859343052,-33.19988,-13.0467,17.8875,1.030621,-0.09047538,-0.07215436,-41.26837,-26.76711,2.854275
28.869255543,-27.43964,-11.18263,18.31704,1.016983,-0.07037997,-0.09110069,-41.26837,-26.76711,2.854275
28.879167557,-22.17491,-8.03702600000001,17.8875,0.9821447,-0.03844366,-0.1131332,-41.26837,-26.76711,2.854275
28.889080524,-17.96312,-6.75548299999999,17.76477,0.948779,-0.009900538,-0.138563,-41.26837,-26.76711,2.854275
28.898992062,-17.03405,-7.68751500000001,16.2307,0.9252228,0.0173173,-0.1626519,-41.26837,-26.76711,2.854275
28.908905029,-20.87421,-11.06613,14.26709,0.9375784,0.03192471,-0.1804347,-41.27158,-26.77077,1.95485
28.918817043,-29.05003,-15.02726,13.28528,0.9577439,0.02443228,-0.1777901,-41.27158,-26.77077,1.95485
28.928729534,-39.51756,-18.34762,14.02164,0.9801884,-0.0126235,-0.1782446,-41.27158,-26.77077,1.95485
28.938641548,-47.69339,-18.87189,14.63527,0.9856712,-0.05859516,-0.1742801,-41.27158,-26.77077,1.95485
28.948553562,-51.28579,-15.66803,13.46937,0.9739719,-0.116524,-0.1908832,-41.27158,-26.77077,1.95485
28.958466053,-49.05602,-11.18263,12.67165,0.9715104,-0.147295,-0.2285178,-42.03603,-25.64861,1.569813
28.968378067,-41.25183,-8.61954700000002,12.11939,0.9596376,-0.159221,-0.2558565,-42.03603,-25.64861,1.569813
28.978290558,-31.09399,-8.73605099999999,11.9353,0.9523732,-0.143915,-0.2787349,-42.03603,-25.64861,1.569813
28.988202572,-21.74134,-9.31857,11.32167,0.952302,-0.1317569,-0.2714509,-42.03603,-25.64861,1.569813
28.998115063,-15.17591,-10.94963,11.26031,0.9603832,-0.1107974,-0.2694654,-42.03603,-25.64861,1.569813
29.008027077,-13.25583,-11.47389,11.26031,0.9633421,-0.09269878,-0.2458444,-43.16365,-25.2741,1.574498
29.017940044,-16.04304,-10.83312,11.13758,0.9482523,-0.08017031,-0.2244944,-43.16365,-25.2741,1.574498
29.027852058,-21.24584,-11.76515,10.15578,0.9435787,-0.06183086,-0.2296107,-43.16365,-25.2741,1.574498
29.040242672,-28.12096,-15.26027,8.43761400000001,0.9592507,-0.05040221,-0.2138343,-43.16365,-25.2741,1.574498
29.050154209,-31.71337,-18.52238,7.39444499999999,0.9784005,-0.04524357,-0.2000525,-43.16365,-25.2741,1.574498
29.060066223,-34.50058,-18.93014,7.08763000000002,0.9833162,-0.0305346,-0.1803135,-42.80256,-24.14872,1.954558
29.069979191,-36.60647,-15.90104,6.41263799999999,0.9810713,-0.03777825,-0.1692973,-42.80256,-24.14872,1.954558
29.079891205,-37.90717,-12.40592,5.553557,0.9590913,-0.05365152,-0.1855251,-42.80256,-24.14872,1.954558
29.089803696,-37.28779,-9.60983000000002,5.124017,0.9448102,-0.06656472,-0.2104473,-42.80256,-24.14872,1.954558
29.09971571,-33.94314,-8.85255399999999,5.676283,0.922042,-0.06894121,-0.2400224,-42.80256,-24.14872,1.954558
29.109628201,-29.23585,-11.29914,5.92173499999998,0.9133334,-0.06047104,-0.2686949,-43.55108,-24.14878,1.958451
29.119540215,-24.40468,-16.25055,5.92173499999998,0.9214647,-0.0668026,-0.2937805,-43.55108,-24.14878,1.958451
29.129452705,-20.99809,-20.5612,5.79900900000001,0.9408336,-0.08494459,-0.2859178,-43.55108,-24.14878,1.958451
29.139364719,-20.37871,-21.08547,5.062654,0.9578975,-0.1069469,-0.2689365,-43.55108,-24.14878,1.958451
29.149276733,-22.36072,-19.27966,3.651307,0.9639496,-0.1199481,-0.2661982,-43.55108,-24.14878,1.958451
29.159189224,-25.086,-17.12433,2.546775,0.9539127,-0.1409319,-0.2681658,-43.17682,-24.14875,1.956505
29.169101238,-26.26282,-16.48356,1.749057,0.9305943,-0.1518787,-0.2661024,-43.17682,-24.14875,1.956505
29.179014206,-24.09499,-18.11462,1.626331,0.9069062,-0.1483835,-0.2831458,-43.17682,-24.14875,1.956505
29.188925743,-18.39669,-22.30876,0.2763473,0.9150628,-0.144458,-0.2937585,-43.17682,-24.14875,1.956505
29.198838711,-10.15893,-25.68737,-1.257725,0.9422357,-0.121297,-0.2871333,-43.17682,-24.14875,1.956505
29.208750725,-1.859228,-24.46408,-2.546346,0.9733729,-0.09513281,-0.2718819,-43.17036,-24.52151,2.407371
29.218663216,3.033878,-21.14372,-3.834968,0.9748827,-0.0631453,-0.2779248,-43.17036,-24.52151,2.407371
29.22857523,3.962949,-18.93014,-3.89633,0.9669151,-0.04526946,-0.2710098,-43.17036,-24.52151,2.407371
29.238487721,0.3705419,-18.81364,-3.282701,0.9413758,-0.0397932,-0.2755387,-43.17036,-24.52151,2.407371
29.248399735,-5.389697,-20.6777,-2.791798,0.924953,-0.06282315,-0.2827426,-43.17036,-24.52151,2.407371
29.258311749,-10.46862,-23.35729,-2.116806,0.9125165,-0.09210683,-0.2900251,-43.16737,-24.51811,3.242551
29.268224239,-12.07901,-24.23107,-1.319088,0.90968,-0.1101417,-0.3016428,-43.16737,-24.51811,3.242551
29.278136253,-9.04404300000003,-24.28932,-1.625903,0.9094997,-0.1053575,-0.3136132,-43.16737,-24.51811,3.242551
29.288048744,-2.602484,-25.1631,-3.46679,0.9290383,-0.080981,-0.3347585,-43.16737,-24.51811,3.242551
29.297960758,5.573338,-26.73591,-4.694048,0.9530134,-0.04726234,-0.3414778,-43.16737,-24.51811,3.242551
29.307873726,12.0149,-28.36696,-4.632685,0.9802117,-0.02994178,-0.3392132,-43.53842,-24.51448,4.143922
29.320263386,15.35955,-29.12424,-2.975887,0.9702456,-0.02796197,-0.3074173,-43.53842,-24.51448,4.143922
29.330175877,12.63428,-28.13395,-2.362258,0.9426099,-0.01989592,-0.2749375,-43.53842,-24.51448,4.143922
29.340087891,5.449462,-29.88151,-2.178169,0.9348027,0.001477934,-0.2483141,-43.53842,-24.51448,4.143922
29.350000858,-5.203883,-33.02712,-2.853161,0.9440763,0.02841489,-0.2184507,-43.53842,-24.51448,4.143922
29.359912872,-17.40568,-34.42516,-3.89633,0.977822,0.005674968,-0.1968269,-43.16602,-24.13646,4.976002
29.36982441,-29.35972,-33.9009,-2.300895,1.000216,-0.05652478,-0.184004,-43.16602,-24.13646,4.976002
29.379737377,-38.09299,-31.57082,-0.766822200000002,1.010162,-0.1287505,-0.2047438,-43.16602,-24.13646,4.976002
29.389649391,-42.42865,-30.69704,0.2149844,1.043973,-0.1799973,-0.2577351,-43.16602,-24.13646,4.976002
29.399561882,-42.6764,-30.9883,1.626331,1.080909,-0.2108683,-0.3159014,-43.15173,-24.88042,6.263201
29.409473896,-40.26082,-28.94948,3.835396,1.109923,-0.2131088,-0.3502759,-43.15173,-24.88042,6.263201
29.419386387,-35.92516,-23.76506,6.96490399999999,1.105656,-0.2035863,-0.3737007,-43.15173,-24.88042,6.263201
29.429298401,-31.15593,-16.1923,9.54214699999998,1.057848,-0.1555967,-0.3542127,-43.15173,-24.88042,6.263201
29.439210892,-28.55453,-7.62926299999999,11.56712,1.008627,-0.10711,-0.3289464,-43.15173,-24.88042,6.263201
29.449122906,-28.80228,-2.095326,12.11939,0.9522066,-0.07035188,-0.3041718,-43.15658,-24.50583,6.262047
29.459035874,-31.34174,-0.813783199999999,10.7694,0.8959208,-0.03742626,-0.2707812,-43.15658,-24.50583,6.262047
29.468947411,-35.11996,-2.561342,7.76262199999999,0.8560382,0.002421584,-0.2509405,-43.15658,-24.50583,6.262047
29.478859425,-39.39368,-8.27003499999999,4.326299,0.8369749,0.02755195,-0.220827,-43.15658,-24.50583,6.262047
29.488772392,-44.84423,-13.45446,-0.4600076,0.8813758,-0.01803328,-0.2359461,-43.15658,-24.50583,6.262047
29.498684406,-46.51656,-12.75544,-3.712242,0.9128071,-0.06147217,-0.2734983,-44.28234,-24.50932,5.432707
29.508596897,-41.93315,-11.8234,-3.773605,0.9178981,-0.1130135,-0.3142221,-44.28234,-24.50932,5.432707
29.518508911,-30.7843,-11.8234,-5.36904,0.9045742,-0.1308033,-0.3468681,-44.28234,-24.50932,5.432707
29.528421402,-15.67141,-14.56125,-6.53493500000002,0.9253586,-0.1296898,-0.3691402,-44.28234,-24.50932,5.432707
29.538333416,-0.3727147,-20.09518,-6.78038700000001,0.9702303,-0.1072339,-0.3540405,-44.28234,-24.50932,5.432707
29.548245907,11.2097,-23.88156,-6.71902399999997,1.024022,-0.08119106,-0.3231542,-43.91617,-23.75827,5.878164
29.558157921,16.4125,-24.23107,-6.96447600000002,1.084606,-0.04777348,-0.2889205,-43.91617,-23.75827,5.878164
29.568070412,15.17374,-22.89128,-6.41221000000002,1.124919,-0.01788986,-0.2329157,-43.91617,-23.75827,5.878164
29.577982426,8.05085899999999,-18.93014,-5.491766,1.14612,0.006855503,-0.1868517,-43.91617,-23.75827,5.878164
29.58789444,-2.726361,-15.08551,-4.019056,1.14575,0.02252077,-0.1569742,-43.91617,-23.75827,5.878164
29.597807407,-13.75133,-12.28942,-3.344064,1.132963,0.02452274,-0.1141085,-44.27129,-24.87685,7.168467
29.610197067,-25.33375,-7.862271,-4.080419,1.123739,0.0168841,-0.06893919,-44.27129,-24.87685,7.168467
29.620109558,-29.9791,-1.687563,-6.596298,1.12173,0.003909561,-0.04163802,-44.27129,-24.87685,7.168467
29.630021572,-30.10298,5.88519199999999,-11.01443,1.11423,-0.003337196,-0.01856934,-44.27129,-24.87685,7.168467
29.63993454,-27.31577,13.80746,-15.67801,1.104829,0.009659764,-0.0140744,-44.27129,-24.87685,7.168467
29.649846554,-23.35173,22.83651,-20.34159,1.095747,0.04598891,0.001136527,-43.89218,-25.25142,7.167673
29.659759045,-20.62646,31.80732,-24.51427,1.086688,0.09111056,0.02888993,-43.89218,-25.25142,7.167673
29.669671059,-18.087,39.49657,-27.2756,1.10647,0.121955,0.03899579,-43.89218,-25.25142,7.167673
29.679583549,-14.86622,45.26352,-28.50286,1.119467,0.1683552,0.07327595,-43.89218,-25.25142,7.167673
29.689495563,-9.84923700000002,51.9625,-30.83465,1.145684,0.1722515,0.1071507,-43.89218,-25.25142,7.167673
29.699407577,-2.850237,58.6032199999999,-31.69373,1.165061,0.1550893,0.1169405,-44.6469,-25.25854,5.43696
29.709320068,4.830081,65.3021900000002,-29.30058,1.166651,0.09102977,0.1016141,-44.6469,-25.25854,5.43696
29.719232082,10.15675,71.5934099999998,-23.53246,1.114856,0.05601322,0.1119431,-44.6469,-25.25854,5.43696
29.729144573,9.53737299999999,79.5739200000002,-22.42793,1.042341,0.0345417,0.07261759,-44.6469,-25.25854,5.43696
29.739056587,3.777135,79.9816899999998,-26.1097,0.9567831,-0.006285086,-0.0214543,-44.6469,-25.25854,5.43696
29.748969078,-5.080007,70.3701100000002,-27.64378,0.9069679,-0.1005376,-0.1258159,-45.40136,-25.64548,2.422509
29.758881092,-15.73335,54.05957,-23.34837,0.942078,-0.2038005,-0.2084554,-45.40136,-25.64548,2.422509
29.76879406,-28.49259,41.41889,-14.75756,1.017296,-0.2860665,-0.2653974,-45.40136,-25.64548,2.422509
29.778706074,-42.61446,36.64223,-5.614491,1.121961,-0.3588886,-0.3484774,-45.40136,-25.64548,2.422509
29.788618565,-53.20587,38.15678,0.767250500000003,1.201811,-0.2907618,-0.4928095,-45.40136,-25.64548,2.422509
29.798530579,-53.5775,45.38002,3.651307,1.214103,-0.2515665,-0.6309476,-45.01044,-27.52706,0.3062601
29.808442593,-36.60647,59.9430100000002,4.264936,1.206124,-0.1759049,-0.7004729,-45.01044,-27.52706,0.3062601
29.818355083,-7.18590000000003,73.6322299999998,2.976315,1.133328,-0.1053276,-0.6594763,-45.01044,-27.52706,0.3062601
29.828267097,25.02188,81.2632299999999,0.3377102,1.050304,-0.09240966,-0.5865988,-45.01044,-27.52706,0.3062601
29.838179588,56.23867,83.1272900000002,-2.362258,0.9902775,-0.1250494,-0.5656142,-45.01044,-27.52706,0.3062601
29.848091602,84.6062899999998,82.0205099999997,-5.675855,0.9928823,-0.1798093,-0.5664833,-45.39872,-27.54303,-3.610716
29.858004093,105.7272,83.88457,-9.17354000000002,1.009417,-0.1476922,-0.490077,-45.39872,-27.54303,-3.610716
29.867916107,114.8321,88.8942300000001,-13.0394,1.014019,-0.08167842,-0.3931681,-45.39872,-27.54303,-3.610716
29.877829075,116.6283,95.7097200000002,-16.59845,1.01676,-0.06466914,-0.3921198,-45.39872,-27.54303,-3.610716
29.890218735,118.7342,93.6709000000002,-16.53709,0.9893436,-0.02527814,-0.3968855,-45.39872,-27.54303,-3.610716
29.900131226,123.1937,93.5543900000001,-20.64841,0.9715899,0.03417452,-0.3896031,-46.53714,-27.18081,-6.625528
29.91004324,131.1218,93.7874,-24.69836,0.9624104,0.07289194,-0.3810975,-46.53714,-27.18081,-6.625528
29.919956207,139.2357,90.2922800000003,-26.96878,0.9433205,0.128004,-0.3661491,-46.53714,-27.18081,-6.625528
29.929868221,143.0139,87.2049300000001,-27.2756,0.9328601,0.1643608,-0.3422824,-46.53714,-27.18081,-6.625528
29.939779758,137.6253,81.3797299999997,-24.88245,0.9096704,0.2322572,-0.2830363,-46.53714,-27.18081,-6.625528
29.949692726,121.1497,74.6225099999998,-23.22565,0.9093007,0.2420693,-0.2599199,-46.52882,-27.93157,-7.008689
29.95960474,98.60429,66.4089799999998,-20.89386,0.9248264,0.2451291,-0.2682058,-46.52882,-27.93157,-7.008689
29.969517231,77.2356599999998,60.8750400000001,-18.37798,0.9485524,0.2443322,-0.2919583,-46.52882,-27.93157,-7.008689
29.979429245,62.9279700000002,59.1857400000001,-15.37119,0.9691862,0.2319572,-0.2970331,-46.52882,-27.93157,-7.008689
29.989341736,59.02588,58.89448,-12.60986,0.95717,0.2133756,-0.2984863,-46.52882,-27.93157,-7.008689
29.99925375,65.2196800000003,58.1372000000001,-9.54171799999998,0.9554862,0.1881268,-0.3015199,-45.7706,-28.6807,-7.010273
30.009166241,79.7751200000001,58.1372000000001,-7.20992699999999,0.9557588,0.1624149,-0.3050548,-45.7706,-28.6807,-7.010273
30.019078255,95.8170800000001,59.3604999999998,-5.79858000000001,0.9511919,0.1759319,-0.3054026,-45.7706,-28.6807,-7.010273
30.028991222,104.3645,59.4770000000002,-5.36904,0.9498832,0.214772,-0.2921675,-45.7706,-28.6807,-7.010273
30.03890276,101.0199,60.0012599999998,-8.37582199999997,0.9428533,0.2599562,-0.2572301,-45.7706,-28.6807,-7.010273
30.048814774,87.57932,59.1857400000001,-11.93487,0.9266003,0.3094492,-0.2106549,-45.38016,-30.18272,-7.907029
30.058727741,70.7321599999999,56.79741,-14.2053,0.8981318,0.3207448,-0.2079155,-45.38016,-30.18272,-7.907029
30.068639755,56.05285,52.13725,-15.00302,0.8920392,0.3317738,-0.2169087,-45.38016,-30.18272,-7.907029
30.078552246,45.02788,47.94311,-16.41436,0.866466,0.3504031,-0.2093457,-45.38016,-30.18272,-7.907029
30.08846426,38.21469,42.17617,-16.72118,0.8636793,0.3372722,-0.2103678,-45.38016,-30.18272,-7.907029
30.098376751,33.13577,37.63251,-16.47573,0.854845,0.3454375,-0.2039896,-44.9992,-30.93528,-8.741848
30.108288765,26.81809,33.84613,-16.04619,0.8313605,0.3368434,-0.2153535,-44.9992,-30.93528,-8.741848
30.118201256,19.13777,29.18598,-15.43256,0.8029552,0.3350011,-0.2218253,-44.9992,-30.93528,-8.741848
30.12811327,10.46644,23.24428,-14.2053,0.7825035,0.314788,-0.2371359,-44.9992,-30.93528,-8.741848
30.138025761,2.166745,17.76859,-13.46894,0.7651129,0.291751,-0.2433705,-44.9992,-30.93528,-8.741848
30.147937775,-6.87620999999998,13.5162,-12.48714,0.7534096,0.275523,-0.2592156,-43.86242,-32.37636,-10.02816
30.157849789,-16.72436,11.47738,-9.66444299999998,0.7677211,0.2665008,-0.2570073,-43.86242,-32.37636,-10.02816
30.170240402,-28.86422,11.88514,-4.387233,0.8269227,0.2465337,-0.2293585,-43.86242,-32.37636,-10.02816
30.180152416,-37.10198,14.38998,0.583161800000002,0.8356282,0.2317205,-0.2084107,-43.86242,-32.37636,-10.02816
30.190064907,-43.54353,15.72977,3.651307,0.8534473,0.1874238,-0.1915849,-43.86242,-32.37636,-10.02816
30.199976921,-46.88819,14.38998,5.062654,0.8765664,0.1219385,-0.1595843,-43.86483,-32.44246,-10.92739
30.209889889,-43.9771,12.35116,6.71945300000003,0.9227991,0.02535094,-0.1035165,-43.86483,-32.44246,-10.92739
30.219801903,-34.62445,15.90453,8.74442899999999,0.9747072,-0.03906806,-0.02856069,-43.86483,-32.44246,-10.92739
30.229714394,-20.31677,20.38993,9.72623500000002,0.9826539,-0.06036049,0.05381119,-43.86483,-32.44246,-10.92739
30.239626408,-6.00907800000001,24.46757,7.33308200000001,1.028847,-0.0206318,0.2178628,-43.86483,-32.44246,-10.92739
30.249538899,-0.8682191,32.9141,7.82398500000003,1.068235,0.04537413,0.4167237,-43.49979,-32.0728,-12.15114
30.259450913,3.343568,44.50624,12.24211,1.056633,-0.0203088,0.4005482,-43.49979,-32.0728,-12.15114
30.269363403,16.72219,55.1081,21.63064,1.0508,-0.01522908,0.5528462,-43.49979,-32.0728,-12.15114
30.279275417,34.93198,64.1954000000001,29.36236,1.057912,-0.03912002,0.8844106,-43.49979,-32.0728,-12.15114
30.289187431,24.7122,73.8069799999998,38.19862,1.115533,-0.07328435,1.170305,-43.49979,-32.0728,-12.15114
30.299099922,-47.75532,64.42841,52.25073,1.324978,-0.1732276,1.402499,-43.51085,-31.70526,-13.8869
30.309011936,-155.6514,11.06962,69.1255300000002,1.419392,-0.3549762,0.9077727,-43.51085,-31.70526,-13.8869
30.318924427,-214.1829,-63.7841600000002,67.0391900000001,1.201677,-0.5066097,0.05169363,-43.51085,-31.70526,-13.8869
30.328836441,-198.6984,-127.6866,34.70094,0.9376018,-0.4582987,-0.6566566,-43.51085,-31.70526,-13.8869
30.338749409,-123.5056,-127.7448,2.730864,0.9214356,-0.2358999,-1.114057,-43.51085,-31.70526,-13.8869
30.348661423,-22.91817,-88.716,5.246743,1.045848,0.1991874,-0.536599,-43.52488,-31.34113,-16.45783
30.358573914,66.5203800000002,-8.96905800000002,24.45333,0.9337465,0.4804145,-0.07657816,-43.52488,-31.34113,-16.45783
30.368485928,123.5653,38.33154,22.98062,0.8571405,0.8139054,0.09152646,-43.52488,-31.34113,-16.45783
30.378398419,126.2287,36.11796,16.84433,0.5291857,0.5072163,0.08099249,-43.52488,-31.34113,-16.45783
30.388310433,67.75914,9.72982099999999,11.56712,0.7158271,0.4936412,0.1934536,-43.52488,-31.34113,-16.45783
30.398222923,-22.85623,-7.97877500000003,4.878565,0.9310194,0.2934518,0.1536378,-45.81433,-27.59012,-15.1728
30.408134937,-90.3687099999997,-18.17287,4.939929,0.9838048,-0.04515395,-0.1021496,-45.81433,-27.59012,-15.1728
30.418046951,-90.8642100000002,-31.80383,10.95349,0.9393936,-0.255406,-0.1492347,-45.81433,-27.59012,-15.1728
30.427959442,-34.00507,-40.30861,16.04661,1.032842,-0.4471119,-0.1302492,-45.81433,-27.59012,-15.1728
30.437871456,16.4125,-40.59987,21.2011,1.148241,-0.3632164,0.06322643,-45.81433,-27.59012,-15.1728
30.45026207,16.47443,-41.18239,21.63064,1.149245,-0.03809073,0.2079902,-45.44492,-27.2155,-15.1759
30.460174084,2.66225,-38.85231,15.98525,1.086979,0.1754037,0.1081947,-45.44492,-27.2155,-15.1759
30.470086575,4.210701,-31.97858,10.7694,1.038647,0.2638392,-0.01897136,-45.44492,-27.2155,-15.1759
30.479998589,13.25366,-25.45436,7.39444499999999,0.9998984,0.2767028,-0.06318202,-45.44492,-27.2155,-15.1759
30.489911556,14.3066,-22.71652,6.22854899999998,0.962323,0.2274985,-0.01802744,-46.5728,-26.46117,-13.88748
30.49982357,0.494418,-26.67765,7.148993,0.934426,0.1427632,0.07097548,-46.5728,-26.46117,-13.88748
30.509736061,-20.37871,-35.12419,8.74442899999999,0.9069278,0.0504217,0.09462252,-46.5728,-26.46117,-13.88748
30.519648075,-38.21686,-45.20178,10.64668,0.8952321,-0.02018815,0.06353015,-46.5728,-26.46117,-13.88748
30.529560566,-48.18889,-54.81335,12.73302,0.9082434,-0.05378065,0.005567045,-46.5728,-26.46117,-13.88748
30.53947258,-49.36571,-61.2793199999999,14.69663,0.9613896,-0.07563068,-0.03492316,-46.94246,-26.45597,-12.60064
30.549384594,-42.6764,-61.3958199999997,16.96706,1.022162,-0.09138356,-0.03991156,-46.94246,-26.45597,-12.60064
30.559297085,-32.82825,-56.2114,19.11476,1.050695,-0.09825483,-0.03109822,-46.94246,-26.45597,-12.60064
30.569209099,-24.59049,-48.8134,19.91248,1.063906,-0.1014997,-0.03412296,-46.94246,-26.45597,-12.60064
30.57912159,-19.8832,-41.2989,20.34202,1.041549,-0.09829632,-0.01708932,-46.94246,-26.45597,-12.60064
30.589033604,-19.57351,-36.23098,19.17612,1.003619,-0.106958,-0.006712915,-47.32045,-25.70001,-10.93064
30.598946571,-21.9891,-34.65817,18.25568,0.9608356,-0.09298326,-0.01390668,-47.32045,-25.70001,-10.93064
30.608858108,-23.59948,-36.63874,17.51932,0.9478533,-0.1232783,-0.02791303,-47.32045,-25.70001,-10.93064
30.618771076,-23.84724,-38.6193,17.3966,0.9831712,-0.163506,-0.0165037,-47.32045,-25.70001,-10.93064
30.62868309,-21.86522,-37.68727,16.29206,1.009549,-0.1912334,-0.003968096,-47.32045,-25.70001,-10.93064
30.638595581,-16.41467,-35.70671,15.06481,1.023823,-0.2173482,-0.02540104,-48.08376,-24.19646,-9.646472
30.648507595,-5.947139,-33.37663,15.06481,1.023349,-0.2151561,-0.06907646,-48.08376,-24.19646,-9.646472
30.658419609,8.05085899999999,-31.97858,14.32845,1.007118,-0.1946801,-0.1019209,-48.08376,-24.19646,-9.646472
30.6683321,22.54436,-30.75529,13.34665,0.9856297,-0.1698186,-0.1178819,-48.08376,-24.19646,-9.646472
30.678244114,31.83507,-30.05627,13.22392,0.9709179,-0.1583174,-0.1085462,-48.08376,-24.19646,-9.646472
30.688156605,33.25965,-29.70676,13.53074,0.9753652,-0.1440916,-0.08736559,-49.21164,-23.44213,-8.358048
30.698068619,26.44646,-30.81354,15.00345,0.9745761,-0.1240056,-0.04545071,-49.21164,-23.44213,-8.358048
30.70798111,17.09381,-32.73586,15.55571,0.9795564,-0.13658,-0.05134244,-49.21164,-23.44213,-8.358048
30.717893124,10.83807,-35.5902,16.2307,0.9775103,-0.1298223,-0.05223881,-49.21164,-23.44213,-8.358048
30.727806091,8.36055000000001,-37.39602,16.84433,0.9944463,-0.1175053,-0.05519434,-49.21164,-23.44213,-8.358048
30.740195751,6.19271900000002,-36.17272,14.94208,0.9867793,-0.06362383,-0.0245145,-49.21513,-22.68588,-6.625751
30.750108242,5.573338,-34.30866,13.46937,0.9974358,-0.05524875,-0.02455726,-49.21513,-22.68588,-6.625751
30.760020256,5.5114,-32.03683,13.1012,1.009065,-0.09685986,-0.03598566,-49.21513,-22.68588,-6.625751
30.769933224,4.396515,-30.34753,13.53074,1.011731,-0.126958,-0.04965527,-49.21513,-22.68588,-6.625751
30.779845238,3.591321,-29.35724,13.65346,1.005784,-0.147073,-0.08094455,-49.21513,-22.68588,-6.625751
30.789757729,4.89202,-29.88151,11.32167,1.008549,-0.09396217,-0.1305528,-49.94961,-23.05008,-4.05092
30.799669743,9.04186800000002,-27.90095,5.430832,1.037838,-0.02875082,-0.1543971,-49.94961,-23.05008,-4.05092
30.809581757,11.14776,-20.96896,2.117234,1.040291,0.03542605,-0.1261431,-49.94961,-23.05008,-4.05092
30.819494247,9.22768300000001,-16.1923,3.221767,1.009776,0.03201595,-0.1494113,-49.94961,-23.05008,-4.05092
30.829406261,5.88302899999997,-17.47384,4.14221,0.9671239,0.02264416,-0.1711666,-49.94961,-23.05008,-4.05092
30.839318752,1.609303,-22.54177,4.571751,0.9294579,0.0109448,-0.1862612,-49.95609,-22.29723,-3.153803
30.849230766,-2.912175,-28.89123,3.405856,0.9460397,-0.002040052,-0.2057074,-49.95609,-22.29723,-3.153803
30.859143257,-8.73435200000001,-34.48342,3.651307,0.9701685,-0.006041935,-0.1939533,-49.95609,-22.29723,-3.153803
30.869055271,-14.06102,-36.93,4.387662,1.02378,-0.05155254,-0.2168396,-49.95609,-22.29723,-3.153803
30.878968239,-18.27281,-36.52224,6.53536400000002,1.01271,-0.05062581,-0.198485,-49.95609,-22.29723,-3.153803
30.888879776,-20.56452,-33.84264,8.37625100000002,0.9962389,-0.08733953,-0.2264264,-50.71457,-21.16827,-1.86848
30.898792744,-20.00708,-30.93005,9.11260599999998,0.9702545,-0.1111149,-0.2609159,-50.71457,-21.16827,-1.86848
30.908704758,-17.77731,-30.9883,9.84896099999999,0.9601793,-0.1011474,-0.278042,-50.71457,-21.16827,-1.86848
30.918616772,-16.7863,-32.03683,9.05124299999999,0.9667709,-0.06753524,-0.2634743,-50.71457,-21.16827,-1.86848
30.928529263,-17.96312,-32.85236,8.00807399999998,0.9954748,-0.03407855,-0.2385486,-50.71457,-21.16827,-1.86848
30.938441277,-20.37871,-33.84264,7.701259,1.030673,-0.04656355,-0.2063066,-50.71482,-20.78845,-0.5847406
30.948353767,-23.59948,-33.02712,8.68306499999997,1.036923,-0.04677929,-0.1693936,-50.71482,-20.78845,-0.5847406
30.958265781,-25.64344,-29.93976,8.62170300000002,1.02714,-0.07006986,-0.1492917,-50.71482,-20.78845,-0.5847406
30.968178272,-25.5815,-26.5029,6.90354199999998,1.001047,-0.09267786,-0.1453597,-50.71482,-20.78845,-0.5847406
30.978090286,-24.46662,-24.87184,4.75584,0.9840474,-0.1133205,-0.1583043,-50.71482,-20.78845,-0.5847406
30.988002777,-25.95313,-25.39611,4.080848,0.972093,-0.1155328,-0.1822164,-51.07938,-21.53767,-0.5804863
30.997914791,-31.65143,-25.27961,4.019485,0.9637071,-0.0993381,-0.2180428,-51.07938,-21.53767,-0.5804863
31.007827759,-39.26981,-24.81359,4.510388,0.960315,-0.09229628,-0.2544565,-51.07938,-21.53767,-0.5804863
31.020217419,-48.62246,-24.17282,5.614921,0.9364238,-0.1035411,-0.3085684,-51.07938,-21.53767,-0.5804863
31.030130386,-53.02006,-26.44465,5.308106,0.9085724,-0.1248557,-0.3315004,-51.07938,-21.53767,-0.5804863
31.040041924,-53.26781,-30.9883,5.18538,0.892171,-0.1542159,-0.3440284,-51.08586,-20.78482,0.3166304
31.049954891,-49.11796,-33.20187,5.430832,0.8869244,-0.1668976,-0.3459851,-51.08586,-20.78482,0.3166304
31.059866905,-41.25183,-34.94943,5.062654,0.8851307,-0.1775694,-0.3426784,-51.08586,-20.78482,0.3166304
31.069778919,-30.41267,-36.46398,5.614921,0.8834428,-0.1925764,-0.33412,-51.08586,-20.78482,0.3166304
31.07969141,-18.5825,-38.3863,6.596727,0.9198466,-0.2042036,-0.3263714,-51.08586,-20.78482,0.3166304
31.089603424,-7.61946700000001,-40.25036,7.45580799999998,0.9501482,-0.1940752,-0.3160207,-50.70861,-20.78139,1.149864
31.099515915,0.2466658,-39.72609,7.148993,0.9662129,-0.1675686,-0.2919847,-50.70861,-20.78139,1.149864
31.109427929,3.901011,-37.86203,5.79900900000001,0.9517587,-0.1656893,-0.268791,-50.70861,-20.78139,1.149864
31.11934042,3.653259,-35.70671,5.001291,0.9342113,-0.1619786,-0.2590008,-50.70861,-20.78139,1.149864
31.129252434,0.0608516599999998,-34.83293,5.308106,0.9317407,-0.1556812,-0.2541344,-50.70861,-20.78139,1.149864
31.139164925,-5.513573,-33.31838,3.774033,0.9290718,-0.09266199,-0.2498486,-50.71211,-20.02514,2.882162
31.149076939,-11.21187,-30.23102,-0.2759189,0.8980313,-0.007077286,-0.2201819,-50.71211,-20.02514,2.882162
31.158989906,-15.73335,-27.37668,-4.509959,0.8716188,0.03965635,-0.2138644,-50.71211,-20.02514,2.882162
31.168901444,-16.16692,-29.00773,-7.02583799999998,0.8646382,-0.01098314,-0.2386253,-50.71211,-20.02514,2.882162
31.178814411,-11.39769,-36.17272,-3.650879,0.8896765,-0.1208533,-0.2621562,-50.71211,-20.02514,2.882162
31.188726425,-2.478608,-41.70666,-1.012274,0.9320813,-0.1577034,-0.2709565,-51.08177,-20.01994,4.169
31.198638439,7.55535600000002,-42.8717,-1.99408,0.9755828,-0.1664352,-0.2829408,-51.08177,-20.01994,4.169
31.20855093,16.04087,-41.06589,-1.932717,0.9916601,-0.1735806,-0.2970617,-51.08177,-20.01994,4.169
31.218462944,21.36754,-38.73581,-0.889547900000002,0.9803022,-0.1596332,-0.291582,-51.08177,-20.01994,4.169
31.228375435,21.3056,-36.11447,-0.3986447,0.9702987,-0.143287,-0.2942615,-51.08177,-20.01994,4.169
31.238287449,15.6073,-36.8135,0.951339199999998,0.9546371,-0.1122711,-0.2593387,-50.69646,-20.38745,5.902813
31.24819994,7.49341799999997,-35.3572,1.871783,0.9186843,-0.03724287,-0.196566,-50.69646,-20.38745,5.902813
31.258111954,-2.974113,-28.65822,-0.582733500000001,0.8602428,0.07481827,-0.1376599,-50.69646,-20.38745,5.902813
31.268024445,-16.22886,-25.0466,-4.080419,0.8623618,0.1046749,-0.1821353,-50.69646,-20.38745,5.902813
31.277936459,-29.73135,-32.73586,-1.319088,0.9244079,0.02005958,-0.2865069,-50.69646,-20.38745,5.902813
31.287849426,-39.76531,-39.31833,5.124017,0.990684,-0.04336553,-0.335078,-50.30977,-20.75339,8.022093
31.300239086,-44.16291,-36.34748,20.09657,1.048882,-0.06141565,-0.4029587,-50.30977,-20.75339,8.022093
31.310152054,-28.12096,-35.64846,25.74195,0.9646732,-0.04936298,-0.4942899,-50.30977,-20.75339,8.022093
31.320063591,-6.194891,-46.71633,26.72376,0.8927685,-0.09637055,-0.5040215,-50.30977,-20.75339,8.022093
31.329976559,7.24566599999997,-47.82312,22.67381,0.9042937,-0.1682708,-0.4657142,-50.31003,-20.37356,9.305832
31.339888573,-0.1249625,-39.78434,19.72839,0.9811369,-0.2299484,-0.4831612,-50.31003,-20.37356,9.305832
31.349800587,-12.45063,-30.69704,19.78975,1.011211,-0.343344,-0.5442145,-50.31003,-20.37356,9.305832
31.359713078,-13.25583,-23.29904,22.67381,1.096131,-0.4660068,-0.560702,-50.31003,-20.37356,9.305832
31.369625092,11.27164,-21.60973,25.37378,1.188666,-0.6191637,-0.5856257,-50.31003,-20.37356,9.305832
31.379537582,32.2067,-14.38649,18.86931,1.15312,-0.5268593,-0.5582733,-50.31651,-19.62071,10.20295
31.389449596,37.59531,-14.21173,5.73764600000002,1.105109,-0.364111,-0.5673085,-50.31651,-19.62071,10.20295
31.399362087,23.03987,-15.20202,7.39444499999999,1.046465,-0.1350905,-0.4864945,-50.31651,-19.62071,10.20295
31.409274101,-1.363724,-5.998208,0.3990731,0.9211617,0.03911529,-0.4375997,-50.31651,-19.62071,10.20295
31.419186592,-26.94414,-2.444838,-12.24169,0.8441725,0.1216925,-0.4099289,-50.31651,-19.62071,10.20295
31.429098606,-44.7823,-12.63893,-17.94844,0.813188,0.09049013,-0.3685566,-50.69102,-19.24092,11.48863
31.439011574,-46.95013,-25.86213,-5.062225,0.8313078,0.04854949,-0.2720116,-50.69102,-19.24092,11.48863
31.448923588,-34.19089,-31.16305,12.67165,0.8168008,0.09064963,-0.15924,-50.69102,-19.24092,11.48863
31.458836079,-12.94614,-28.48347,15.43299,0.8815327,0.1257026,-0.1000655,-50.69102,-19.24092,11.48863
31.468748093,9.47543500000001,-20.21169,16.84433,0.9859782,0.08009252,-0.07732738,-50.69102,-19.24092,11.48863
31.478660107,26.19871,-9.20206600000003,18.93067,1.031898,0.06406064,-0.1004263,-51.07013,-18.86635,11.48943
31.488572598,25.02188,-1.396303,16.2307,1.079952,0.02595542,-0.08431903,-51.07013,-18.86635,11.48943
31.498484612,4.89202,3.030846,13.34665,1.162081,-0.04618675,-0.07547586,-51.07013,-18.86635,11.48943
31.508397102,-24.83825,14.15697,10.95349,1.214538,-0.138373,-0.02711885,-51.07013,-18.86635,11.48943
31.518309116,-46.26881,30.40927,7.578534,1.190916,-0.2102052,-0.0782757,-51.07013,-18.86635,11.48943
31.528221607,-48.3747,42.64218,3.774033,1.139246,-0.2361371,-0.09285551,-50.70072,-18.49173,11.48633
31.538133621,-60.8861900000002,43.34121,-6.35084600000001,1.050061,-0.1800308,0.00197393,-50.70072,-18.49173,11.48633
31.548046112,-90.7403300000002,37.69077,-20.1575,0.9790547,-0.09073033,0.09637623,-50.70072,-18.49173,11.48633
31.557958126,-128.027,37.39951,-41.20498,0.8692519,0.0333514,0.07228979,-50.70072,-18.49173,11.48633
31.567871094,-138.3088,52.89453,-53.53892,1.013542,0.1117498,-0.02263335,-50.70072,-18.49173,11.48633
31.580260754,-105.4816,73.7487300000001,-43.10723,1.143227,0.2465741,-0.1405733,-51.45842,-18.50224,8.920435
31.590173721,-53.70137,85.4573700000002,-42.80042,1.135303,0.3171465,-0.1630774,-51.45842,-18.50224,8.920435
31.600085735,4.644268,90.1757799999999,-49.24352,1.121158,0.2626013,-0.1757941,-51.45842,-18.50224,8.920435
31.609998226,50.41649,88.7777300000003,-45.8072,1.154009,0.06406071,-0.1135596,-51.45842,-18.50224,8.920435
31.61991024,60.07882,98.0397899999999,-34.27097,1.153129,-0.05880993,-0.05723115,-51.45842,-18.50224,8.920435
31.629822731,37.71919,96.9330100000001,-33.28917,1.093932,-0.1634706,-0.1827022,-51.82843,-20.39799,3.338867
31.639734745,4.768144,80.56421,-34.33233,1.061941,-0.2849526,-0.345029,-51.82843,-20.39799,3.338867
31.649646759,-21.49359,68.9720700000003,-30.15965,1.081685,-0.4463141,-0.4682468,-51.82843,-20.39799,3.338867
31.65955925,-34.50058,63.3798799999998,-21.75294,1.119725,-0.5658792,-0.5226927,-51.82843,-20.39799,3.338867
31.669471264,-35.42965,64.6614199999999,-13.7144,1.144179,-0.6050733,-0.4727634,-51.82843,-20.39799,3.338867
31.679383755,-25.39569,70.83613,-10.33944,1.165285,-0.6235443,-0.4389904,-51.07453,-21.91227,-0.5793324
31.689295769,-10.40668,80.85547,-9.54171799999998,1.174884,-0.5659548,-0.3892392,-51.07453,-21.91227,-0.5793324
31.69920826,4.644268,93.0301299999999,-8.86672600000002,1.159219,-0.5022666,-0.4117176,-51.07453,-21.91227,-0.5793324
31.709120274,14.55436,100.0204,-4.448596,1.126565,-0.4572641,-0.4437665,-51.07453,-21.91227,-0.5793324
31.719033241,19.32359,103.8067,2.301323,1.076209,-0.4442413,-0.5229204,-51.07453,-21.91227,-0.5793324
31.728945255,28.55235,99.9621100000001,4.817203,1.029853,-0.4464857,-0.5638002,-51.07698,-23.0554,-5.329974
31.738857746,48.0009,92.5641100000001,3.344493,0.991694,-0.4355144,-0.6003464,-51.07698,-23.0554,-5.329974
31.74876976,77.8550400000002,87.7874500000002,1.442243,1.019941,-0.4935065,-0.6317241,-51.07698,-23.0554,-5.329974
31.758682251,111.6732,89.8845199999998,7.63989600000002,1.070744,-0.5463051,-0.6507918,-51.07698,-23.0554,-5.329974
31.768594265,145.3675,98.7388200000001,12.61029,1.104417,-0.521278,-0.5803531,-51.07698,-23.0554,-5.329974
31.778506279,169.4614,108.9912,12.73302,1.109316,-0.4543827,-0.5012068,-50.71651,-23.07105,-9.186598
31.78841877,174.85,116.6222,8.43761400000001,1.088692,-0.285426,-0.4072199,-50.71651,-23.07105,-9.186598
31.798330784,168.6562,120.5833,4.14221,1.02604,-0.2628287,-0.3868035,-50.71651,-23.07105,-9.186598
31.808243275,167.0458,114.9911,2.178597,0.9384965,-0.2632076,-0.436413,-50.71651,-23.07105,-9.186598
31.818155289,173.3635,101.1854,4.449025,0.9896204,-0.1985356,-0.4297328,-50.71651,-23.07105,-9.186598
31.828068256,171.4434,82.3117699999998,-18.93024,1.06533,0.5427986,-0.2372722,-50.35953,-22.33046,-11.31092
31.837979794,135.2097,75.3797799999999,5.124017,0.9818105,-0.1596022,-0.3828258,-50.35953,-22.33046,-11.31092
31.847892761,81.0138900000001,72.5836899999998,15.7398,0.8586832,-0.06572745,-0.2158873,-50.35953,-22.33046,-11.31092
31.857804775,59.3355699999999,70.0205999999999,-2.423621,0.9019979,-0.1216252,-0.2536325,-50.35953,-22.33046,-11.31092
31.870195389,67.3255700000001,72.46719,6.78081600000001,0.8493782,-0.3919184,-0.26551,-50.35953,-22.33046,-11.31092
31.880107403,84.1727199999999,66.5837299999998,12.97847,0.8830004,-0.3183855,-0.1909065,-49.5992,-23.83741,-13.43027
31.890019894,112.912,55.80713,13.1012,0.9010958,-0.2252433,-0.2245446,-49.5992,-23.83741,-13.43027
31.899931908,142.89,45.61303,14.69663,0.9880935,-0.1368646,-0.220439,-49.5992,-23.83741,-13.43027
31.909844398,151.6852,48.35088,13.71482,1.045033,-0.03604882,-0.1765995,-49.5992,-23.83741,-13.43027
31.919756412,141.1557,53.47705,12.67165,1.042731,-0.01039948,-0.1802486,-49.5992,-23.83741,-13.43027
31.929668903,128.2726,56.6809,9.84896099999999,0.9896995,0.04979858,-0.1313413,-49.97159,-24.21543,-14.26235
31.939580917,121.7691,54.58384,10.03305,0.9735084,-0.04335493,-0.198074,-49.97159,-24.21543,-14.26235
31.949492931,123.3176,55.69062,7.701259,0.9125459,0.05229891,-0.118127,-49.97159,-24.21543,-14.26235
31.959405422,127.9629,52.48676,8.31488799999999,0.9090163,-0.006087883,-0.1492135,-49.97159,-24.21543,-14.26235
31.969317436,127.7152,48.23437,4.019485,0.9122686,0.01971999,-0.1356272,-49.97159,-24.21543,-14.26235
31.979230404,123.8131,44.38974,3.958122,0.9323677,0.1226765,-0.05782171,-49.60379,-23.84264,-14.71517
31.989141941,115.6992,40.77812,4.633114,0.9339743,0.2188564,-0.02694584,-49.60379,-23.84264,-14.71517
31.999054909,107.7092,36.35097,3.589944,0.9251842,0.2002154,-0.04763554,-49.60379,-23.84264,-14.71517
32.008966923,100.7102,35.7102,1.687694,0.9171543,0.3604891,0.02456988,-49.60379,-23.84264,-14.71517
32.018879414,97.2416499999998,30.46752,4.387662,0.9172858,0.225196,-0.07332462,-49.60379,-23.84264,-14.71517
32.028791428,92.41048,33.84613,0.03089567,0.9212634,0.3513725,0.03311399,-49.9522,-25.71381,-14.25774
32.038703918,86.34055,31.3413,-2.239532,0.9171144,0.2251068,-0.09012917,-49.9522,-25.71381,-14.25774
32.048615932,79.0937999999999,31.16655,-3.650879,0.8989397,0.2375198,-0.08363634,-49.9522,-25.71381,-14.25774
32.058528423,71.6612399999999,26.9724,-2.791798,0.8662509,0.3105572,-0.03867289,-49.9522,-25.71381,-14.25774
32.068440437,64.2286700000002,21.49672,-3.650879,0.8566394,0.2627171,-0.07827568,-49.9522,-25.71381,-14.25774
32.078352451,57.04386,20.73944,-6.78038700000001,0.8369004,0.3465202,-0.04536423,-49.57171,-26.08681,-13.87306
32.088264942,53.07983,17.12782,-8.43718500000001,0.8360065,0.3060638,-0.0845183,-49.57171,-26.08681,-13.87306
32.098176956,45.27563,13.05018,-9.78716900000001,0.8169028,0.3292219,-0.06065959,-49.57171,-26.08681,-13.87306
32.108089924,34.8081,8.50653100000001,-11.3826,0.826451,0.2919114,-0.07924248,-49.57171,-26.08681,-13.87306
32.118001461,26.19871,2.564831,-11.81215,0.8400151,0.2929924,-0.09040435,-49.57171,-26.08681,-13.87306
32.127914429,20.62428,-2.270082,-10.83034,0.8686759,0.2676506,-0.09083825,-48.8038,-27.58513,-13.87234
32.137826443,17.34157,-4.716664,-9.66444299999998,0.9004567,0.2180521,-0.1015459,-48.8038,-27.58513,-13.87234
32.150217056,14.49242,-7.80401899999998,-8.55991099999998,0.8817477,0.1862935,-0.1035051,-48.8038,-27.58513,-13.87234
32.16012907,8.91799300000002,-11.06613,-8.92808800000003,0.8852408,0.1641824,-0.07487521,-48.8038,-27.58513,-13.87234
32.170041561,-0.4346527,-16.77482,-7.88491900000001,0.8646922,0.1595285,-0.08143839,-48.8038,-27.58513,-13.87234
32.179953575,-12.01707,-21.78449,-8.43718500000001,0.8534139,0.1386437,-0.06130658,-48.79734,-27.9579,-13.42147
32.189866066,-22.11297,-24.23107,-7.946282,0.8697135,0.09917925,-0.04395438,-48.79734,-27.9579,-13.42147
32.19977808,-27.3777,-27.02717,-7.27128999999997,0.9022105,0.05653441,-0.02437237,-48.79734,-27.9579,-13.42147
32.209690571,-27.93515,-27.14367,-7.148564,0.9585963,0.01512869,-0.01028478,-48.79734,-27.9579,-13.42147
32.219602585,-25.33375,-26.09513,-5.123589,1.030382,-0.03669308,0.0151148,-48.79734,-27.9579,-13.42147
32.229515076,-19.57351,-22.07575,-1.809992,1.086608,-0.09451903,0.04205875,-48.03267,-29.0798,-12.97219
32.23942709,-12.01707,-15.49328,1.442243,1.115548,-0.1114232,0.07865068,-48.03267,-29.0798,-12.97219
32.249339104,-6.318768,-8.03702600000001,1.196791,1.125891,-0.08076303,0.1695092,-48.03267,-29.0798,-12.97219
32.259252071,-8.42466199999997,-1.745815,-1.135,1.155434,-0.0661334,0.3018571,-48.03267,-29.0798,-12.97219
32.269163609,-17.09599,5.710437,-0.766822200000002,1.248278,-0.1000965,0.5418116,-48.03267,-29.0798,-12.97219
32.279076576,-19.94514,18.52587,3.467218,1.299188,-0.08624069,0.7541432,-48.77981,-29.07829,-12.58283
32.28898859,-18.02506,29.82675,9.72623500000002,1.474085,-0.2301938,0.9037768,-48.77981,-29.07829,-12.58283
32.298901081,3.529382,37.45776,26.23286,1.449798,-0.3979553,0.9614631,-48.77981,-29.07829,-12.58283
32.308813095,33.44546,44.04023,34.2714,1.230028,-0.4317937,0.9483853,-48.77981,-29.07829,-12.58283
32.318725586,53.07983,44.38974,34.88503,0.9901049,-0.3852284,0.7809384,-48.77981,-29.07829,-12.58283
32.3286376,57.6013,37.1665,32.73732,0.8420456,-0.2273085,0.6421932,-48.41824,-28.33246,-13.42227
32.338550091,38.89601,27.72968,27.46012,0.7235189,-0.04282668,0.5057527,-48.41824,-28.33246,-13.42227
32.348462105,-6.25683000000001,-0.1147597,16.96706,0.5141619,0.1029981,0.1451805,-48.41824,-28.33246,-13.42227
32.358375073,-61.93914,-53.00754,-1.380451,0.3871315,0.2235956,-0.3229162,-48.41824,-28.33246,-13.42227
32.36828661,-116.4446,-105.6091,-11.93487,0.5487058,0.2915741,-0.3181957,-48.79548,-28.33589,-14.2555
32.378199577,-154.4126,-118.6575,-11.07579,0.8254743,0.1616469,-0.3269026,-48.79548,-28.33589,-14.2555
32.388111591,-141.3437,-89.3567699999998,3.528581,1.093392,-0.07570681,-0.1801919,-48.79548,-28.33589,-14.2555
32.398024082,-53.08199,-35.70671,6.96490399999999,1.239181,-0.318924,-0.02902973,-48.79548,-28.33589,-14.2555
32.407936096,85.8450500000001,17.12782,0.6445247,1.273841,-0.3499773,-0.0233151,-48.79548,-28.33589,-14.2555
32.41784811,176.9559,37.80727,-0.766822200000002,1.11798,-0.1306808,-0.08811502,-49.18615,-26.83414,-13.42299
32.430238724,158.0029,16.77831,7.148993,0.9400614,0.1846583,0.002059685,-49.18615,-26.83414,-13.42299
32.440151215,66.0248700000001,-13.80397,10.64668,0.8983582,0.2331019,0.1881092,-49.18615,-26.83414,-13.42299
32.450063229,-27.93515,-36.28923,12.36484,0.9266983,0.04176584,0.2480327,-49.18615,-26.83414,-13.42299
32.459975243,-64.2927900000003,-47.53186,13.89891,0.9601811,-0.1932885,0.1861373,-49.18615,-26.83414,-13.42299
32.469887734,-51.7813,-50.79396,13.34665,0.9878545,-0.2808472,0.06429816,-49.54611,-27.57813,-12.13384
32.479799748,-23.22786,-48.28913,12.18075,0.9929399,-0.2328969,-0.05114756,-49.54611,-27.57813,-12.13384
32.489712238,3.343568,-46.0173,9.35805800000003,0.9662553,-0.06437121,-0.119401,-49.54611,-27.57813,-12.13384
32.499624252,22.79212,-45.02702,4.633114,0.9643264,0.1104744,-0.1503889,-49.54611,-27.57813,-12.13384
32.50953722,33.94097,-42.11442,-0.2759189,0.998032,0.2286805,-0.06300452,-49.54611,-27.57813,-12.13384
32.519448757,32.57833,-34.83293,-4.203145,1.05464,0.3061666,0.06423009,-50.66615,-27.195,-10.00908
32.529361725,18.82808,-29.29899,-4.878137,1.037178,0.2467639,0.1513847,-50.66615,-27.195,-10.00908
32.539273739,-1.79729,-30.17277,-3.650879,0.9425094,0.1030054,0.1450604,-50.66615,-27.195,-10.00908
32.54918623,-21.9891,-40.54162,-3.46679,0.8536334,-0.04877233,0.07428792,-50.66615,-27.195,-10.00908
32.559098244,-37.90717,-57.02692,-4.878137,0.8377129,-0.1720289,-0.001290659,-50.66615,-27.195,-10.00908
32.569010734,-48.18889,-72.1724400000002,-5.307677,0.8936698,-0.2360969,-0.05553255,-50.66018,-27.1882,-8.338725
32.578922748,-50.10897,-83.0073000000001,-5.98266900000002,0.966902,-0.2596269,-0.09429907,-50.66018,-27.1882,-8.338725
32.588835239,-42.98609,-87.4344599999999,-7.33265300000001,1.003855,-0.2307374,-0.1285396,-50.66018,-27.1882,-8.338725
32.598747253,-28.30678,-84.87137,-7.02583799999998,1.028843,-0.1655298,-0.142741,-50.66018,-27.1882,-8.338725
32.608659267,-10.15893,-76.5995899999998,-3.159976,1.039104,-0.06566191,-0.1695396,-50.66018,-27.1882,-8.338725
32.618571758,5.88302899999997,-68.7355700000001,-1.809992,1.055622,0.03789656,-0.1541176,-51.39604,-27.55397,-6.149361
32.628483772,16.53637,-56.50266,-2.975887,1.093346,0.05791893,-0.1236029,-51.39604,-27.55397,-6.149361
32.63839674,20.25266,-43.97849,-2.669072,1.107497,0.02784668,-0.06631516,-51.39604,-27.55397,-6.149361
32.648308277,18.33258,-34.65817,-1.748629,1.062107,0.0007396453,-0.04206806,-51.39604,-27.55397,-6.149361
32.658221245,13.87304,-31.16305,-2.300895,1.013543,-0.0177489,-0.03117861,-51.39604,-27.55397,-6.149361
32.668133259,8.979931,-32.03683,-2.853161,0.9676422,-0.0202436,-0.02788978,-51.7595,-27.54171,-3.127917
32.67804575,4.582329,-35.24069,-3.098613,0.9577453,-0.01652493,-0.03497585,-51.7595,-27.54171,-3.127917
32.687957764,-2.478608,-38.3863,-2.239532,0.981237,-0.03329292,-0.05259052,-51.7595,-27.54171,-3.127917
32.697870254,-12.76033,-39.31833,-0.705459200000001,0.9791966,-0.04848338,-0.07860139,-51.7595,-27.54171,-3.127917
32.710260391,-26.01507,-38.26979,-1.319088,0.9524844,-0.08897451,-0.1559296,-51.7595,-27.54171,-3.127917
32.720172882,-33.32376,-38.6193,-3.405427,0.9434051,-0.1209368,-0.2203997,-51.38388,-27.16003,-1.396412
32.730084896,-36.23484,-41.70666,-4.878137,0.9760329,-0.1640103,-0.2838892,-51.38388,-27.16003,-1.396412
32.739997387,-34.87221,-44.03674,-4.571322,1.007601,-0.1544554,-0.2937206,-51.38388,-27.16003,-1.396412
32.749909401,-29.54554,-43.57072,-4.448596,1.048931,-0.1096651,-0.2640346,-51.38388,-27.16003,-1.396412
32.759821892,-10.59249,-42.81345,-5.614491,0.9897587,-0.9664203,-0.31433,-51.38388,-27.16003,-1.396412
32.769733906,34.43647,-73.8034999999997,-12.18032,0.9683909,-0.6042007,-0.1619099,-51.75031,-27.53126,-0.5581322
32.779646873,69.8650400000001,-86.0946599999999,-24.33018,1.084285,-0.3856882,-0.09622448,-51.75031,-27.53126,-0.5581322
32.789558887,101.2057,-61.3958199999997,-30.09829,1.182369,-0.1333671,-0.1064943,-51.75031,-27.53126,-0.5581322
32.799470425,134.838,-21.60973,-28.13468,1.178536,0.003911257,-0.271679,-51.75031,-27.53126,-0.5581322
32.809383392,161.9669,11.53563,-15.24847,1.08952,0.1413027,-0.3035515,-51.75031,-27.53126,-0.5581322
32.819295406,164.0728,29.12773,-3.159976,0.9788185,0.2832139,-0.3467172,-50.9864,-27.51368,3.742366
32.829207897,134.2806,23.53554,-1.687266,0.8326867,0.3211699,-0.3427121,-50.9864,-27.51368,3.742366
32.839119911,82.7481500000003,0.2347521,-8.06900800000002,0.7386426,0.2128491,-0.3420838,-50.9864,-27.51368,3.742366
32.849032402,24.40251,-29.532,-6.78038700000001,0.727456,0.1432403,-0.2747418,-50.9864,-27.51368,3.742366
32.858944416,-28.61647,-47.82312,-6.16675799999997,0.7932728,0.08373578,-0.2205287,-50.9864,-27.51368,3.742366
32.868856907,-64.41666,-58.9492399999999,-4.448596,0.9604568,-0.06002733,-0.202866,-50.97236,-27.87782,6.313303
32.878768921,-77.7333499999998,-62.6191199999999,-1.012274,1.070931,-0.1559636,-0.1757173,-50.97236,-27.87782,6.313303
32.888681889,-68.2568200000002,-52.01726,-0.889547900000002,1.12187,-0.1723458,-0.09130952,-50.97236,-27.87782,6.313303
32.898593426,-40.69439,-30.69704,-3.650879,1.14373,-0.1836041,-0.07093988,-50.97236,-27.87782,6.313303
32.908506393,0.43248,-9.20206600000003,-6.84175,1.112463,-0.1666692,-0.09598628,-50.97236,-27.87782,6.313303
32.918418407,43.41749,2.739586,-6.90311299999998,1.049374,-0.1250359,-0.1436214,-50.58842,-28.24689,7.66165
32.928330898,74.5723299999998,4.428894,-4.816774,0.9806702,-0.0509094,-0.1761033,-50.58842,-28.24689,7.66165
32.938242912,84.2965999999999,0.46776,-3.589516,0.9439181,0.001024338,-0.1706158,-50.58842,-28.24689,7.66165
32.948155403,70.6702299999999,-4.192397,-2.730435,0.9472112,0.05270713,-0.1227663,-50.58842,-28.24689,7.66165
32.958067417,39.01989,-7.16324699999999,-2.669072,0.9689009,0.0886776,-0.06366781,-50.58842,-28.24689,7.66165
32.967979431,0.1847278,-8.61954700000002,-3.650879,0.9854905,0.08814026,-0.02013042,-50.57898,-28.61626,8.947697
32.977891922,-30.53655,-10.42536,-3.528153,0.9783382,0.04887934,-0.0006393436,-50.57898,-28.61626,8.947697
32.987803936,-43.35772,-10.89137,-3.405427,0.9526855,0.007227794,-0.02372718,-50.57898,-28.61626,8.947697
33.00019455,-36.79229,-10.2506,-3.89633,0.9264894,-0.06079973,-0.08299758,-50.57898,-28.61626,8.947697
33.010106564,-21.67941,-11.41564,-3.344064,0.9188005,-0.122779,-0.1423988,-50.57898,-28.61626,8.947697
33.020019054,-6.93814800000003,-13.39621,-2.730435,0.9182816,-0.1598739,-0.1887363,-49.84016,-27.86701,8.941496
33.029931068,3.095816,-13.45446,-3.589516,0.9154483,-0.166936,-0.2348524,-49.84016,-27.86701,8.941496
33.039843559,9.78512499999999,-14.15348,-5.73721700000003,0.9061332,-0.127074,-0.2858776,-49.84016,-27.86701,8.941496
33.049755573,15.29761,-15.08551,-9.60308100000002,0.9175689,-0.03294528,-0.3002412,-49.84016,-27.86701,8.941496
33.059668541,19.69521,-13.0467,-12.85531,0.9725516,0.05760184,-0.268456,-49.84016,-27.86701,8.941496
33.069580555,21.86304,-7.57101099999998,-12.48714,1.009932,0.09232754,-0.2066299,-50.56306,-29.73848,9.336626
33.079493046,19.69521,-2.677846,-10.83034,1.001067,0.06243683,-0.1524892,-50.56306,-29.73848,9.336626
33.08940506,11.7052,-0.639027300000002,-9.84853300000002,0.9406205,0.01324178,-0.1440952,-50.56306,-29.73848,9.336626
33.099317551,-0.1249625,-4.89142,-9.78716900000001,0.8874362,-0.04297698,-0.198716,-50.56306,-29.73848,9.336626
33.109229565,-10.77831,-14.67775,-9.54171799999998,0.8601286,-0.1023057,-0.2607991,-50.56306,-29.73848,9.336626
33.119142056,-16.35273,-23.41554,-9.84853300000002,0.8799643,-0.1404531,-0.2785223,-50.55361,-30.10784,10.62267
33.12905407,-15.42366,-29.24074,-10.46216,0.9378806,-0.1718118,-0.2941518,-50.55361,-30.10784,10.62267
33.13896656,-8.42466199999997,-32.4446,-11.32124,0.9898182,-0.1847653,-0.2990398,-50.55361,-30.10784,10.62267
33.148878574,1.299613,-32.15334,-11.87351,1.011853,-0.1986198,-0.3123002,-50.55361,-30.10784,10.62267
33.158791542,11.39551,-28.89123,-13.46894,1.012792,-0.1754615,-0.3366427,-50.55361,-30.10784,10.62267
33.168703556,20.25266,-26.03688,-15.55528,1.008658,-0.1266062,-0.3487631,-50.17588,-30.48397,10.23641
33.178615093,26.38452,-23.18254,-19.60524,1.005409,-0.05681105,-0.3453871,-50.17588,-30.48397,10.23641
33.188528061,27.87104,-21.31847,-22.12111,1.038039,-0.007200608,-0.3002235,-50.17588,-30.48397,10.23641
33.198440075,21.92498,-22.54177,-21.13931,1.101715,-0.001220256,-0.2349909,-50.17588,-30.48397,10.23641
33.208352566,7.92698399999999,-24.69709,-19.54387,1.173167,-0.02272341,-0.1589696,-50.17588,-30.48397,10.23641
33.21826458,-11.33575,-26.56115,-18.19389,1.251297,-0.08715493,-0.1495579,-49.78434,-31.22451,12.35685
33.228177071,-27.87321,-28.42521,-17.21208,1.327742,-0.1187957,-0.1706423,-49.78434,-31.22451,12.35685
33.238089085,-36.11097,-21.60973,-17.27345,1.385732,-0.084759,-0.1978408,-49.78434,-31.22451,12.35685
33.248001576,-33.8812,-4.716664,-14.45075,1.389389,0.001490396,-0.2169865,-49.78434,-31.22451,12.35685
33.25791359,-21.06002,18.35111,-7.08720199999999,1.315184,0.09548524,-0.2382414,-49.78434,-31.22451,12.35685
33.267826557,-0.3727147,38.15678,-4.141782,1.159419,0.2270449,-0.2056745,-50.14916,-31.59391,13.64484
33.280216217,25.88902,54.11782,-12.30305,0.9599986,0.2750783,-0.09355397,-50.14916,-31.59391,13.64484
33.290128708,37.84306,56.5644,-17.5189,0.8653711,0.2269507,0.01599646,-50.14916,-31.59391,13.64484
33.300040722,31.77314,50.91396,-19.05297,0.7948912,0.1906801,0.1100375,-50.14916,-31.59391,13.64484
33.30995369,3.219692,38.91405,-17.94844,0.757727,0.1485102,0.1081796,-49.39852,-32.35166,11.52318
33.319865704,-34.06701,21.49672,-18.99161,0.7174491,0.04425863,0.01614738,-49.39852,-32.35166,11.52318
33.329778195,-59.4616100000003,0.700767799999999,-21.50749,0.7722149,-0.08456237,-0.08701085,-49.39852,-32.35166,11.52318
33.339690209,-63.4256499999999,-19.39616,-25.31199,0.9020782,-0.1662043,-0.1550176,-49.39852,-32.35166,11.52318
33.349602699,-49.42765,-25.10485,-27.33696,1.108036,-0.1816208,-0.1637473,-49.39852,-32.35166,11.52318
33.359514713,-21.74134,-12.05641,-27.70514,1.263291,-0.1551655,-0.2038997,-50.14436,-33.04554,9.794584
33.369427204,13.99691,9.14730199999998,-29.97557,1.304243,-0.09497134,-0.2883852,-50.14436,-33.04554,9.794584
33.379339218,47.5054,28.02094,-30.52783,1.246303,-0.03875556,-0.3412526,-50.14436,-33.04554,9.794584
33.389251232,71.6612399999999,41.71015,-31.0801,1.151678,0.01358819,-0.3044971,-50.14436,-33.04554,9.794584
33.399163723,82.9339600000002,50.44794,-32.36872,1.056361,0.06753214,-0.2379546,-50.14436,-33.04554,9.794584
33.409075737,80.20869,53.12754,-33.10508,0.9982824,0.1214936,-0.164074,-48.99409,-35.29485,9.345957
33.418988705,64.4144800000002,50.04018,-33.78007,0.9457839,0.1870865,-0.1045722,-48.99409,-35.29485,9.345957
33.428900242,39.26764,44.15673,-34.08688,0.9253601,0.2078635,-0.06919334,-48.99409,-35.29485,9.345957
33.43881321,10.09482,35.12768,-32.67553,0.9243958,0.1898096,-0.08899118,-48.99409,-35.29485,9.345957
33.448725224,-16.10498,24.87533,-30.46647,0.9372076,0.1319714,-0.147114,-48.99409,-35.29485,9.345957
33.458637714,-34.00507,17.65209,-26.84606,0.9663243,0.05783786,-0.2078969,-49.37134,-35.29828,8.512722
33.468549729,-40.13694,16.4288,-24.57563,1.016762,-0.01173666,-0.2822911,-49.37134,-35.29828,8.512722
33.478462219,-31.2798,18.99188,-20.83249,1.070264,-0.07827936,-0.340368,-49.37134,-35.29828,8.512722
33.488374233,-10.77831,23.18603,-17.64162,1.08737,-0.0909916,-0.3084403,-49.37134,-35.29828,8.512722
33.498286724,14.18273,31.80732,-15.61665,1.086298,-0.09982438,-0.2326242,-49.37134,-35.29828,8.512722
33.508198738,35.42748,40.66161,-14.26666,1.072139,-0.08218204,-0.1622726,-47.86734,-36.43058,6.388325
33.518111229,47.44346,46.37031,-14.26666,1.03334,-0.03885206,-0.1280141,-47.86734,-36.43058,6.388325
33.528023243,56.42448,47.12758,-12.91668,1.031762,-0.06161565,-0.2131391,-47.86734,-36.43058,6.388325
33.537936211,72.52837,45.78779,-10.58489,0.9884079,-0.02355662,-0.3430877,-47.86734,-36.43058,6.388325
33.547848225,91.1717199999998,44.7975,-9.90989499999997,0.9712807,-0.01842105,-0.433645,-47.86734,-36.43058,6.388325
33.560238838,112.0448,44.44799,-7.08720199999999,0.955206,-0.02346937,-0.43353,-47.84818,-37.92922,6.328695
33.570150375,113.7172,50.44794,-2.607709,0.9871453,-0.001765826,-0.3453317,-47.84818,-37.92922,6.328695
33.580063343,102.2586,59.7099999999998,0.889976299999999,0.9742838,-0.01174962,-0.2761364,-47.84818,-37.92922,6.328695
33.589975357,85.5353600000002,67.8652800000002,1.503605,0.9394966,-0.02196846,-0.1995376,-47.84818,-37.92922,6.328695
33.599887848,71.9709200000001,73.16621,1.749057,0.9370691,-0.009794915,-0.1835888,-47.84818,-37.92922,6.328695
33.609799862,65.2196800000003,71.1856400000002,1.564968,0.9446365,0.01480844,-0.132118,-48.22728,-37.55466,6.329489
33.619712353,63.98092,67.7487700000001,1.749057,0.9807736,0.002315202,-0.1037259,-48.22728,-37.55466,6.329489
33.629624367,64.4764300000001,58.6032199999999,6.596727,1.001305,0.05061414,-0.09543136,-48.22728,-37.55466,6.329489
33.639536381,63.2995999999998,51.55473,8.80579200000003,1.023416,0.0931367,-0.08286846,-48.22728,-37.55466,6.329489
33.649448872,61.1937100000001,47.36059,9.48078300000003,1.040707,0.1039265,-0.1007223,-48.22728,-37.55466,6.329489
33.659360886,58.4065000000001,44.85575,11.56712,1.055184,0.100108,-0.1239292,-48.98203,-37.18169,5.94676
33.669273376,54.87603,42.52568,15.92389,1.084201,0.06153255,-0.1527839,-48.98203,-37.18169,5.94676
33.67918539,52.58432,42.64218,19.85111,1.083409,0.03527534,-0.1654356,-48.98203,-37.18169,5.94676
33.689098358,52.08882,45.61303,21.50791,1.05827,0.04071181,-0.1786114,-48.98203,-37.18169,5.94676
33.699010372,52.46045,49.63242,22.91926,1.049574,0.03236358,-0.1781064,-48.98203,-37.18169,5.94676
33.708922863,52.52238,52.42851,24.88287,1.04437,0.03677712,-0.1559416,-50.48552,-36.80904,5.503677
33.718834877,50.66424,53.47705,27.39875,1.040431,0.02330368,-0.1267053,-50.48552,-36.80904,5.503677
33.728747368,47.44346,54.9916,28.25783,1.040712,0.0485674,-0.1174166,-50.48552,-36.80904,5.503677
33.738659382,43.85106,56.97216,26.96921,1.030434,0.0625804,-0.1018631,-50.48552,-36.80904,5.503677
33.748571873,41.86904,59.4770000000002,26.53967,1.019171,0.06779638,-0.09740275,-50.48552,-36.80904,5.503677
33.758483887,43.35555,59.7099999999998,27.27603,1.02383,0.06725001,-0.1204971,-50.88377,-35.31592,4.216117
33.768396378,48.74416,60.1760200000001,27.52148,1.041452,0.05772436,-0.1298465,-50.88377,-35.31592,4.216117
33.778308392,55.99091,64.0788999999997,26.53967,1.047347,0.05049476,-0.1357111,-50.88377,-35.31592,4.216117
33.788221359,60.3885200000002,67.80703,26.6624,1.016397,0.04954587,-0.1507962,-50.88377,-35.31592,4.216117
33.798133373,60.1407599999997,68.2147899999999,26.84649,0.9760582,0.03745777,-0.1409005,-50.88377,-35.31592,4.216117
33.808045864,57.84906,66.1759699999999,26.84649,0.9513172,0.02651575,-0.1345026,-52.7847,-33.51258,2.485666
33.817957878,57.5393599999997,63.6711300000002,25.61923,0.9468114,0.0307962,-0.1397141,-52.7847,-33.51258,2.485666
33.827869892,60.7601400000001,61.3410599999998,24.88287,0.9643558,0.04757167,-0.12584,-52.7847,-33.51258,2.485666
33.840260506,65.28162,58.8362299999998,25.06696,0.9767063,0.05754673,-0.1018799,-52.7847,-33.51258,2.485666
33.850172996,64.9719199999998,57.14692,25.80332,0.9657461,0.07047706,-0.106494,-52.7847,-33.51258,2.485666
33.86008501,61.0079000000001,55.80713,26.04877,0.9351947,0.09241376,-0.1036645,-54.30733,-32.02138,0.7542305
33.869997501,54.9999,54.29258,26.47831,0.9168267,0.1086287,-0.1115493,-54.30733,-32.02138,0.7542305
33.879909515,50.04486,51.49648,27.03057,0.9024631,0.1166482,-0.1200059,-54.30733,-32.02138,0.7542305
33.889821529,47.13377,48.23437,28.13511,0.9000664,0.1093256,-0.1238738,-54.30733,-32.02138,0.7542305
33.89973402,47.87703,44.73925,29.97599,0.89462,0.101418,-0.1397213,-54.30733,-32.02138,0.7542305
33.909646034,49.98292,41.36064,30.4669,0.9021372,0.1025806,-0.1205767,-55.82351,-30.90294,-0.5263386
33.919558525,50.35455,38.79755,31.32598,0.8940246,0.1094097,-0.09308719,-55.82351,-30.90294,-0.5263386
33.929470539,47.56734,38.04028,30.03736,0.8916865,0.123581,-0.0660823,-55.82351,-30.90294,-0.5263386
33.939383507,40.5064,37.1665,27.82829,0.8752538,0.1434727,-0.02402404,-55.82351,-30.90294,-0.5263386
33.949295044,30.96794,34.89467,25.9874,0.8644501,0.1357573,0.01011571,-55.82351,-30.90294,-0.5263386
33.959208012,21.67723,31.86557,25.43514,0.8494347,0.1110118,0.04274048,-56.23146,-28.66063,-1.816208
33.969120026,15.1118,28.83647,25.25105,0.8451511,0.07760735,0.0627242,-56.23146,-28.66063,-1.816208
33.979032516,11.82908,24.81708,26.23286,0.8688644,0.05291029,0.1050744,-56.23146,-28.66063,-1.816208
33.98894453,11.76714,21.61322,26.60103,0.9020488,0.03500459,0.1252951,-56.23146,-28.66063,-1.816208
33.998857021,11.89102,19.4579,27.46012,0.9411067,0.02400471,0.1541502,-56.23146,-28.66063,-1.816208
34.008769035,11.89102,19.05013,28.25783,0.9650214,0.006481156,0.1768599,-56.99911,-27.54213,-3.10067
34.018681526,10.52838,20.33168,28.25783,0.976089,-0.01419822,0.1828618,-56.99911,-27.54213,-3.10067
34.02859354,10.15675,20.44818,29.36236,0.9429241,-0.02237548,0.1816736,-56.99911,-27.54213,-3.10067
34.038506508,10.59032,20.15692,29.54645,0.8993783,-0.0268376,0.1738839,-56.99911,-27.54213,-3.10067
34.048418045,10.65226,18.58412,30.09872,0.8557115,-0.03477735,0.150227,-56.99911,-27.54213,-3.10067
34.058331013,10.03288,16.5453,30.9578,0.8414463,-0.045731,0.1291589,-58.1445,-26.0475,-3.998871
34.068243027,7.617294,13.74921,32.06233,0.8358868,-0.06613205,0.1353165,-58.1445,-26.0475,-3.998871
34.078155518,2.724188,9.38030999999998,33.96458,0.8525976,-0.1007527,0.1507765,-58.1445,-26.0475,-3.998871
34.088067532,-3.036051,4.661901,36.35773,0.8727676,-0.1475067,0.1555603,-58.1445,-26.0475,-3.998871
34.097979546,-6.44264400000003,2.739586,35.80547,0.8708425,-0.1848278,0.1625318,-58.1445,-26.0475,-3.998871
34.107892036,-4.956131,-0.1730116,35.56002,0.8646725,-0.205786,0.1562072,-59.29451,-24.17801,-4.833982
34.11780405,1.05186,-2.736098,34.63958,0.867552,-0.1865048,0.2211304,-59.29451,-24.17801,-4.833982
34.130194664,9.84706299999998,-7.51275900000002,32.00097,0.8343463,-0.1837321,0.1811226,-59.29451,-24.17801,-4.833982
34.140106678,18.51839,-10.89137,29.23964,0.7997471,-0.1833787,0.1454331,-59.29451,-24.17801,-4.833982
34.150019169,28.42848,-13.33796,26.04877,0.7695861,-0.1531944,0.1483139,-59.68816,-22.67966,-4.836651
34.159931183,36.72818,-15.66803,22.48972,0.7363468,-0.09726848,0.1672399,-59.68816,-22.67966,-4.836651
34.169843674,38.58632,-19.33791,20.21929,0.755357,-0.02462582,0.1987583,-59.68816,-22.67966,-4.836651
34.179755688,31.02988,-22.134,18.74658,0.8418358,0.02520348,0.2501476,-59.68816,-22.67966,-4.836651
34.189668655,11.27164,-23.76506,19.97384,1.120247,-0.003398801,0.3294893,-59.68816,-22.67966,-4.836651
34.199580193,-20.75033,-28.19221,27.46012,1.466546,-0.1380197,0.2768939,-60.82712,-21.17771,-3.936003
34.20949316,-34.81027,-43.74548,36.72591,1.782503,-0.3086438,0.1796844,-60.82712,-21.17771,-3.936003
34.219405174,11.39551,-48.17263,35.56002,2.097877,-0.5700192,0.3483636,-60.82712,-21.17771,-3.936003
34.229317665,112.7881,10.37059,32.30779,2.38855,-0.6784043,0.8145481,-60.82712,-21.17771,-3.936003
34.239229679,219.3215,109.4572,22.18291,2.170814,-0.4080529,0.9268786,-60.82712,-21.17771,-3.936003
34.24914217,271.9689,160.1364,4.510388,1.436344,0.03852938,0.923682,-61.2148,-19.67256,-2.268312
34.259054184,244.6542,155.7675,-16.72118,0.7279787,0.4428297,0.6510736,-61.2148,-19.67256,-2.268312
34.268966675,166.5503,98.5058100000003,-37.46184,0.1059237,1.050495,0.2119269,-61.2148,-19.67256,-2.268312
34.278878689,65.2196800000003,11.01136,-51.20713,-0.2484977,1.849635,-0.1304671,-61.2148,-19.67256,-2.268312
34.288791657,-52.71037,-60.4055400000003,-60.5956600000002,-0.006208815,1.195076,0.03242731,-61.2148,-19.67256,-2.268312
34.298703194,-151.3158,-87.5509599999997,-29.66875,0.2132977,0.6624793,-0.1666546,-62.35485,-18.93209,-4.384854
34.308616161,-177.5775,-97.5120399999999,-4.264508,0.6608626,0.0816309,-0.3081474,-62.35485,-18.93209,-4.384854
34.318528175,-135.088,-93.3761499999998,6.16718700000003,0.6445434,-0.2005916,-0.3703766,-62.35485,-18.93209,-4.384854
34.328440666,-55.68339,-61.1045600000002,16.78297,1.212003,-0.5318439,-0.258272,-62.35485,-18.93209,-4.384854
34.33835268,11.95296,-20.73595,31.57143,1.473519,-0.6249192,-0.0423585,-62.35485,-18.93209,-4.384854
34.348265171,28.3046,7.98226299999999,45.37808,1.372069,-0.5741047,0.09000146,-61.59044,-19.67416,-2.651834
34.358177185,10.7142,11.12787,40.10087,1.129794,-0.4319034,0.1388045,-61.59044,-19.67416,-2.651834
34.368089199,5.139772,-4.308901,25.25105,0.9514031,-0.33093,0.2179523,-61.59044,-19.67416,-2.651834
34.37800169,12.20071,-21.90099,11.4444,0.8770589,-0.2121116,0.4028518,-61.59044,-19.67416,-2.651834
34.387913704,0.2466658,-37.80378,1.258154,0.8705499,-0.09545448,0.3816019,-61.59044,-19.67416,-2.651834
34.400304318,-26.94414,-56.85217,-5.062225,0.865654,-0.1209026,0.1606049,-62.33895,-19.67422,-2.647942
34.410216808,-25.45763,-64.7744400000002,-6.78038700000001,0.9116706,-0.2217623,0.04763049,-62.33895,-19.67422,-2.647942
34.420128822,-2.850237,-63.4929000000001,-7.76219299999999,0.9544866,-0.2991346,-0.01618166,-62.33895,-19.67422,-2.647942
34.430040836,26.94197,-56.79392,-7.45537899999998,0.9762945,-0.3035905,0.007114724,-62.33895,-19.67422,-2.647942
34.439953327,51.77913,-47.99787,-6.41221000000002,0.9950272,-0.2313317,0.0587998,-62.33895,-19.67422,-2.647942
34.449865341,64.9099899999998,-40.0756,-5.307677,0.9943256,-0.1346235,0.1036251,-62.71857,-18.54001,-0.07967186
34.459778309,65.28162,-36.17272,-4.203145,0.9804465,-0.02587286,0.1649779,-62.71857,-18.54001,-0.07967186
34.469690323,56.23867,-37.10476,-2.914524,0.9429132,0.03639499,0.2017517,-62.71857,-18.54001,-0.07967186
34.479602814,39.94896,-40.83288,-1.380451,0.9308153,0.06435195,0.1991689,-62.71857,-18.54001,-0.07967186
34.489514828,18.89002,-47.53186,-0.03046724,0.9282265,0.05497803,0.1741622,-62.71857,-18.54001,-0.07967186
34.499427319,0.804108299999999,-54.8716,1.871783,0.9488814,0.01773587,0.1420326,-62.3416,-17.77667,3.385284
34.509339333,-9.663423,-59.5900100000002,4.326299,0.9777707,0.01421581,0.141742,-62.3416,-17.77667,3.385284
34.519251824,-11.52156,-58.54148,5.98309800000002,0.9997991,-0.0176907,0.1067543,-62.3416,-17.77667,3.385284
34.529163838,-5.76132499999998,-56.15314,7.27171900000003,0.9886667,-0.02582558,0.06070786,-62.3416,-17.77667,3.385284
34.539076328,0.1227897,-56.38615,7.63989600000002,0.9834237,-0.01972923,0.03342795,-62.3416,-17.77667,3.385284
34.548988342,-1.054033,-57.72595,6.71945300000003,0.9895555,-0.01537632,0.0165947,-62.68914,-18.88663,6.795658
34.55890131,-8.548538,-58.5997300000002,5.430832,0.9994962,-0.000783995,0.001715075,-62.68914,-18.88663,6.795658
34.568813324,-17.71537,-58.9492399999999,2.730864,0.9876977,-0.01852496,-0.02518286,-62.68914,-18.88663,6.795658
34.578725815,-23.59948,-61.1628200000001,1.564968,0.987701,-0.05510864,-0.06768054,-62.68914,-18.88663,6.795658
34.588637829,-23.53755,-63.4346400000002,1.012702,0.9999945,-0.1229638,-0.09273435,-62.68914,-18.88663,6.795658
34.59855032,-18.087,-60.9880599999998,0.2149844,1.007202,-0.1631778,-0.1045927,-63.05906,-18.50161,9.366236
34.608462334,-8.11497100000001,-56.3279,-1.687266,1.0121,-0.1899412,-0.1350663,-63.05906,-18.50161,9.366236
34.618374824,2.724188,-52.13376,-3.282701,1.007601,-0.1973646,-0.1533201,-63.05906,-18.50161,9.366236
34.628286838,11.89102,-49.39592,-3.89633,1.005829,-0.1614444,-0.1410605,-63.05906,-18.50161,9.366236
34.638198852,16.10281,-47.3571,-5.246314,1.017886,-0.1008904,-0.0865107,-63.05906,-18.50161,9.366236
34.648111343,14.80211,-41.88142,-6.47357199999998,1.024273,-0.1015221,-0.03663752,-62.29514,-18.48403,13.66673
34.658023357,12.07683,-37.22126,-6.289484,1.008669,-0.1360816,-0.02519966,-62.29514,-18.48403,13.66673
34.667936325,10.96195,-36.58049,-5.184951,1.006469,-0.1623265,-0.03207636,-62.29514,-18.48403,13.66673
34.677847862,9.35155899999998,-38.96882,-4.387233,0.9614751,-0.1477725,-0.01571807,-62.29514,-18.48403,13.66673
34.690238476,5.82109000000002,-46.36682,-3.650879,0.9523022,-0.1553932,-0.06081889,-62.29514,-18.48403,13.66673
34.700151443,5.263648,-52.30852,-4.264508,0.9570475,-0.1312651,-0.09431311,-61.91468,-18.47694,15.39939
34.710063457,7.05985200000002,-53.53181,-5.307677,0.976725,-0.08706462,-0.1263712,-61.91468,-18.47694,15.39939
34.719975471,7.98892199999997,-50.73571,-5.675855,1.004229,-0.03447197,-0.1483625,-61.91468,-18.47694,15.39939
34.729887962,6.006905,-46.89108,-5.553129,1.030946,-0.01325112,-0.1407857,-61.91468,-18.47694,15.39939
34.739799976,0.927984400000002,-41.24064,-5.062225,1.026928,-0.04286285,-0.1380648,-61.91468,-18.47694,15.39939
34.749712467,-4.708378,-38.3863,-2.975887,1.003175,-0.07232442,-0.1524462,-60.77764,-18.84073,18.02874
34.759624481,-8.67241400000003,-40.01735,-1.441814,0.9646027,-0.08058377,-0.1564659,-60.77764,-18.84073,18.02874
34.769536972,-11.27381,-42.92995,-1.932717,0.9647803,-0.08927183,-0.149323,-60.77764,-18.84073,18.02874
34.779448986,-14.1849,-43.51247,-1.687266,0.9702598,-0.08329834,-0.1325284,-60.77764,-18.84073,18.02874
34.789361477,-16.7863,-42.11442,-1.748629,0.9871812,-0.07098892,-0.1369243,-60.77764,-18.84073,18.02874
34.799273491,-19.13994,-41.59016,-2.178169,1.004568,-0.1120959,-0.1584859,-60.40065,-18.45747,20.14571
34.809186459,-19.13994,-43.97849,-1.56454,1.00367,-0.1447497,-0.1889451,-60.40065,-18.45747,20.14571
34.819098473,-15.85723,-42.7552,-3.89633,0.9861932,-0.1034499,-0.2235599,-60.40065,-18.45747,20.14571
34.829010963,-9.41567000000003,-43.57072,-5.859943,0.9790384,-0.08979855,-0.2853432,-60.40065,-18.45747,20.14571
34.838922977,-1.363724,-48.58039,-6.10539499999999,0.9820794,-0.06897874,-0.2981969,-60.40065,-18.45747,20.14571
34.848835468,3.901011,-47.82312,-5.246314,1.002106,-0.04629935,-0.273743,-59.26036,-19.19769,22.3265
34.858747482,5.263648,-41.18239,-5.73721700000003,1.002401,-0.04419457,-0.2425214,-59.26036,-19.19769,22.3265
34.868659973,4.396515,-35.06594,-6.53493500000002,1.00403,-0.0570145,-0.1941259,-59.26036,-19.19769,22.3265
34.878571987,0.0608516599999998,-32.21159,-6.22812100000001,0.9763821,-0.08650691,-0.1114794,-59.26036,-19.19769,22.3265
34.888484478,-5.265821,-32.15334,-6.289484,0.9556356,-0.1371085,-0.09577945,-59.26036,-19.19769,22.3265
34.898396492,-8.98210400000001,-36.69699,-5.307677,0.9474757,-0.1659139,-0.1146221,-59.24956,-19.1854,25.34599
34.90830946,-10.71637,-41.24064,-4.387233,0.9618085,-0.1605391,-0.1411275,-59.24956,-19.1854,25.34599
34.918220997,-12.45063,-42.46394,-4.694048,0.9832158,-0.1342323,-0.1685193,-59.24956,-19.1854,25.34599
34.928133965,-14.37072,-41.76491,-5.614491,0.9868231,-0.09751678,-0.2028794,-59.24956,-19.1854,25.34599
34.938045979,-17.09599,-39.08532,-6.71902399999997,0.9821602,-0.08502542,-0.2137967,-59.24956,-19.1854,25.34599
34.947958469,-19.82126,-35.29894,-7.148564,0.9634966,-0.09944766,-0.2386884,-58.49507,-19.17854,27.01246
34.957870483,-21.43165,-34.1339,-6.596298,0.9473897,-0.1323177,-0.2742901,-58.49507,-19.17854,27.01246
34.970261097,-20.25483,-35.53195,-6.289484,0.9415157,-0.1416628,-0.2858219,-58.49507,-19.17854,27.01246
34.980173111,-16.22886,-36.11447,-7.57810399999998,0.9427732,-0.1344364,-0.2977893,-58.49507,-19.17854,27.01246
34.990085602,-10.71637,-35.5902,-7.57810399999998,0.9582414,-0.1294553,-0.309423,-58.49507,-19.17854,27.01246
34.999997616,-5.018068,-33.72614,-7.20992699999999,0.9684091,-0.1210863,-0.3094612,-57.71126,-21.41899,28.7501
35.009910107,-1.054033,-31.92033,-7.20992699999999,0.9659287,-0.1094281,-0.2992773,-57.71126,-21.41899,28.7501
35.019822121,1.05186,-29.47375,-8.13037100000001,0.9540294,-0.08819711,-0.290383,-57.71126,-21.41899,28.7501
35.029734612,0.3705419,-28.0757,-8.92808800000003,0.9413202,-0.0756714,-0.2752971,-57.71126,-21.41899,28.7501
35.039646626,-2.10698,-28.25046,-9.35762899999997,0.9400058,-0.07317138,-0.2575024,-57.71126,-21.41899,28.7501
35.04955864,-5.141944,-28.36696,-10.21671,0.9391669,-0.06872102,-0.2387388,-56.59497,-20.66605,29.64137
35.059471607,-9.53954700000003,-26.44465,-11.01443,0.9338187,-0.052675,-0.2169754,-56.59497,-20.66605,29.64137
35.069383144,-15.9811,-24.34758,-11.81215,0.914444,-0.06014138,-0.2077229,-56.59497,-20.66605,29.64137
35.079296112,-22.36072,-24.46408,-12.30305,0.8864635,-0.07518163,-0.2358937,-56.59497,-20.66605,29.64137
35.089208126,-26.20088,-26.67765,-13.16213,0.8827856,-0.08267438,-0.2695207,-56.59497,-20.66605,29.64137
35.099120617,-26.8822,-31.33781,-13.10077,0.8933111,-0.09631882,-0.3081216,-56.20989,-21.03382,31.31094
35.109032631,-25.70538,-35.12419,-12.5485,0.9260539,-0.1246982,-0.3431848,-56.20989,-21.03382,31.31094
35.118945122,-22.60847,-36.98825,-11.62806,0.9507484,-0.1230488,-0.3650093,-56.20989,-21.03382,31.31094
35.128857136,-19.57351,-36.40573,-10.83034,0.9816024,-0.09215383,-0.3718111,-56.20989,-21.03382,31.31094
35.138769627,-18.02506,-35.24069,-10.4008,1.003078,-0.05264036,-0.3770282,-56.20989,-21.03382,31.31094
35.148681641,-17.77731,-34.71642,-10.27807,1.015327,-0.03491371,-0.3539758,-54.69807,-22.15722,31.37086
35.158594608,-18.64444,-37.33776,-10.4008,1.032665,-0.02824089,-0.3243219,-54.69807,-22.15722,31.37086
35.168506146,-20.75033,-40.30861,-10.4008,1.06597,-0.02901069,-0.2722978,-54.69807,-22.15722,31.37086
35.178419113,-23.59948,-41.82316,-10.83034,1.097773,-0.03176845,-0.2260349,-54.69807,-22.15722,31.37086
35.188331127,-28.24484,-40.59987,-12.18032,1.120868,-0.04190487,-0.1792605,-54.69807,-22.15722,31.37086
35.198243618,-33.81926,-37.51252,-14.08257,1.106472,-0.071454,-0.1394711,-53.54832,-23.64689,33.48972
35.208155632,-42.05702,-33.20187,-15.00302,1.103288,-0.1311245,-0.1383987,-53.54832,-23.64689,33.48972
35.218068123,-48.12695,-32.38634,-12.24169,1.129593,-0.1857193,-0.1644541,-53.54832,-23.64689,33.48972
35.227980137,-52.09098,-36.58049,-6.84175,1.236327,-0.2565066,-0.2340952,-53.54832,-23.64689,33.48972
35.237892628,-53.32975,-44.96877,1.749057,1.424186,-0.2884991,-0.3104703,-53.54832,-23.64689,33.48972
35.250282764,-51.09998,-33.95915,9.35805800000003,1.536659,-0.162703,-0.257855,-53.15145,-25.14158,34.3918
35.260195255,-47.94114,0.642515800000001,9.72623500000002,1.501408,-0.02317647,-0.1941788,-53.15145,-25.14158,34.3918
35.270107269,-39.95113,39.32182,8.31488799999999,1.338204,0.100441,-0.08573102,-53.15145,-25.14158,34.3918
35.28001976,-24.15693,68.0400300000001,1.933146,1.108741,0.2287156,0.05168998,-53.15145,-25.14158,34.3918
35.289931774,-4.398688,84.2340800000003,-9.84853300000002,0.8930466,0.2813533,0.155829,-51.26076,-26.63981,34.38669
35.299844742,13.25366,87.7291899999998,-18.93024,0.7839324,0.2248352,0.1780687,-51.26076,-26.63981,34.38669
35.309756279,24.83607,77.2438400000002,-22.05975,0.7709386,0.1633147,0.1264021,-51.26076,-26.63981,34.38669
35.319669247,30.53437,61.6905700000001,-24.94381,0.8097091,0.1694779,0.09967588,-51.26076,-26.63981,34.38669
35.329581261,29.85305,54.75859,-29.48466,0.8848755,0.2191319,0.1444464,-51.26076,-26.63981,34.38669
35.339493752,20.74816,57.55468,-31.63236,0.9865324,0.2557425,0.1346271,-53.51224,-27.40696,30.03204
35.349405766,3.839073,60.0012599999998,-30.5892,1.052697,0.2732263,0.0745921,-53.51224,-27.40696,30.03204
35.359318256,-19.94514,59.0109799999998,-27.7665,1.071287,0.2568697,-0.03900614,-53.51224,-27.40696,30.03204
35.36923027,-45.83524,54.05957,-24.57563,1.027374,0.1829479,-0.1639336,-53.51224,-27.40696,30.03204
35.379142761,-67.5755000000001,48.11787,-22.18248,1.004671,0.1066986,-0.3212433,-53.51224,-27.40696,30.03204
35.389054775,-82.81226,44.04023,-21.3234,1.030987,-0.02032495,-0.3833131,-54.65528,-26.66989,27.08032
35.398967743,-85.41366,41.71015,-19.42115,1.057759,-0.1200512,-0.5119471,-54.65528,-26.66989,27.08032
35.40887928,-76.1229599999998,41.41889,-16.47573,1.086185,-0.1669787,-0.5605385,-54.65528,-26.66989,27.08032
35.418792248,-59.9571199999999,43.51596,-13.95985,1.083312,-0.1518617,-0.5368834,-54.65528,-26.66989,27.08032
35.428704262,-44.47261,50.97221,-13.83712,1.076649,-0.07210086,-0.4733897,-54.65528,-26.66989,27.08032
35.438616276,-37.10198,58.0206999999998,-13.16213,1.090987,-0.002820764,-0.4245648,-55.74171,-30.80987,22.34475
35.448528767,-30.53655,62.4478499999999,-10.76898,1.096955,0.005349334,-0.4528949,-55.74171,-30.80987,22.34475
35.458440781,-24.34274,65.5934499999997,-9.11217699999998,1.052675,0.06270463,-0.4122502,-55.74171,-30.80987,22.34475
35.468353272,-21.43165,62.0400799999998,-5.859943,1.006141,0.0884212,-0.3900414,-55.74171,-30.80987,22.34475
35.478265286,-18.45863,55.74887,-5.675855,0.984445,0.09586228,-0.3989141,-55.74171,-30.80987,22.34475
35.488177776,-12.51257,53.59355,-6.10539499999999,0.9960647,0.05668532,-0.4084056,-56.48299,-32.70226,17.60031
35.49808979,-0.992095199999997,57.9624500000002,-7.88491900000001,1.026412,-0.02949982,-0.4587167,-56.48299,-32.70226,17.60031
35.508002281,13.37753,62.0400799999998,-6.22812100000001,1.025943,-0.08241808,-0.4710689,-56.48299,-32.70226,17.60031
35.517914295,25.95096,62.3313399999999,-2.546346,1.011226,-0.1260323,-0.4313702,-56.48299,-32.70226,17.60031
35.527827263,33.69321,62.91386,2.178597,0.9822806,-0.1125371,-0.3772349,-56.48299,-32.70226,17.60031
35.540216923,41.43547,62.3895999999998,3.774033,0.9183006,-0.08256897,-0.3346698,-57.61817,-32.71646,14.13694
35.55012989,50.16874,60.9915500000002,3.344493,0.8882555,-0.06744642,-0.3381324,-57.61817,-32.71646,14.13694
35.560041428,62.1227799999998,56.27314,4.14221,0.8912216,-0.04325089,-0.354324,-57.61817,-32.71646,14.13694
35.569954395,76.43047,51.9625,4.387662,0.9297033,0.01885967,-0.3437027,-57.61817,-32.71646,14.13694
35.579866409,90.18072,49.0499,5.124017,0.9884688,0.05158823,-0.3445083,-57.61817,-32.71646,14.13694
35.5897789,98.97591,49.92368,6.10582399999999,1.031525,0.1065274,-0.3253341,-58.39527,-31.2286,11.56643
35.599690914,98.4184699999998,53.06928,4.817203,1.048712,0.1738487,-0.2871121,-58.39527,-31.2286,11.56643
35.609603405,88.1367600000002,57.03042,2.301323,1.040568,0.2345596,-0.2472593,-58.39527,-31.2286,11.56643
35.619515419,71.9089900000002,58.0206999999998,0.889976299999999,0.9980962,0.2894235,-0.2239336,-58.39527,-31.2286,11.56643
35.62942791,56.3006,55.28286,0.828613499999998,0.940184,0.3051746,-0.226174,-58.39527,-31.2286,11.56643
35.639339924,46.01889,49.74892,2.055871,0.8892254,0.3147262,-0.225159,-58.40173,-30.85583,11.11556
35.649252891,40.75415,44.5645,2.485412,0.8733432,0.3270907,-0.2335726,-58.40173,-30.85583,11.11556
35.659164429,37.59531,41.30239,1.81042,0.880761,0.3423479,-0.207611,-58.40173,-30.85583,11.11556
35.669077396,32.33058,39.43832,1.503605,0.89326,0.3382538,-0.1856666,-58.40173,-30.85583,11.11556
35.67898941,25.82708,37.92377,1.503605,0.9188215,0.3105984,-0.1572777,-58.40173,-30.85583,11.11556
35.688901901,19.57134,37.92377,1.074065,0.943599,0.3022955,-0.1349947,-59.92898,-28.98977,9.447218
35.698813915,16.35056,38.91405,0.583161800000002,0.9645208,0.3012898,-0.09870291,-59.92898,-28.98977,9.447218
35.708726406,16.72219,40.1956,0.2149844,0.9746769,0.2845352,-0.08162276,-59.92898,-28.98977,9.447218
35.71863842,18.33258,40.66161,0.6445247,0.98225,0.2632878,-0.08327482,-59.92898,-28.98977,9.447218
35.728550911,18.58033,41.30239,1.074065,0.9815184,0.2438916,-0.0819568,-59.92898,-28.98977,9.447218
35.738462925,15.42149,42.00141,1.074065,0.9836231,0.2347252,-0.07819606,-59.19312,-28.62401,7.257854
35.748375416,8.54636400000002,41.82666,0.889976299999999,0.9969243,0.2246983,-0.08030651,-59.19312,-28.62401,7.257854
35.75828743,1.299613,43.74897,-0.705459200000001,1.001187,0.2246816,-0.09379046,-59.19312,-28.62401,7.257854
35.768200397,-2.974113,46.54506,-2.975887,0.9919178,0.2221372,-0.09468202,-59.19312,-28.62401,7.257854
35.778112411,-6.13295399999998,47.06933,-4.816774,1.00083,0.2145,-0.09289468,-59.19312,-28.62401,7.257854
35.788024902,-6.69039600000003,47.88486,-5.430403,1.003308,0.1991867,-0.0598887,-59.20094,-28.6329,5.073538
35.797936916,-3.71737,53.01103,-5.553129,1.022633,0.1610305,0.01554338,-59.20094,-28.6329,5.073538
35.807849407,3.28163,64.4866600000002,-4.387233,1.053695,0.08619778,0.09590432,-59.20094,-28.6329,5.073538
35.820239544,18.51839,79.4574199999998,-2.975887,1.056589,0.06012067,0.1091482,-59.20094,-28.6329,5.073538
35.830152035,31.71119,86.3311499999999,-5.062225,1.050749,0.05664661,0.1077386,-59.20094,-28.6329,5.073538
35.840064049,43.91299,90.1175300000003,-4.878137,1.011941,0.04631305,0.0782589,-59.96163,-28.64681,1.672464
35.84997654,52.83207,85.5156300000001,-7.27128999999997,0.9568276,0.0837338,0.04060524,-59.96163,-28.64681,1.672464
35.859888554,50.54036,75.2632800000001,-10.46216,0.8841155,0.1109403,0.03905816,-59.96163,-28.64681,1.672464
35.869801044,38.77214,61.22456,-12.48714,0.7986205,0.116,0.004830992,-59.96163,-28.64681,1.672464
35.879713058,22.6063,44.681,-15.67801,0.7743132,0.1238114,-0.0198604,-59.96163,-28.64681,1.672464
35.889626026,7.865046,30.46752,-14.94165,0.7889512,0.1044668,-0.04557303,-59.21421,-29.40823,-1.348618
35.899537563,0.494418,22.72001,-14.81893,0.816476,0.07464019,-0.0666731,-59.21421,-29.40823,-1.348618
35.909450531,0.494418,18.05985,-12.60986,0.8531351,0.02265804,-0.08128303,-59.21421,-29.40823,-1.348618
35.919362545,4.830081,14.09872,-9.97125800000001,0.8679863,-0.003404839,-0.09407811,-59.21421,-29.40823,-1.348618
35.929275036,11.64327,10.89486,-8.55991099999998,0.8646115,-0.007813032,-0.09455644,-59.21421,-29.40823,-1.348618
35.93918705,17.58932,7.807507,-7.27128999999997,0.8467021,0.003514209,-0.1111209,-59.22527,-29.0407,-3.084376
35.949099064,20.8101,3.962878,-5.307677,0.8257655,0.03134148,-0.1174641,-59.22527,-29.0407,-3.084376
35.959011555,19.69521,-0.05650773,-4.019056,0.8037844,0.06887794,-0.1189314,-59.22527,-29.0407,-3.084376
35.968923569,15.17374,-6.23121499999997,-2.853161,0.8044732,0.08483729,-0.1284346,-59.22527,-29.0407,-3.084376
35.97883606,10.28063,-12.34767,-1.503177,0.8241745,0.1166156,-0.125044,-59.22527,-29.0407,-3.084376
35.988748074,6.93597599999999,-17.06608,-0.2759189,0.8370603,0.1434457,-0.1245042,-58.08123,-30.91698,-3.919626
35.998660564,5.077834,-19.92043,0.2763473,0.8468562,0.1655281,-0.09707869,-58.08123,-30.91698,-3.919626
36.008572578,3.777135,-19.86217,-0.828185100000001,0.8693893,0.178514,-0.07799424,-58.08123,-30.91698,-3.919626
36.018485546,2.228683,-17.29909,-1.319088,0.8927188,0.1867879,-0.03446048,-58.08123,-30.91698,-3.919626
36.02839756,0.2466658,-14.21173,0.3377102,0.90747,0.1838482,0.01772076,-58.08123,-30.91698,-3.919626
36.038310051,-0.3107767,-12.17292,2.23996,0.9198247,0.1574883,0.0472007,-58.45436,-30.53561,-2.248474
36.048222065,1.113798,-10.77487,4.633114,0.9226915,0.117499,0.0891617,-58.45436,-30.53561,-2.248474
36.058134556,4.582329,-8.96905800000002,7.08763000000002,0.9215699,0.0876647,0.1355487,-58.45436,-30.53561,-2.248474
36.06804657,8.732179,-6.52247499999999,9.11260599999998,0.9217278,0.06897082,0.1767163,-58.45436,-30.53561,-2.248474
36.077959061,11.27164,-5.415688,12.05803,0.9184605,0.05998889,0.2290239,-58.45436,-30.53561,-2.248474
36.087871075,11.7052,-6.52247499999999,13.96028,0.9041347,0.06144709,0.2642177,-58.0785,-30.53375,-1.800708
36.100261688,13.50141,-9.72633399999999,13.5921,0.8630419,0.05824383,0.3063501,-58.0785,-30.53375,-1.800708
36.110173702,20.43847,-14.21173,13.89891,0.88267,0.07853385,0.4321052,-58.0785,-30.53375,-1.800708
36.120086193,25.39351,-17.06608,13.40801,0.9111086,0.1069744,0.4253095,-58.0785,-30.53375,-1.800708
36.129998207,22.04886,-18.9884,11.87394,0.9695988,0.1522515,0.5076574,-58.4463,-30.90655,-1.347895
36.139911175,11.45745,-16.48356,10.95349,1.006512,0.1616166,0.5419498,-58.4463,-30.90655,-1.347895
36.149822712,5.75915199999997,-11.35739,12.18075,1.023357,0.1514472,0.5037937,-58.4463,-30.90655,-1.347895
36.15973568,12.94397,-5.590444,15.49435,1.020939,0.1282555,0.4316379,-58.4463,-30.90655,-1.347895
36.169647694,29.97693,-0.2312636,20.46474,1.031821,0.08065009,0.3880059,-58.4463,-30.90655,-1.347895
36.179560185,43.97493,4.836657,25.4965,1.034194,0.06893586,0.3672591,-58.45625,-29.77754,-0.06646442
36.189472199,43.6033,5.652184,29.48509,1.043608,0.1086202,0.3304642,-58.45625,-29.77754,-0.06646442
36.199384689,22.29661,-3.901137,30.52826,1.151085,0.2006323,0.2378929,-58.45625,-29.77754,-0.06646442
36.209296703,-23.22786,-32.32809,26.72376,1.390537,0.346709,0.1559849,-58.45625,-29.77754,-0.06646442
36.219209194,-76.0610099999999,-67.0462599999998,23.3488,1.748369,0.4679615,0.1448405,-58.45625,-29.77754,-0.06646442
36.229121208,-108.7643,-78.8131599999998,22.73517,2.085491,0.4481571,0.1900868,-59.58873,-29.02844,-0.06293297
36.239033699,-104.8003,-57.02692,30.83507,2.134528,0.267397,0.1826672,-59.58873,-29.02844,-0.06293297
36.248945713,-59.5854900000002,-12.93019,42.80084,1.659987,0.09915468,0.2017802,-59.58873,-29.02844,-0.06293297
36.258858681,7.18372799999999,35.47719,34.33276,1.061471,0.1901825,0.308275,-59.58873,-29.02844,-0.06293297
36.268770695,69.8030900000001,89.4767500000002,18.68522,0.8230696,0.1643954,0.4903673,-59.58873,-29.02844,-0.06293297
36.278683186,116.6283,117.4959,18.43977,0.4265261,0.2747577,0.1927503,-60.72929,-27.52832,0.3880024
36.2885952,129.2636,75.5545299999999,16.04661,0.02218441,0.4630663,-0.2017474,-60.72929,-27.52832,0.3880024
36.29850769,72.8999899999999,4.195886,17.94886,-0.02135362,0.8463692,-0.2314419,-60.72929,-27.52832,0.3880024
36.308419705,-55.55952,-47.93962,17.45796,0.1220368,0.6060285,-0.5488728,-60.72929,-27.52832,0.3880024
36.318332195,-186.2488,-101.0072,15.31026,0.3491042,0.2158501,-0.4162469,-60.72929,-27.52832,0.3880024
36.328244209,-266.6444,-121.5701,10.46259,0.7944672,0.05116,-0.4281851,-60.74705,-26.40819,-0.514883
36.3381567,-280.3327,-103.2207,3.651307,1.183985,-0.06817141,-0.2539636,-60.74705,-26.40819,-0.514883
36.348068714,-210.2188,-72.4637000000003,8.00807399999998,1.233456,-0.3496811,-0.3369631,-60.74705,-26.40819,-0.514883
36.357981682,-72.2827899999999,-69.95886,20.40338,1.122949,-0.3232699,-0.4010667,-60.74705,-26.40819,-0.514883
36.367893696,44.03687,-59.9977799999998,18.31704,1.18287,-0.3806721,-0.3948009,-60.74705,-26.40819,-0.514883
36.377806187,111.3635,-42.8717,17.51932,1.237655,-0.2238773,-0.2094021,-61.12455,-26.03179,-0.06437969
36.390195847,123.6273,-14.6195,20.64883,1.258621,-0.03144096,0.1052294,-61.12455,-26.03179,-0.06437969
36.400108814,90.3665299999999,6.70071999999997,17.3966,1.173592,0.006553265,0.2503163,-61.12455,-26.03179,-0.06437969
36.410020828,37.03787,14.44823,15.00345,1.048598,-0.02759465,0.3237487,-61.12455,-26.03179,-0.06437969
36.419933319,-15.4856,5.593933,15.43299,0.9330103,-0.07376985,0.2990617,-61.12455,-26.03179,-0.06437969
36.429845333,-48.18889,-12.17292,15.61707,0.8305694,-0.1285889,0.2588304,-61.12991,-24.89755,2.501945
36.439757824,-56.98409,-29.93976,15.49435,0.8032781,-0.1445034,0.1538221,-61.12991,-24.89755,2.501945
36.449669838,-47.63145,-44.50275,15.55571,0.8453404,-0.1300815,0.02868806,-61.12991,-24.89755,2.501945
36.459582329,-35.24384,-52.77453,16.78297,0.9174309,-0.07079099,-0.02440106,-61.12991,-24.89755,2.501945
36.469494343,-28.92616,-54.8716,19.17612,0.9758043,-0.008510437,-0.02884742,-61.12991,-24.89755,2.501945
36.479407311,-29.91717,-54.7551,19.66702,0.9812952,0.0486798,-0.04628305,-60.75243,-24.89386,3.399424
36.489318848,-34.31477,-52.89104,18.56249,0.9549168,0.07079259,-0.1131139,-60.75243,-24.89386,3.399424
36.499231815,-40.63245,-49.57067,18.19431,0.9422897,0.06457612,-0.1596139,-60.75243,-24.89386,3.399424
36.509143829,-47.01207,-47.64836,18.19431,0.9639924,0.002504456,-0.2140059,-60.75243,-24.89386,3.399424
36.51905632,-53.82525,-48.11438,19.60566,1.012602,-0.02701033,-0.03843398,-60.75243,-24.89386,3.399424
36.528968334,-55.62146,-46.71633,16.2307,1.004498,-0.1487178,-0.2081855,-61.13205,-23.75965,5.967691
36.538880825,-49.55153,-45.20178,13.34665,1.020311,-0.2052605,-0.2106291,-61.13205,-23.75965,5.967691
36.548792839,-35.49159,-43.10471,11.81257,1.012612,-0.2611429,-0.2162119,-61.13205,-23.75965,5.967691
36.55870533,-15.73335,-41.35715,10.52395,1.00077,-0.2662232,-0.2324616,-61.13205,-23.75965,5.967691
36.568617344,4.644268,-40.01735,9.97168700000001,0.9706976,-0.2467248,-0.2334941,-61.13205,-23.75965,5.967691
36.578530311,22.29661,-37.16301,8.98988099999998,0.9633157,-0.1785575,-0.2536185,-61.51141,-23.00526,7.252224
36.588441849,34.12678,-35.24069,7.27171900000003,0.9910552,-0.1002367,-0.2701588,-61.51141,-23.00526,7.252224
36.598354816,37.96694,-33.02712,6.90354199999998,1.017841,-0.0711751,-0.2466852,-61.51141,-23.00526,7.252224
36.60826683,32.94996,-29.24074,7.21035599999999,1.025667,-0.04912468,-0.2206821,-61.51141,-23.00526,7.252224
36.618179321,22.42049,-26.09513,7.76262199999999,1.008384,-0.05600809,-0.1975205,-61.51141,-23.00526,7.252224
36.628091335,12.26265,-26.09513,8.19216299999999,0.9815831,-0.06897982,-0.2036011,-61.51838,-21.87284,9.368835
36.638003826,6.750161,-28.65822,8.19216299999999,0.9645566,-0.07207564,-0.1986627,-61.51838,-21.87284,9.368835
36.64791584,6.19271900000002,-32.32809,7.88534800000001,0.9757556,-0.07147156,-0.2026035,-61.51838,-21.87284,9.368835
36.657828331,9.97093999999998,-33.9009,7.45580799999998,1.016881,-0.07239292,-0.1986686,-61.51838,-21.87284,9.368835
36.670218468,16.53637,-30.11452,6.90354199999998,1.035957,-0.05287815,-0.1276516,-61.51838,-21.87284,9.368835
36.680130958,18.08482,-26.44465,7.21035599999999,1.03266,-0.01968466,-0.07650319,-61.88296,-22.24198,10.72107
36.690042972,14.49242,-23.41554,5.86037199999999,1.009932,-0.03252373,-0.06677536,-61.88296,-22.24198,10.72107
36.699955463,9.41349700000002,-27.14367,7.88534800000001,0.9685286,-0.08271809,-0.1099411,-61.88296,-22.24198,10.72107
36.709867477,4.582329,-31.27956,8.06943700000002,0.9325629,-0.08086737,-0.1340842,-61.88296,-22.24198,10.72107
36.719780445,-1.301785,-36.69699,9.54214699999998,0.9250706,-0.04811895,-0.158765,-61.88296,-22.24198,10.72107
36.729691982,-9.16791799999997,-40.65812,11.13758,0.9560913,-0.03860077,-0.1743535,-61.51406,-21.10771,13.28545
36.73960495,-19.57351,-41.12414,11.87394,0.9957269,-0.02930873,-0.1607336,-61.51406,-21.10771,13.28545
36.749516964,-30.35073,-39.60959,12.18075,1.027279,-0.08999733,-0.1590289,-61.51406,-21.10771,13.28545
36.759429455,-36.91616,-37.92028,13.1012,1.035486,-0.152627,-0.1950537,-61.51406,-21.10771,13.28545
36.769341469,-37.34973,-34.77468,11.87394,0.9868993,-0.1303996,-0.1862936,-61.51406,-21.10771,13.28545
36.77925396,-32.5805,-30.9883,9.54214699999998,0.9506166,-0.1421241,-0.2095639,-61.14006,-20.72785,14.56724
36.789165974,-24.40468,-30.69704,8.80579200000003,0.9276342,-0.131929,-0.2452953,-61.14006,-20.72785,14.56724
36.799078464,-15.42366,-32.50285,8.43761400000001,0.9349806,-0.1130549,-0.2697256,-61.14006,-20.72785,14.56724
36.808990478,-9.35373199999999,-35.5902,7.63989600000002,0.952902,-0.0968193,-0.2673824,-61.14006,-20.72785,14.56724
36.818903446,-7.557528,-37.80378,7.88534800000001,0.9787632,-0.08335199,-0.2569683,-61.14006,-20.72785,14.56724
36.828814983,-9.53954700000003,-37.92028,8.19216299999999,0.9914353,-0.0990633,-0.2317418,-60.38049,-21.09533,16.29911
36.838727951,-12.82226,-33.78439,8.49897699999999,0.9844288,-0.1194724,-0.2236503,-60.38049,-21.09533,16.29911
36.848639965,-14.12296,-30.52228,8.00807399999998,0.9801866,-0.1467621,-0.2401183,-60.38049,-21.09533,16.29911
36.858552456,-13.19389,-29.47375,6.96490399999999,0.9741564,-0.1376519,-0.2452835,-60.38049,-21.09533,16.29911
36.86846447,-10.59249,-28.36696,6.84217800000002,0.9817904,-0.1259452,-0.2500778,-60.38049,-21.09533,16.29911
36.878376961,-8.42466199999997,-27.37668,7.026268,0.9807035,-0.1118678,-0.244212,-60.37776,-20.7121,18.41803
36.888288975,-8.23884800000001,-26.85241,6.22854899999998,0.972277,-0.09690929,-0.2377924,-60.37776,-20.7121,18.41803
36.898201466,-9.47760899999999,-26.56115,5.062654,0.9683105,-0.09601122,-0.2420711,-60.37776,-20.7121,18.41803
36.90811348,-12.63645,-27.84269,4.75584,0.9624633,-0.09851316,-0.242994,-60.37776,-20.7121,18.41803
36.918026447,-16.97211,-27.26017,4.939929,0.9548293,-0.0841267,-0.2553117,-60.37776,-20.7121,18.41803
36.927937984,-20.75033,-27.49318,4.449025,0.9397966,-0.06596318,-0.2694564,-60.37316,-20.70688,19.70292
36.937850952,-23.28979,-29.29899,4.203574,0.9369903,-0.04227946,-0.2769552,-60.37316,-20.70688,19.70292
36.950240612,-24.21886,-32.50285,4.694477,0.924798,-0.02631845,-0.255129,-60.37316,-20.70688,19.70292
36.96015358,-23.90917,-34.07565,4.939929,0.9203099,-0.01032144,-0.2448976,-60.37316,-20.70688,19.70292
36.970065594,-22.54654,-36.11447,4.080848,0.9235731,-0.02718651,-0.232556,-60.37316,-20.70688,19.70292
36.979978085,-20.62646,-38.32804,4.510388,0.9336321,-0.07057255,-0.20845,-60.37316,-20.70688,19.70292
36.989890099,-19.32576,-40.83288,6.16718700000003,0.9617057,-0.1084063,-0.185434,-60.37316,-20.70688,19.70292
36.999802589,-19.63545,-41.24064,6.71945300000003,0.9824473,-0.1414526,-0.1565563,-60.37316,-20.70688,19.70292
37.009714603,-23.41367,-39.20182,6.35127500000001,1.00143,-0.1673522,-0.1477814,-60.37316,-20.70688,19.70292
37.019627094,-29.91717,-33.60964,5.98309800000002,0.9893876,-0.1825326,-0.1477711,-59.24258,-20.6979,21.8814
37.029539108,-36.35872,-27.66794,3.774033,0.9585416,-0.1917204,-0.162432,-59.24258,-20.6979,21.8814
37.039451599,-38.89818,-23.76506,1.871783,0.9319998,-0.2155376,-0.2036388,-59.24258,-20.6979,21.8814
37.049363613,-37.41167,-24.87184,1.564968,0.9254194,-0.2264654,-0.2382221,-59.24258,-20.6979,21.8814
37.059276581,-32.45662,-27.37668,1.564968,0.9399389,-0.2292862,-0.2561411,-59.24258,-20.6979,21.8814
37.069188595,-25.70538,-29.06598,1.933146,0.9504601,-0.2165913,-0.2643165,-58.85563,-21.44366,22.71694
37.079101086,-20.25483,-27.55143,1.687694,0.9572054,-0.1999724,-0.254665,-58.85563,-21.44366,22.71694
37.0890131,-17.52956,-25.0466,1.81042,0.9608495,-0.1746968,-0.2511692,-58.85563,-21.44366,22.71694
37.098925591,-19.3877,-24.17282,2.914952,0.9563459,-0.1635859,-0.2481726,-58.85563,-21.44366,22.71694
37.108837605,-25.70538,-26.38639,4.203574,0.9738867,-0.1609586,-0.2511983,-58.85563,-21.44366,22.71694
37.118750095,-33.19988,-29.00773,5.430832,0.986757,-0.1651078,-0.2407814,-58.48301,-21.06537,23.61327
37.128662109,-40.32276,-29.70676,5.553557,0.9981558,-0.1692778,-0.2308313,-58.48301,-21.06537,23.61327
37.1385746,-43.9771,-29.82326,5.308106,1.014662,-0.1598628,-0.2314014,-58.48301,-21.06537,23.61327
37.148486614,-43.79129,-27.72619,5.92173499999998,1.031935,-0.1285945,-0.2270314,-58.48301,-21.06537,23.61327
37.158399582,-40.94214,-22.30876,6.22854899999998,1.029839,-0.09528174,-0.2493575,-58.48301,-21.06537,23.61327
37.168311119,-36.04903,-16.42531,5.73764600000002,1.012047,-0.07389772,-0.2903441,-58.84457,-21.8112,24.4527
37.178224087,-30.22686,-13.86222,5.73764600000002,0.9934463,-0.07780387,-0.344456,-58.84457,-21.8112,24.4527
37.188136101,-23.10398,-12.81369,5.001291,0.9775954,-0.1039597,-0.3949003,-58.84457,-21.8112,24.4527
37.198048592,-14.92816,-14.03698,3.896759,0.9982749,-0.1572867,-0.4434626,-58.84457,-21.8112,24.4527
37.207960606,-7.681405,-17.47384,3.651307,1.048449,-0.1606568,-0.4660363,-58.84457,-21.8112,24.4527
37.217873097,-4.460626,-21.78449,2.117234,1.140024,-0.1070046,-0.4377163,-58.09606,-21.81113,24.44881
37.227785111,-6.44264400000003,-19.2214,-0.644096300000003,1.198363,0.004286753,-0.3405225,-58.09606,-21.81113,24.44881
37.240175724,-14.92816,-2.910854,-7.148564,1.202087,0.1015598,-0.1973019,-58.09606,-21.81113,24.44881
37.250087738,-18.76832,16.37054,-12.36441,1.103082,0.1141076,-0.1574099,-58.09606,-21.81113,24.44881
37.260000229,-16.97211,26.56464,-15.80074,0.9653241,0.09683844,-0.1644136,-58.09606,-21.81113,24.44881
37.269912243,-11.39769,26.21513,-18.13253,0.8586731,0.02475074,-0.1586258,-56.96821,-22.18538,24.50837
37.279824734,-7.681405,20.15692,-16.72118,0.825251,-0.03964917,-0.1553846,-56.96821,-22.18538,24.50837
37.289736748,-7.86721900000001,14.56473,-16.78254,0.8643224,-0.06869084,-0.1463363,-56.96821,-22.18538,24.50837
37.299649715,-9.72536099999999,13.57445,-18.74615,0.9297422,-0.09475219,-0.186968,-56.96821,-22.18538,24.50837
37.30956173,-9.47760899999999,16.77831,-19.48251,0.9932056,-0.09425733,-0.2442103,-56.96821,-22.18538,24.50837
37.31947422,-7.61946700000001,23.47729,-19.60524,1.033442,-0.05905616,-0.2846812,-56.97117,-22.56886,22.3252
37.329386234,-4.212874,33.43837,-20.95522,1.033675,-0.0160172,-0.306964,-56.97117,-22.56886,22.3252
37.339298725,3.962949,42.46743,-25.74153,1.002198,0.01178857,-0.292083,-56.97117,-22.56886,22.3252
37.349210739,18.27064,50.91396,-32.49145,0.9909618,0.04238449,-0.2552832,-56.97117,-22.56886,22.3252
37.35912323,31.77314,55.22461,-37.64593,0.99817,0.1046014,-0.2424513,-56.97117,-22.56886,22.3252
37.369035244,35.92299,56.38964,-40.71408,1.030713,0.1768452,-0.2269059,-56.9566,-24.07273,20.98068
37.378947735,28.11879,56.62265,-43.29132,1.040337,0.233224,-0.2237383,-56.9566,-24.07273,20.98068
37.388859749,11.51939,55.57412,-47.09582,1.041038,0.2369947,-0.2462872,-56.9566,-24.07273,20.98068
37.398772717,-7.99109600000001,51.78774,-48.38444,0.9962932,0.2014341,-0.2643562,-56.9566,-24.07273,20.98068
37.408684731,-25.5815,47.7101,-50.34805,0.980705,0.1656588,-0.3004623,-56.9566,-24.07273,20.98068
37.418597221,-39.084,41.71015,-54.27528,1.000472,0.1089389,-0.346638,-56.56866,-25.95771,18.02925
37.428509235,-46.82625,36.58398,-53.23211,1.09094,0.05227677,-0.3646577,-56.56866,-25.95771,18.02925
37.438421726,-47.63145,37.05,-47.03445,1.200648,-0.0662489,-0.39095,-56.56866,-25.95771,18.02925
37.44833374,-41.74733,42.11792,-37.76866,1.255496,-0.1001446,-0.3273419,-56.56866,-25.95771,18.02925
37.458246231,-34.56252,50.56445,-31.0801,1.223761,-0.1105045,-0.1917128,-56.56866,-25.95771,18.02925
37.468158245,-20.99809,66.2924700000003,-30.09829,1.19612,-0.2126769,-0.1935783,-56.17126,-28.59213,15.01588
37.478070736,-7.062024,73.9234800000001,-29.97557,1.14373,-0.2355593,-0.1793216,-56.17126,-28.59213,15.01588
37.48798275,2.97194,78.4671300000001,-32.0619,1.084638,-0.255775,-0.1957153,-56.17126,-28.59213,15.01588
37.497895718,13.56335,79.9816899999998,-32.43008,1.03847,-0.2732915,-0.2837541,-56.17126,-28.59213,15.01588
37.507807255,30.72019,78.2341299999999,-30.77328,1.008697,-0.3092556,-0.4157619,-56.17126,-28.59213,15.01588
37.520198345,64.2906099999999,72.1176700000001,-28.87103,0.9705598,-0.3185216,-0.5215859,-55.03478,-30.85713,10.71258
37.530109882,93.2156800000001,67.9235299999998,-30.83465,0.9845306,-0.2886967,-0.5071117,-55.03478,-30.85713,10.71258
37.54002285,112.2926,68.8555600000002,-32.18463,1.01567,-0.2256976,-0.400865,-55.03478,-30.85713,10.71258
37.549934864,116.8141,75.14677,-34.3937,1.035281,-0.114942,-0.31388,-55.03478,-30.85713,10.71258
37.559847355,109.1338,84.1175799999999,-37.21639,1.025867,-0.02073651,-0.2632289,-55.03478,-30.85713,10.71258
37.569759369,97.8610300000002,88.60297,-36.41867,1.012992,0.0156052,-0.236459,-55.0329,-31.61521,8.530569
37.57967186,86.7121800000002,85.8651399999998,-32.00054,0.9868314,0.0271085,-0.1991683,-55.0329,-31.61521,8.530569
37.589583874,76.4924,80.7389599999999,-25.92562,0.9830775,0.003487533,-0.1637592,-55.0329,-31.61521,8.530569
37.599496365,67.3875099999998,73.8069799999998,-21.01658,0.989068,-0.02880959,-0.1419425,-55.0329,-31.61521,8.530569
37.609408379,59.3355699999999,67.98178,-16.29164,0.989916,-0.07495821,-0.1609839,-55.0329,-31.61521,8.530569
37.619320869,54.19471,61.22456,-10.8917,0.9900752,-0.1217047,-0.2001897,-53.90662,-32.37137,6.792433
37.629232883,54.81409,58.89448,-8.80536299999997,0.9963134,-0.1199837,-0.2573747,-53.90662,-32.37137,6.792433
37.639145851,61.2556499999997,58.6614700000001,-6.71902399999997,1.032336,-0.1371754,-0.2933541,-53.90662,-32.37137,6.792433
37.649057865,70.05085,60.5255299999998,-3.589516,1.036168,-0.1210701,-0.2822386,-53.90662,-32.37137,6.792433
37.658970356,78.5983000000001,62.91386,-0.03046724,1.023153,-0.1338208,-0.2788421,-53.90662,-32.37137,6.792433
37.66888237,83.8010900000003,63.8458899999999,1.135428,1.004889,-0.1416936,-0.2571185,-53.54182,-32.00198,5.50444
37.678794861,86.0927999999998,64.1371499999999,4.510388,0.9930601,-0.1399384,-0.2641998,-53.54182,-32.00198,5.50444
37.688706875,87.5173799999997,64.2536499999997,8.31488799999999,1.00456,-0.1116212,-0.2540342,-53.54182,-32.00198,5.50444
37.698619366,91.41947,68.3312900000002,8.74442899999999,1.010933,-0.08739077,-0.2716976,-53.54182,-32.00198,5.50444
37.70853138,97.5513400000003,71.2438899999998,9.05124299999999,1.018386,-0.08284737,-0.2549307,-53.54182,-32.00198,5.50444
37.71844387,104.7981,75.0302700000002,10.52395,1.004228,-0.0222858,-0.229428,-52.79789,-32.00714,4.215655
37.728355884,112.5404,77.9428699999998,9.17396900000002,1.01447,0.01758043,-0.2330984,-52.79789,-32.00714,4.215655
37.738268852,117.4335,80.5059500000001,8.43761400000001,1.025576,0.04740457,-0.2118755,-52.79789,-32.00714,4.215655
37.748180866,118.1767,83.06904,8.92851700000003,1.03038,0.06937269,-0.1944879,-52.79789,-32.00714,4.215655
37.758093357,115.2656,84.4670900000002,9.235332,1.041455,0.07698967,-0.1546864,-52.79789,-32.00714,4.215655
37.768005371,110.8061,84.9913600000001,9.35805800000003,1.031736,0.08519122,-0.1391768,-52.82673,-30.13939,2.924994
37.777917862,107.5853,84.7583500000002,9.11260599999998,1.006341,0.08391351,-0.13751,-52.82673,-30.13939,2.924994
37.787829876,107.895,83.9428200000002,10.95349,0.9876249,0.08751268,-0.146436,-52.82673,-30.13939,2.924994
37.800220489,110.868,82.1952599999998,14.69663,0.9836547,0.1064576,-0.1299476,-52.82673,-30.13939,2.924994
37.810132503,111.4874,79.9816899999998,16.66024,0.987094,0.1265092,-0.1048776,-52.82673,-30.13939,2.924994
37.820044994,110.0628,76.7195700000002,20.21929,0.9764064,0.1483619,-0.07246262,-52.85072,-28.64624,1.635485
37.829957008,106.4704,74.6225099999998,20.7102,0.9594434,0.1560309,-0.04872689,-52.85072,-28.64624,1.635485
37.839869499,101.3915,72.5836899999998,19.66702,0.9628939,0.1726736,-0.02656065,-52.85072,-28.64624,1.635485
37.849781513,97.42747,70.1953600000002,19.48294,0.9520809,0.1988513,-0.001318028,-52.85072,-28.64624,1.635485
37.859694481,94.1447499999999,65.7681999999997,21.07837,0.9559014,0.2027553,-0.005648777,-52.85072,-28.64624,1.635485
37.869606018,87.1457500000001,60.9333,23.8397,0.9526445,0.2323065,-0.002540836,-53.61216,-27.90077,0.7376451
37.879518986,74.0768200000002,58.7779800000002,23.90107,0.9262783,0.2490686,0.02086227,-53.61216,-27.90077,0.7376451
37.889431,57.6632400000003,54.9916,24.88287,0.9210922,0.2354429,0.02370041,-53.61216,-27.90077,0.7376451
37.899343491,43.1078,50.56445,26.29422,0.9033152,0.1992824,0.01210011,-53.61216,-27.90077,0.7376451
37.909255505,34.06484,47.94311,25.31241,0.8837532,0.1683039,-0.02441738,-53.61216,-27.90077,0.7376451
37.919167995,31.02988,45.61303,24.82151,0.879398,0.1385164,-0.05482551,-53.64585,-25.65843,-0.5541697
37.929080009,34.62228,43.45771,25.61923,0.8600302,0.1032487,-0.07744879,-53.64585,-25.65843,-0.5541697
37.9389925,42.67423,43.28296,24.57606,0.8200191,0.08815596,-0.08678246,-53.64585,-25.65843,-0.5541697
37.948904514,51.28362,42.17617,23.59425,0.7843865,0.06335072,-0.1096658,-53.64585,-25.65843,-0.5541697
37.958817482,57.7871200000002,38.79755,23.22607,0.7635834,0.05637384,-0.09607543,-53.64585,-25.65843,-0.5541697
37.968729019,61.9369699999999,33.96264,22.30563,0.7398958,0.05767844,-0.0679985,-53.6666,-24.5417,-2.292237
37.978641987,63.98092,30.11801,18.86931,0.7668198,0.03876752,-0.03956399,-53.6666,-24.5417,-2.292237
37.988554001,63.7950999999997,23.36078,18.31704,0.7804717,0.04063045,0.006417357,-53.6666,-24.5417,-2.292237
37.998466492,61.6272799999999,16.31229,17.27387,0.7912336,0.0536989,0.06978577,-53.6666,-24.5417,-2.292237
38.008378506,58.2826200000001,11.12787,15.00345,0.7884133,0.07225785,0.1025863,-53.6666,-24.5417,-2.292237
38.018290997,58.9639400000003,8.04051500000001,13.34665,0.7869187,0.07954211,0.1084105,-53.69383,-22.67212,-3.133186
38.028203011,65.0338699999997,6.70071999999997,12.67165,0.7906613,0.09121043,0.1055727,-53.69383,-22.67212,-3.133186
38.038115501,73.64326,4.661901,12.61029,0.7919369,0.101861,0.09938978,-53.69383,-22.67212,-3.133186
38.048027515,79.7751200000001,2.506578,12.11939,0.7856995,0.1150141,0.126424,-53.69383,-22.67212,-3.133186
38.057940006,81.5713300000002,-1.687563,11.19895,0.8103251,0.1227298,0.1526563,-53.69383,-22.67212,-3.133186
38.06785202,78.5983000000001,-7.221499,10.46259,0.8266404,0.1435131,0.1944177,-53.32281,-22.29567,-2.686574
38.080242634,65.7151899999999,-16.36706,10.40123,0.8475599,0.1885994,0.2367785,-53.32281,-22.29567,-2.686574
38.090154648,49.17773,-24.17282,10.83077,0.8263917,0.2097252,0.2476785,-53.32281,-22.29567,-2.686574
38.100067616,32.39252,-29.6485,12.11939,0.8714414,0.236664,0.2853738,-53.32281,-22.29567,-2.686574
38.109980106,17.96095,-31.57082,13.83755,0.9081805,0.2313045,0.2854785,-54.07505,-21.53974,-1.014629
38.11989212,13.56335,-33.84264,15.12617,0.9266699,0.2017336,0.2418963,-54.07505,-21.53974,-1.014629
38.129804134,20.68622,-36.40573,16.29206,0.9560702,0.2074994,0.254627,-54.07505,-21.53974,-1.014629
38.139716625,30.16274,-34.54167,17.15115,1.040283,0.2571515,0.3708574,-54.07505,-21.53974,-1.014629
38.149629116,30.53437,-18.75539,21.56927,1.267795,0.2954626,0.6671869,-54.07505,-21.53974,-1.014629
38.15954113,14.86405,4.836657,32.00097,1.643566,0.2842146,0.8672238,-54.83191,-20.40895,0.7204065
38.169453621,-13.19389,21.20546,46.05307,2.300204,0.2046408,1.053645,-54.83191,-20.40895,0.7204065
38.179365635,-11.33575,42.40918,43.29174,2.701153,0.06747125,0.9390664,-54.83191,-20.40895,0.7204065
38.189278603,29.91499,52.37026,18.99203,1.971748,0.01056025,0.5065684,-54.83191,-20.40895,0.7204065
38.199190617,68.1927000000002,46.71982,0.460436,0.8794776,0.01077931,0.08933055,-54.83191,-20.40895,0.7204065
38.209103108,63.2995999999998,0.2347521,11.32167,0.1931036,0.249504,-0.2830166,-54.46873,-19.6613,0.3306847
38.219015122,9.22768300000001,-55.86189,16.96706,0.02120904,0.5145321,0.001711418,-54.46873,-19.6613,0.3306847
38.228927612,-63.6734000000001,-81.9005099999999,26.90785,0.07404286,1.022454,-0.163929,-54.46873,-19.6613,0.3306847
38.238839626,-126.2928,-82.8325500000001,14.26709,0.2253241,0.9444546,-0.1418398,-54.46873,-19.6613,0.3306847
38.248752117,-151.9971,-86.91019,7.946711,0.5562527,0.3888498,-0.1836533,-54.46873,-19.6613,0.3306847
38.258664131,-148.2188,-77.8811299999999,1.749057,0.9635088,0.04248346,-0.3573024,-54.10442,-18.53226,1.610169
38.268576622,-122.5765,-53.53181,-0.3372818,1.228953,-0.2363881,-0.3572937,-54.10442,-18.53226,1.610169
38.278488636,-81.4496199999998,-28.54172,4.14221,1.328027,-0.3876586,-0.314563,-54.10442,-18.53226,1.610169
38.288401604,-32.5805,-22.77477,12.67165,1.190861,-0.5592366,-0.2539376,-54.10442,-18.53226,1.610169
38.298313618,13.74916,-25.86213,21.13973,1.134619,-0.5930998,-0.1038336,-54.10442,-18.53226,1.610169
38.308226109,49.54935,-23.12428,19.17612,1.105813,-0.5687915,0.07185245,-53.72557,-18.527,2.893116
38.318138123,67.5113899999997,-20.79421,15.00345,1.06319,-0.4059612,0.1592797,-53.72557,-18.527,2.893116
38.328050613,58.6542499999998,-21.20197,11.99666,1.017597,-0.1761272,0.1785183,-53.72557,-18.527,2.893116
38.337962627,24.58832,-23.93981,8.31488799999999,0.98586,0.004696095,0.1564887,-53.72557,-18.527,2.893116
38.347875118,-10.90218,-27.14367,4.449025,0.9538817,0.07052886,0.1192905,-53.72557,-18.527,2.893116
38.360265255,-14.37072,-31.92033,1.871783,0.9228602,-0.01606304,0.04457595,-53.35966,-17.39612,4.622313
38.370177746,16.66025,-36.17272,2.792227,0.9262567,-0.0870051,0.006619587,-53.35966,-17.39612,4.622313
38.38008976,49.48742,-38.73581,6.22854899999998,0.9468598,-0.1067132,-0.01002763,-53.35966,-17.39612,4.622313
38.390002251,63.1137899999999,-39.20182,8.68306499999997,0.9834177,-0.08533776,0.003701266,-53.35966,-17.39612,4.622313
38.399914265,58.0348699999999,-38.67756,11.13758,1.007697,-0.05682696,0.02047221,-53.35966,-17.39612,4.622313
38.409827232,42.61229,-35.76496,12.85574,1.036228,-0.03906964,0.01024332,-53.36177,-16.63831,6.740078
38.41973877,23.72119,-29.93976,14.083,1.063908,-0.009551853,0.0260292,-53.36177,-16.63831,6.740078
38.429651737,6.31659499999999,-21.37673,14.45118,1.084952,0.02096516,0.06349022,-53.36177,-16.63831,6.740078
38.439563751,-7.557528,-13.2797,12.91711,1.040295,0.06276279,0.09683244,-53.36177,-16.63831,6.740078
38.449476242,-16.29079,-10.36711,10.52395,0.980291,0.08110623,0.132081,-53.36177,-16.63831,6.740078
38.459388256,-17.71537,-9.84283699999999,8.80579200000003,0.9672315,0.05345842,0.1613072,-53.74113,-15.88392,8.024609
38.469300747,-12.45063,-12.23117,7.88534800000001,0.9488043,-0.001080307,0.160154,-53.74113,-15.88392,8.024609
38.479212761,-8.61047599999998,-22.65827,8.74442899999999,0.934031,-0.07570431,0.1103371,-53.74113,-15.88392,8.024609
38.489125252,-11.21187,-35.18244,9.48078300000003,0.9464937,-0.145671,0.05165663,-53.74113,-15.88392,8.024609
38.499037266,-16.53855,-40.0756,8.74442899999999,0.9965167,-0.2210665,-0.02229233,-53.74113,-15.88392,8.024609
38.508949757,-20.62646,-40.01735,8.25352600000003,1.010643,-0.2177507,-0.07137702,-53.37012,-15.50746,8.471222
38.518861771,-18.5825,-35.41545,7.63989600000002,1.028746,-0.2497134,-0.1077692,-53.37012,-15.50746,8.471222
38.528774738,-8.73435200000001,-27.90095,8.37625100000002,1.027041,-0.2537577,-0.1356296,-53.37012,-15.50746,8.471222
38.538686752,6.93597599999999,-20.32819,7.39444499999999,1.021285,-0.2576758,-0.1293604,-53.37012,-15.50746,8.471222
38.548599243,26.44646,-14.15348,5.79900900000001,1.007825,-0.248459,-0.09604361,-53.37012,-15.50746,8.471222
38.558511257,45.95695,-7.862271,4.203574,1.028534,-0.1825062,-0.04970057,-52.62185,-15.12758,9.751068
38.568423748,59.6452599999998,-1.454555,0.889976299999999,1.030213,-0.06433742,0.01397188,-52.62185,-15.12758,9.751068
38.578335762,63.9189799999997,4.137634,-2.484983,1.016295,0.06219359,0.04471335,-52.62185,-15.12758,9.751068
38.588248253,57.4154900000001,8.33177500000003,-5.614491,1.005765,0.1524118,0.07710221,-52.62185,-15.12758,9.751068
38.598160267,40.19671,7.51624699999999,-6.90311299999998,0.959958,0.1941081,0.09364885,-52.62185,-15.12758,9.751068
38.608072758,17.03188,-2.153579,-7.27128999999997,0.9144292,0.1571727,0.09286353,-51.88329,-13.9985,11.02861
38.617984772,-7.86721900000001,-16.89132,-5.307677,0.8957987,0.09862567,0.0671974,-51.88329,-13.9985,11.02861
38.627897739,-27.43964,-30.52228,-2.546346,0.9179534,0.0272726,-0.001665309,-51.88329,-13.9985,11.02861
38.637809753,-36.04903,-38.67756,-0.950910899999997,0.9644626,-0.04089613,-0.07601379,-51.88329,-13.9985,11.02861
38.650200367,-30.53655,-39.02707,0.1536215,1.024389,-0.09488934,-0.1604752,-51.88329,-13.9985,11.02861
38.660111904,-17.77731,-32.26984,-0.3372818,1.057155,-0.1061837,-0.1733376,-52.64151,-13.24937,11.03019
38.670024872,-5.080007,-21.08547,-1.625903,1.066172,-0.1044978,-0.1503622,-52.64151,-13.24937,11.03019
38.679936886,4.396515,-9.14381400000001,-3.89633,1.052936,-0.1054081,-0.1070316,-52.64151,-13.24937,11.03019
38.689849377,7.67923199999999,-1.338051,-4.878137,1.02657,-0.1093733,-0.06023882,-52.64151,-13.24937,11.03019
38.699761391,4.210701,-0.2312636,-5.062225,0.989192,-0.1172596,0.004875675,-52.64151,-13.24937,11.03019
38.709673881,-3.036051,-4.425405,-5.859943,0.9618868,-0.1082944,0.02295378,-51.50257,-14.37124,11.47753
38.719585895,-7.681405,-10.83312,-7.02583799999998,0.9548602,-0.09969388,0.01539353,-51.50257,-14.37124,11.47753
38.729498386,-5.575511,-15.26027,-8.00764499999998,0.9754815,-0.08451883,-0.006303206,-51.50257,-14.37124,11.47753
38.7394104,1.423489,-17.93986,-9.11217699999998,0.9930646,-0.06553245,-0.03370835,-51.50257,-14.37124,11.47753
38.749323368,6.81209899999999,-18.75539,-10.58489,1.001722,-0.03647728,-0.06144403,-51.50257,-14.37124,11.47753
38.759234905,7.18372799999999,-18.17287,-11.75078,1.001399,-0.01810866,-0.071402,-51.8787,-13.99327,12.3135
38.769147873,2.042869,-15.90104,-11.25988,1.003341,-0.02150595,-0.07672432,-51.8787,-13.99327,12.3135
38.779059887,-7.18590000000003,-14.67775,-10.46216,0.9965094,-0.02841373,-0.08342939,-51.8787,-13.99327,12.3135
38.788972378,-14.6804,-15.14377,-10.95306,0.9769002,-0.03356317,-0.09432597,-51.8787,-13.99327,12.3135
38.798884392,-15.67141,-14.736,-12.18032,0.9768374,-0.02871778,-0.09477326,-51.8787,-13.99327,12.3135
38.808796883,-10.53056,-15.14377,-12.0576,0.9862986,-0.03729301,-0.08819568,-51.12212,-14.36415,13.21019
38.818708897,-4.460626,-15.90104,-11.99623,0.9821717,-0.06062027,-0.08879308,-51.12212,-14.36415,13.21019
38.828621387,-1.673414,-18.69714,-10.95306,0.9802319,-0.07185594,-0.1003738,-51.12212,-14.36415,13.21019
38.838533401,-2.788299,-20.26994,-11.01443,0.9821211,-0.07040276,-0.1051832,-51.12212,-14.36415,13.21019
38.848445892,-5.637449,-19.80392,-11.32124,0.9924561,-0.06780031,-0.09565824,-51.12212,-14.36415,13.21019
38.858357906,-7.18590000000003,-17.00783,-11.93487,0.9866401,-0.0551641,-0.07583378,-50.36229,-15.11145,13.65831
38.868270874,-4.64644,-13.2797,-13.83712,0.9750764,-0.02522623,-0.07168613,-50.36229,-15.11145,13.65831
38.878183365,2.848064,-9.31857,-14.94165,0.9691663,-0.001419402,-0.04794512,-50.36229,-15.11145,13.65831
38.888095379,11.08582,-6.81373500000001,-15.55528,0.9604539,0.02046787,-0.01362749,-50.36229,-15.11145,13.65831
38.898007393,13.93497,-7.221499,-15.37119,0.9640356,0.03766667,0.02198567,-50.36229,-15.11145,13.65831
38.907919884,10.28063,-8.61954700000002,-15.73937,0.9636446,0.07990225,0.0333143,-49.61239,-15.10982,14.03989
38.917832375,2.786126,-8.73605099999999,-16.16891,0.9757348,0.1009613,0.04486657,-49.61239,-15.10982,14.03989
38.930222511,-8.42466199999997,-8.03702600000001,-16.16891,0.9718513,0.05508221,0.08925156,-49.61239,-15.10982,14.03989
38.940135002,-14.74234,-7.16324699999999,-17.21208,0.9522844,-0.001255939,0.1178667,-49.61239,-15.10982,14.03989
38.950047016,-15.9811,-7.27975100000002,-17.5189,0.9495339,-0.06290027,0.1112394,-50.34315,-16.23001,14.94667
38.959959507,-13.00808,-9.72633399999999,-17.27345,0.9569471,-0.1273972,0.09105467,-50.34315,-16.23001,14.94667
38.969871521,-11.02606,-12.63893,-16.53709,0.9544446,-0.1464822,0.06310149,-50.34315,-16.23001,14.94667
38.979784489,-11.5835,-12.98844,-15.73937,0.9590766,-0.1326571,0.006492086,-50.34315,-16.23001,14.94667
38.989696503,-13.00808,-9.085562,-16.90527,0.9854908,-0.08598837,-0.03329442,-50.34315,-16.23001,14.94667
38.999608994,-13.37971,0.1765001,-19.23706,1.017035,-0.002547868,-0.00662157,-49.58654,-16.98097,14.49537
39.009521008,-14.49459,14.62299,-21.8143,1.022171,0.03203594,0.1054382,-49.58654,-16.98097,14.49537
39.019433498,-16.60048,25.69086,-23.28701,0.9631365,0.02405464,0.2043635,-49.58654,-16.98097,14.49537
39.029345512,-18.27281,26.91415,-26.35516,0.8779519,-0.01925639,0.1914183,-49.58654,-16.98097,14.49537
39.039258003,-16.60048,7.86575900000002,-26.53924,0.8040236,-0.0892594,0.05286987,-49.58654,-16.98097,14.49537
39.049170017,-13.44164,-25.10485,-27.2756,0.8284504,-0.1441041,-0.2041259,-48.84101,-16.9843,13.6563
39.059082508,-7.99109600000001,-50.67746,-29.11649,0.9919183,-0.09639953,-0.4674863,-48.84101,-16.9843,13.6563
39.068994522,-3.097989,-56.3279,-26.84606,1.198076,-0.03052305,-0.6951085,-48.84101,-16.9843,13.6563
39.07890749,-5.265821,-35.41545,-21.99839,1.324852,0.09184264,-0.7775728,-48.84101,-16.9843,13.6563
39.088819504,-13.6894,5.710437,-21.50749,1.300423,0.1213025,-0.7411388,-48.84101,-16.9843,13.6563
39.098731995,-19.82126,34.66166,-22.42793,1.152657,0.13502,-0.6388476,-48.0731,-18.48263,13.65702
39.108644009,-17.21987,40.66161,-24.51427,0.9821432,0.1551612,-0.4585176,-48.0731,-18.48263,13.65702
39.1185565,-7.43365200000003,25.86562,-24.33018,0.8714076,0.1897728,-0.2493544,-48.0731,-18.48263,13.65702
39.128468514,7.05985200000002,-5.007925,-24.88245,0.8324725,0.1925616,-0.08524177,-48.0731,-18.48263,13.65702
39.138381004,24.89801,-34.59992,-25.68016,0.8565891,0.156367,-0.01704331,-48.0731,-18.48263,13.65702
39.148293018,34.3126,-48.6969,-25.31199,0.935073,0.1662485,-0.07676278,-47.68105,-19.98281,13.20998
39.158205509,32.08282,-50.09494,-24.63699,0.9966069,0.1679477,-0.1776736,-47.68105,-19.98281,13.20998
39.168117523,23.53537,-46.65808,-24.33018,1.036929,0.193925,-0.2206075,-47.68105,-19.98281,13.20998
39.178030491,16.10281,-40.54162,-23.34837,1.066075,0.236632,-0.1893823,-47.68105,-19.98281,13.20998
39.187942505,18.02289,-31.97858,-23.71655,1.106578,0.29881,-0.07698562,-47.68105,-19.98281,13.20998
39.197854996,28.98592,-23.76506,-26.90742,1.161443,0.3539432,0.04483446,-47.29735,-20.35214,14.49408
39.210244656,42.3026,-17.5321,-24.69836,1.22179,0.3628561,0.1226015,-47.29735,-20.35214,14.49408
39.220157623,39.51539,-9.90108999999998,-26.78469,1.246952,0.4193832,0.2106144,-47.29735,-20.35214,14.49408
39.230069637,21.42948,-2.095326,-29.60739,1.270075,0.404871,0.2549586,-47.29735,-20.35214,14.49408
39.239982128,-4.02706,6.584216,-30.65056,1.259481,0.3584883,0.3118864,-47.29735,-20.35214,14.49408
39.249894142,-26.57251,11.01136,-30.34374,1.219828,0.2662692,0.2948332,-46.52808,-21.46881,16.22825
39.259806633,-39.95113,10.66185,-28.44149,1.190798,0.1850954,0.325291,-46.52808,-21.46881,16.22825
39.269718647,-44.72036,9.61331700000002,-25.49607,1.176088,0.07490306,0.3352564,-46.52808,-21.46881,16.22825
39.279631138,-44.59648,8.50653100000001,-19.29842,1.178727,-0.04349304,0.3109155,-46.52808,-21.46881,16.22825
39.289544106,-40.69439,9.205554,-15.73937,1.172043,-0.1144658,0.2912982,-46.52808,-21.46881,16.22825
39.29945612,-32.33275,13.6327,-16.96663,1.152308,-0.1313878,0.2543958,-45.40852,-21.47238,15.32299
39.30936861,-18.14894,20.56469,-18.5007,1.118603,-0.1227732,0.2201935,-45.40852,-21.47238,15.32299
39.319280624,-0.4346527,26.21513,-18.37798,1.089664,-0.09269807,0.1990544,-45.40852,-21.47238,15.32299
39.329193115,14.43048,29.41899,-17.08936,1.065741,-0.04932508,0.2058066,-45.40852,-21.47238,15.32299
39.339105129,23.59731,33.32187,-16.41436,1.027189,0.006079833,0.2305402,-45.40852,-21.47238,15.32299
39.34901762,26.26065,35.53544,-15.49392,0.9837369,0.03263779,0.2205555,-45.01947,-22.97596,14.04076
39.358929634,21.55335,33.14711,-13.46894,0.9464436,0.04356259,0.1729573,-45.01947,-22.97596,14.04076
39.368842125,12.57234,25.80736,-10.8917,0.9088092,0.0587002,0.09706107,-45.01947,-22.97596,14.04076
39.378754139,4.644268,20.7977,-8.13037100000001,0.9101528,0.07913333,0.01363723,-45.01947,-22.97596,14.04076
39.388667107,1.361551,22.54525,-7.33265300000001,0.9448018,0.1004999,-0.06336618,-45.01947,-22.97596,14.04076
39.398578644,1.609303,32.62284,-7.57810399999998,1.021701,0.1010423,-0.05014916,-45.40641,-22.2302,13.20522
39.408491612,3.715197,47.5936,-5.491766,1.057656,0.08503082,-0.1389375,-45.40641,-22.2302,13.20522
39.418403626,6.997913,61.5740699999997,-1.99408,1.062718,0.07347435,-0.1357002,-45.40641,-22.2302,13.20522
39.428316116,9.22768300000001,71.1856400000002,2.546775,1.065843,0.03093212,-0.1192069,-45.40641,-22.2302,13.20522
39.43822813,8.42248799999999,74.7972599999998,8.92851700000003,1.062863,0.006241608,-0.1049391,-45.40641,-22.2302,13.20522
39.448140621,6.06884200000002,74.9137600000002,11.01486,1.078903,-0.01189447,-0.08792259,-44.28798,-22.61517,10.63075
39.458052635,4.830081,75.5545299999999,11.01486,1.111043,-0.0593551,-0.06116699,-44.28798,-22.61517,10.63075
39.467965126,6.56434699999999,77.0108299999997,12.54893,1.139063,-0.10307,-0.05019356,-44.28798,-22.61517,10.63075
39.47787714,9.16574500000002,79.7486799999999,18.25568,1.151869,-0.1013992,-0.03925722,-44.28798,-22.61517,10.63075
39.487790108,13.25366,83.0107899999998,21.56927,1.153535,-0.07957449,-0.04200818,-44.28798,-22.61517,10.63075
39.500179768,17.03188,85.2826200000002,27.95102,1.127883,-0.1007373,-0.04095162,-43.92313,-22.62585,7.994776
39.510092259,18.64227,83.18555,32.79869,1.062565,-0.09340797,-0.05998521,-43.92313,-22.62585,7.994776
39.520004273,24.52638,78.4671300000001,35.06911,1.008991,-0.09958604,-0.09410228,-43.92313,-22.62585,7.994776
39.52991724,37.4095,76.0205500000003,38.50544,1.015033,-0.09723093,-0.1219916,-43.92313,-22.62585,7.994776
39.539829254,54.69022,77.18559,43.10765,1.053813,-0.06423341,-0.1163686,-43.92313,-22.62585,7.994776
39.549741745,68.0068900000002,81.7292500000002,45.37808,1.066019,-0.008240265,-0.1002632,-44.71639,-20.01603,4.971094
39.559653759,68.7501399999997,83.88457,45.99171,1.054437,0.0451027,-0.07051107,-44.71639,-20.01603,4.971094
39.56956625,60.1407599999997,84.3505899999998,46.54398,1.018147,0.04093962,-0.03803258,-44.71639,-20.01603,4.971094
39.579478264,51.59331,82.4865199999998,46.54398,1.032599,0.06393764,-0.03225113,-44.71639,-20.01603,4.971094
39.589390755,51.22168,81.4962399999998,48.01669,1.037755,0.04413714,-0.02954977,-44.71639,-20.01603,4.971094
39.599302769,57.72518,81.3214800000001,49.61213,1.035301,0.05434604,-0.01841543,-43.61897,-18.90444,1.942297
39.609215259,61.9989100000001,79.6904299999997,52.25073,1.025669,0.05820229,0.0004255194,-43.61897,-18.90444,1.942297
39.619127273,61.37952,78.52539,53.96889,0.9917604,0.08988662,0.02111684,-43.61897,-18.90444,1.942297
39.629040241,55.92897,76.6030699999999,54.45979,0.9585551,0.09583461,0.03250719,-43.61897,-18.90444,1.942297
39.638952255,50.16874,72.46719,55.80978,0.9477547,0.06226715,0.03670487,-43.61897,-18.90444,1.942297
39.648864746,46.32858,67.3410100000002,57.83475,0.9482957,0.0471784,0.02411523,-44.79457,-15.54364,-0.6320343
39.65877676,45.27563,63.2633700000003,59.3074600000002,0.9473029,0.0500852,0.02606441,-44.79457,-15.54364,-0.6320343
39.668689251,44.65625,60.2342699999997,59.9210900000001,0.9472668,0.05104205,0.02367033,-44.79457,-15.54364,-0.6320343
39.678601265,43.91299,57.9624500000002,60.2279100000001,0.946692,0.05782053,0.02324064,-44.79457,-15.54364,-0.6320343
39.688513756,43.41749,55.86538,60.2279100000001,0.9463608,0.07277012,0.0084584,-44.79457,-15.54364,-0.6320343
39.698426723,41.99291,51.43823,60.4733600000001,0.9411782,0.09938575,0.01108443,-44.82155,-14.05388,-2.756723
39.708338261,38.58632,46.07905,60.5960800000003,0.9569327,0.1167109,0.04178428,-44.82155,-14.05388,-2.756723
39.718251228,34.49841,42.11792,60.0438199999999,0.9508445,0.1153075,0.06631931,-44.82155,-14.05388,-2.756723
39.728163242,33.63128,40.13735,57.83475,0.920315,0.09652828,0.07127813,-44.82155,-14.05388,-2.756723
39.738075733,36.48043,37.92377,56.79158,0.90215,0.07212157,0.08328747,-44.82155,-14.05388,-2.756723
39.747987747,40.87803,36.35097,56.36205,0.8840424,0.05115937,0.1049224,-44.49415,-10.68615,-3.668479
39.757900238,44.904,35.7102,55.68705,0.8618854,0.03349119,0.1170136,-44.49415,-10.68615,-3.668479
39.767812252,46.2047,34.2539,55.99387,0.8445752,0.02805705,0.1392247,-44.49415,-10.68615,-3.668479
39.780202866,42.86005,32.27333,55.01206,0.8303113,0.04588453,0.1519595,-44.49415,-10.68615,-3.668479
39.79011488,35.86105,29.30248,54.58252,0.8242173,0.07642496,0.1656638,-44.49415,-10.68615,-3.668479
39.80002737,24.27863,24.17631,53.96889,0.814764,0.09671164,0.1735689,-44.89401,-9.19486,-5.405753
39.809939384,8.67023999999999,17.47733,53.60071,0.810505,0.08941311,0.1788414,-44.89401,-9.19486,-5.405753
39.819851875,-6.56652,10.95311,53.41663,0.8041556,0.04665869,0.1771748,-44.89401,-9.19486,-5.405753
39.829763889,-16.04304,6.00169699999999,52.55754,0.7943656,-0.002001634,0.1668579,-44.89401,-9.19486,-5.405753
39.839676857,-17.96312,2.681334,52.31209,0.7730926,-0.04604797,0.138912,-44.89401,-9.19486,-5.405753
39.849588394,-13.31777,0.46776,51.6371,0.7508271,-0.05791902,0.1472015,-44.93094,-6.576091,-6.249011
39.859501362,-4.522564,-0.6972793,50.10303,0.7311991,-0.05820014,0.1401788,-44.93094,-6.576091,-6.249011
39.869413376,5.077834,-1.978823,49.12122,0.7312013,-0.01991072,0.1375529,-44.93094,-6.576091,-6.249011
39.879325867,10.03288,-2.561342,48.75304,0.7270523,0.02430718,0.1662152,-44.93094,-6.576091,-6.249011
39.889237881,5.015896,-3.202114,49.91894,0.7285944,0.05802325,0.2130009,-44.93094,-6.576091,-6.249011
39.899150372,-9.29179500000003,-5.299184,51.88255,0.7142155,0.06433192,0.2487076,-44.95842,-4.326688,-5.806221
39.909062386,-27.50158,-9.02730999999998,53.66208,0.707675,0.06440488,0.2785384,-44.95842,-4.326688,-5.806221
39.918974876,-45.09199,-13.51271,53.96889,0.7204134,0.0526305,0.3148341,-44.95842,-4.326688,-5.806221
39.92888689,-60.1429299999998,-16.25055,54.03025,0.7484353,0.02159916,0.340777,-44.95842,-4.326688,-5.806221
39.938799858,-71.0440399999999,-17.59035,53.72344,0.7716079,-0.02557005,0.3517722,-44.60841,-2.453681,-5.813937
39.948711395,-78.5385400000002,-18.46413,52.18937,0.757845,-0.09601407,0.3576723,-44.60841,-2.453681,-5.813937
39.958624363,-81.8831900000003,-21.49323,50.59393,0.7138661,-0.1382538,0.3587579,-44.60841,-2.453681,-5.813937
39.968536377,-82.5645099999998,-27.60969,46.1758,0.714094,-0.1395986,0.3793937,-44.60841,-2.453681,-5.813937
39.978448868,-82.6264500000001,-33.55138,41.51222,0.7188833,-0.1569022,0.397,-44.60841,-2.453681,-5.813937
39.988360882,-81.0779999999999,-37.45427,38.13726,0.7754351,-0.1738313,0.4559038,-44.63613,-0.2045406,-5.435392
39.998273373,-73.9551200000001,-26.32814,34.39412,0.8598818,-0.2969622,0.6310008,-44.63613,-0.2045406,-5.435392
40.008185387,-64.6024800000002,-13.2797,32.06233,0.8682876,-0.5448276,0.6835296,-44.63613,-0.2045406,-5.435392
40.018097878,-75.8132600000002,-11.7069,25.92604,1.216656,-0.8286067,0.7533219,-44.63613,-0.2045406,-5.435392
40.028009892,-121.3377,-19.2214,43.59856,1.698717,-1.252833,0.3446252,-44.63613,-0.2045406,-5.435392
40.037922859,-82.81226,16.48705,55.01206,3.028115,-1.456878,0.9969507,-44.65796,1.607834,-4.991257
40.04783535,120.9639,194.272,58.2642900000002,3.936527,-1.510331,1.876006,-44.65796,1.607834,-4.991257
40.06022501,357.9389,221.767,-20.95522,0.8238378,0.475811,1.35864,-44.65796,1.607834,-4.991257
40.070137978,282.3745,74.2147400000002,-97.4133999999998,-0.1263461,1.35221,0.5171442,-44.65796,1.607834,-4.991257
40.080049992,178.0089,-30.17277,-88.4544100000002,-0.003466262,1.627129,-0.3382828,-44.65796,1.607834,-4.991257
40.089962482,168.5323,-54.34734,-65.25923,0.4268104,1.702491,-0.4910893,-43.93293,2.341398,-8.852135
40.099874496,181.7252,-7.74576700000002,-31.93918,0.8507276,1.091757,-0.5418125,-43.93293,2.341398,-8.852135
40.109786987,52.33657,19.10839,-15.61665,0.7098282,0.6147234,0.3700536,-43.93293,2.341398,-8.852135
40.119699001,-190.089,10.37059,-26.96878,0.450278,0.3080852,-0.1697668,-43.93293,2.341398,-8.852135
40.129611492,-316.1949,5.069665,-24.57563,0.9349477,-0.06358191,-0.4532963,-43.93293,2.341398,-8.852135
40.139523506,-121.5855,-0.755531299999998,7.39444499999999,1.332285,-0.5417799,-0.03233577,-43.529,0.1578572,-8.461883
40.149436474,39.39151,9.26380600000001,10.89213,1.374905,-0.1434224,0.2032808,-43.529,0.1578572,-8.461883
40.159348011,-44.7823,-18.75539,-1.135,1.210676,0.2154757,0.05834159,-43.529,0.1578572,-8.461883
40.169260979,-163.3317,-32.15334,-16.96663,1.232152,0.07598205,0.03416607,-43.529,0.1578572,-8.461883
40.179172993,-151.6254,-26.21164,-24.33018,1.278181,-0.2572794,-0.01601547,-43.529,0.1578572,-8.461883
40.189085484,-89.5635100000002,-14.6195,-28.13468,1.237329,-0.2501134,0.06171555,-42.83939,-0.2182517,-8.849765
40.198997498,-85.7852900000002,-15.31852,-29.23921,1.079719,-0.2299713,0.1175652,-42.83939,-0.2182517,-8.849765
40.208909988,-88.2628100000002,-29.06598,-28.56422,0.9464815,-0.3176066,0.08748349,-42.83939,-0.2182517,-8.849765
40.218822002,-70.1149599999998,-34.30866,-29.73012,0.9680908,-0.3467956,0.1101368,-42.83939,-0.2182517,-8.849765
40.228734493,-53.32975,-31.86208,-28.19604,0.9765981,-0.273428,0.1196699,-42.83939,-0.2182517,-8.849765
40.238646507,-43.23384,-29.99801,-27.7665,0.9755416,-0.2090908,0.1873304,-41.71202,-0.2129329,-7.570711
40.248558998,-40.13694,-27.90095,-27.88923,0.9746927,-0.156353,0.261634,-41.71202,-0.2129329,-7.570711
40.258471012,-46.45462,-29.88151,-27.2756,0.9423289,-0.1670491,0.2402549,-41.71202,-0.2129329,-7.570711
40.26838398,-49.86122,-33.20187,-25.98698,0.9203145,-0.1983016,0.2503336,-41.71202,-0.2129329,-7.570711
40.278295994,-52.95812,-34.48342,-25.37335,0.9215148,-0.2128078,0.2550275,-41.71202,-0.2129329,-7.570711
40.288208485,-61.5675099999998,-39.90085,-22.48929,0.9100681,-0.2567072,0.2317933,-42.43655,-1.706146,-6.27731
40.298120499,-64.0450400000001,-46.54157,-18.93024,0.9205859,-0.3157126,0.234664,-42.43655,-1.706146,-6.27731
40.30803299,-60.3287500000001,-50.3862,-15.73937,0.9355997,-0.4050968,0.2588979,-42.43655,-1.706146,-6.27731
40.317945004,-53.70137,-51.49299,-13.34622,0.9402688,-0.4470927,0.2835432,-42.43655,-1.706146,-6.27731
40.327857494,-47.07401,-51.14348,-11.3826,0.9344643,-0.4461578,0.2908055,-42.43655,-1.706146,-6.27731
40.340248108,-32.82825,-50.85222,-9.72580600000002,0.8966647,-0.4176871,0.2620551,-42.05933,-1.322631,-4.096093
40.350160122,-17.77731,-48.9299,-10.83034,0.8960047,-0.3677866,0.2561516,-42.05933,-1.322631,-4.096093
40.360072613,-6.814272,-47.70661,-12.67123,0.9031216,-0.2804996,0.2417823,-42.05933,-1.322631,-4.096093
40.369984627,-1.301785,-47.70661,-13.59167,0.916644,-0.2172495,0.2516818,-42.05933,-1.322631,-4.096093
40.379897595,-0.3727147,-46.83283,-12.97804,0.9255,-0.1763835,0.2571539,-42.05933,-1.322631,-4.096093
40.389809609,-0.682404900000003,-46.54157,-12.0576,0.9385208,-0.1670441,0.2503735,-42.03235,-2.812385,-1.971405
40.399722099,-0.001086392,-48.63864,-10.33944,0.9525314,-0.1615888,0.2401969,-42.03235,-2.812385,-1.971405
40.409634113,-0.4965908,-50.21144,-10.09398,0.9291594,-0.1072063,0.218208,-42.03235,-2.812385,-1.971405
40.419546604,-1.921166,-50.32795,-9.97125800000001,0.9401056,-0.1130752,0.1820557,-42.03235,-2.812385,-1.971405
40.429458618,-6.56652,-50.56096,-8.37582199999997,0.9770625,-0.1436873,0.1738275,-42.03235,-2.812385,-1.971405
40.439371109,-11.95513,-49.80368,-6.044032,0.9928069,-0.1663674,0.1567253,-42.02614,-2.805326,-0.2368002
40.449283123,-11.088,-49.45417,-5.184951,0.9790996,-0.1487469,0.1281599,-42.02614,-2.805326,-0.2368002
40.459195614,-5.265821,-50.21144,-6.41221000000002,0.9721612,-0.1462025,0.0744633,-42.02614,-2.805326,-0.2368002
40.469107628,-1.425662,-50.91047,-5.246314,0.971464,-0.128756,0.07458597,-42.02614,-2.805326,-0.2368002
40.479020596,-3.779308,-48.63864,-3.89633,0.9916444,-0.1016065,0.1192349,-42.02614,-2.805326,-0.2368002
40.48893261,-9.47760899999999,-46.89108,-3.405427,0.9927886,-0.1068735,0.1292726,-42.01348,-3.171033,1.948671
40.498845101,-12.20288,-48.52214,-2.607709,0.9863563,-0.115773,0.1115069,-42.01348,-3.171033,1.948671
40.508757115,-9.53954700000003,-50.32795,-3.221339,0.9909989,-0.1231574,0.07876404,-42.01348,-3.171033,1.948671
40.518669605,-6.38070599999998,-51.43474,-4.387233,0.9903478,-0.1442236,0.03829643,-42.01348,-3.171033,1.948671
40.528581619,-4.832254,-51.726,-5.184951,0.9861484,-0.1473491,0.006624,-42.01348,-3.171033,1.948671
40.53849411,-6.00907800000001,-52.59978,-4.694048,0.989201,-0.1750554,-0.01423562,-41.62194,-3.911566,4.069105
40.548406124,-7.309776,-54.46384,-3.773605,0.9802421,-0.1791501,-0.03434668,-41.62194,-3.911566,4.069105
40.558318615,-2.664423,-54.46384,-5.307677,0.9994375,-0.1727527,-0.06233077,-41.62194,-3.911566,4.069105
40.568230629,5.75915199999997,-50.21144,-5.859943,1.046593,-0.1369309,0.000372502,-41.62194,-3.911566,4.069105
40.578143597,11.02389,-40.42512,-5.430403,1.045855,-0.02560752,0.05873996,-41.62194,-3.911566,4.069105
40.588055611,10.96195,-36.87175,-5.79858000000001,1.019091,0.0419187,0.05511591,-41.24633,-3.529882,5.80061
40.597968101,5.325586,-38.79406,-8.43718500000001,0.9818844,0.06947424,0.03547693,-41.24633,-3.529882,5.80061
40.607880592,-2.602484,-46.59982,-9.78716900000001,0.9698802,0.08845112,-0.01614272,-41.24633,-3.529882,5.80061
40.617792606,-10.46862,-53.93957,-9.84853300000002,0.9838223,0.06704155,-0.06443011,-41.24633,-3.529882,5.80061
40.63018322,-20.56452,-57.3764400000003,-7.82355600000003,0.9802527,0.04058072,-0.1097082,-41.24633,-3.529882,5.80061
40.640095234,-27.74933,-58.7744800000002,-6.90311299999998,0.9775174,-0.05617762,-0.1559426,-40.85778,-4.273814,7.085865
40.650007725,-30.53655,-61.6288300000002,-5.430403,1.01742,-0.1728403,-0.2161483,-40.85778,-4.273814,7.085865
40.659919739,-32.14693,-65.0656999999997,0.583161800000002,1.023441,-0.2046247,-0.09541585,-40.85778,-4.273814,7.085865
40.66983223,-32.82825,-62.38611,-0.1531931,1.017928,-0.2325667,-0.141166,-40.85778,-4.273814,7.085865
40.679744244,-29.91717,-58.71623,-2.239532,1.023244,-0.2488692,-0.1187564,-40.85778,-4.273814,7.085865
40.689657211,-23.41367,-55.51237,-3.344064,1.003385,-0.2087826,-0.10102,-40.09176,-5.014056,9.268597
40.699569702,-17.09599,-55.27937,-3.712242,0.9837009,-0.1837271,-0.08386546,-40.09176,-5.014056,9.268597
40.709481716,-9.35373199999999,-56.79392,-4.9395,0.9628968,-0.1372942,-0.05551455,-40.09176,-5.014056,9.268597
40.71939373,-3.531555,-56.26965,-8.86672600000002,0.9805163,-0.1107236,-0.02284972,-40.09176,-5.014056,9.268597
40.729306221,-1.859228,-53.70656,-11.01443,0.9783519,-0.07427118,-0.0004995828,-40.09176,-5.014056,9.268597
40.739218235,-2.850237,-50.5027,-12.73259,0.9527087,-0.05226355,0.004205611,-39.70831,-5.003569,11.83644
40.749130726,-6.318768,-48.58039,-13.65303,0.9315001,-0.04384171,-0.003704831,-39.70831,-5.003569,11.83644
40.75904274,-10.34474,-52.59978,-14.81893,0.9448185,-0.08459145,-0.04011135,-39.70831,-5.003569,11.83644
40.768955231,-14.55653,-58.4249699999999,-13.65303,0.9445693,-0.1244728,-0.06342232,-39.70831,-5.003569,11.83644
40.778867245,-17.59149,-58.4832200000001,-12.67123,0.9507644,-0.1539851,-0.06607702,-39.70831,-5.003569,11.83644
40.788780212,-19.69739,-56.09489,-12.48714,0.9816537,-0.1872137,-0.09683403,-38.94389,-5.745641,13.56946
40.79869175,-20.93615,-53.47356,-11.44397,0.9898234,-0.2191307,-0.1004833,-38.94389,-5.745641,13.56946
40.808604717,-20.25483,-47.99787,-12.48714,1.01655,-0.224734,-0.1233353,-38.94389,-5.745641,13.56946
40.818516731,-17.59149,-42.28918,-12.67123,1.026972,-0.1842861,-0.1087574,-38.94389,-5.745641,13.56946
40.828429222,-16.97211,-38.56105,-11.81215,1.000992,-0.1490347,-0.07371093,-38.94389,-5.745641,13.56946
40.838341236,-17.71537,-36.69699,-13.34622,0.9619865,-0.1499543,-0.06375316,-37.80682,-6.489512,14.85082
40.848253727,-18.5825,-35.53195,-12.5485,0.9572567,-0.1331075,-0.0760813,-37.80682,-6.489512,14.85082
40.858166218,-19.3877,-36.58049,-10.33944,0.9473193,-0.1159996,-0.1190897,-37.80682,-6.489512,14.85082
40.868078232,-19.8832,-39.26008,-9.17354000000002,0.9345052,-0.1164597,-0.1770734,-37.80682,-6.489512,14.85082
40.877991199,-19.69739,-39.55134,-8.86672600000002,0.9325696,-0.1225757,-0.2299136,-37.80682,-6.489512,14.85082
40.887903213,-17.46762,-41.06589,-9.48035400000003,0.9297242,-0.1257416,-0.2726425,-37.04886,-6.858819,16.13297
40.897815704,-12.57451,-44.79401,-10.95306,0.9234061,-0.1119033,-0.300341,-37.04886,-6.858819,16.13297
40.910205364,-4.460626,-49.68718,-12.97804,0.9223511,-0.05708186,-0.2913232,-37.04886,-6.858819,16.13297
40.920118332,0.680232200000002,-50.61921,-15.06438,0.9358086,-0.01654408,-0.2666895,-37.04886,-6.858819,16.13297
40.930030346,3.219692,-50.03669,-16.72118,0.9399049,0.02871861,-0.2433783,-35.53593,-7.60083,17.8621
40.939942837,2.97194,-49.33767,-18.43934,0.9336814,0.04236674,-0.2144203,-35.53593,-7.60083,17.8621
40.949854851,-0.001086392,-48.75515,-20.89386,0.9246058,0.03845965,-0.198037,-35.53593,-7.60083,17.8621
40.959767342,-4.64644,-51.02697,-21.8143,0.919336,0.001624047,-0.1828686,-35.53593,-7.60083,17.8621
40.969679356,-11.70738,-55.27937,-21.38476,0.9130641,-0.04060228,-0.1763697,-35.53593,-7.60083,17.8621
40.979591846,-20.31677,-58.54148,-19.60524,0.9170601,-0.09440745,-0.1834873,-34.77983,-7.592143,19.97828
40.98950386,-28.80228,-61.4540800000002,-16.96663,0.9389267,-0.139569,-0.2497721,-34.77983,-7.592143,19.97828
40.999416828,-34.81027,-64.3084300000002,-15.80074,0.9375693,-0.117588,-0.3086726,-34.77983,-7.592143,19.97828
41.009328365,-39.64144,-64.8909499999997,-14.94165,0.9523249,-0.1061484,-0.382197,-34.77983,-7.592143,19.97828
41.019241333,-42.05702,-67.45403,-11.81215,0.9529551,-0.08022402,-0.4334071,-34.77983,-7.592143,19.97828
41.029153347,-42.6764,-72.63846,-9.90989499999997,0.9464404,-0.06819078,-0.4347071,-33.25719,-9.083346,21.70971
41.039065838,-40.63245,-78.7549100000002,-9.11217699999998,0.9117477,-0.05568199,-0.3699618,-33.25719,-9.083346,21.70971
41.048977852,-36.23484,-87.6092099999999,-7.82355600000003,0.9268281,-0.1225924,-0.312928,-33.25719,-9.083346,21.70971
41.058890343,-28.1829,-91.0460699999998,-3.344064,0.9729769,-0.2294677,-0.2770946,-33.25719,-9.083346,21.70971
41.068802834,-14.61847,-91.91985,4.878565,1.056178,-0.3554463,-0.2743819,-33.25719,-9.083346,21.70971
41.078714848,2.538374,-91.10432,15.43299,1.193678,-0.4651229,-0.2504556,-32.1199,-9.826957,23.05532
41.088627815,14.61629,-84.7548599999999,30.34417,1.291523,-0.4650861,-0.1980627,-32.1199,-9.826957,23.05532
41.098539352,8.91799300000002,-58.4832200000001,36.60319,1.300853,-0.2359373,-0.06890038,-32.1199,-9.826957,23.05532
41.10845232,-20.31677,-27.49318,29.23964,1.268775,0.01567954,-0.08901471,-32.1199,-9.826957,23.05532
41.118364334,-47.56951,-16.77482,18.93067,1.201623,0.1479172,-0.04525878,-32.1199,-9.826957,23.05532
41.128276825,-45.64943,-1.571059,8.74442899999999,1.120633,0.2484569,0.09012417,-28.74075,-10.19448,24.70932
41.138188839,-24.34274,19.10839,-14.57348,1.147698,0.1569273,-0.04806115,-28.74075,-10.19448,24.70932
41.14810133,-5.575511,18.81713,-13.89848,1.171146,-0.07620064,-0.2755055,-28.74075,-10.19448,24.70932
41.158013344,-0.4965908,12.64242,-12.30305,1.103528,-0.06809924,-0.3271634,-28.74075,-10.19448,24.70932
41.167925835,-2.10698,10.83661,-17.88707,1.110413,-0.07433436,-0.3306297,-28.74075,-10.19448,24.70932
41.177837849,-8.11497100000001,8.215271,-16.65982,1.130365,-0.08924656,-0.262251,-28.36489,-10.19263,25.15709
41.190228462,-26.13894,13.28319,-12.85531,1.148672,-0.0498742,-0.0998645,-28.36489,-10.19263,25.15709
41.200140476,-53.51556,25.57436,-13.0394,1.180476,-0.03921231,0.009868646,-28.36489,-10.19263,25.15709
41.210052967,-86.0949800000001,38.04028,-20.21886,1.189419,-0.02097967,0.04495896,-28.36489,-10.19263,25.15709
41.219964981,-115.7014,50.97221,-30.5892,1.190791,-0.03613271,0.01795646,-28.36489,-10.19263,25.15709
41.229877949,-134.4686,61.2828100000002,-35.13005,1.205153,-0.0500155,-0.07589971,-27.23078,-11.31998,24.25528
41.239789963,-135.8932,69.0303199999999,-35.98913,1.167754,-0.003296581,-0.1395838,-27.23078,-11.31998,24.25528
41.249702454,-117.0021,79.6904299999997,-41.81861,1.153657,0.02850689,-0.2371938,-27.23078,-11.31998,24.25528
41.259614468,-74.26481,88.7777300000003,-45.92992,1.144959,0.02502707,-0.326446,-27.23078,-11.31998,24.25528
41.269526959,-11.83125,92.2145999999998,-47.464,1.117515,0.01269625,-0.3944568,-27.23078,-11.31998,24.25528
41.279439449,56.79611,96.64175,-45.13221,1.04989,-0.04114823,-0.4239599,-27.57704,-14.32906,21.24696
41.289351463,113.4075,96.5834999999998,-40.03909,0.9955556,-0.04332253,-0.4321148,-27.57704,-14.32906,21.24696
41.299264431,135.1477,93.3796400000001,-40.22317,0.9330531,0.005454388,-0.3188547,-27.57704,-14.32906,21.24696
41.309175968,115.0798,96.5252500000002,-42.18679,0.9716728,-0.01113055,-0.2439375,-27.57704,-14.32906,21.24696
41.319088936,74.01488,94.8941900000001,-40.52999,1.008292,-0.06874764,-0.3166838,-27.57704,-14.32906,21.24696
41.32900095,42.55036,86.7971599999999,-40.52999,1.041117,-0.1473282,-0.4024989,-27.9365,-15.8327,19.96863
41.338913441,33.87903,82.3117699999998,-36.48003,1.119366,-0.1897554,-0.4510408,-27.9365,-15.8327,19.96863
41.348825455,42.24067,88.0787099999997,-29.17785,1.247295,-0.1762883,-0.4055589,-27.9365,-15.8327,19.96863
41.358737946,54.25665,104.9718,-20.83249,1.326811,-0.1117235,-0.3007095,-27.9365,-15.8327,19.96863
41.36864996,59.7691300000001,130.0201,-20.83249,1.325164,-0.04330336,-0.2858337,-27.9365,-15.8327,19.96863
41.37856245,61.1937100000001,140.0395,-19.60524,1.214321,-0.007062229,-0.32346,-27.95079,-15.08874,18.68143
41.388474465,58.7781299999997,138.2337,-18.93024,1.093576,-0.0319749,-0.3493982,-27.95079,-15.08874,18.68143
41.398387432,51.96494,127.69,-14.45075,0.9990438,-0.03324118,-0.3662982,-27.95079,-15.08874,18.68143
41.408298969,41.74516,117.4959,-12.24169,0.9248593,-0.01093394,-0.3741063,-27.95079,-15.08874,18.68143
41.418211937,30.34856,105.496,-13.16213,0.9456944,-0.01613548,-0.3988217,-27.95079,-15.08874,18.68143
41.428123951,16.72219,94.8941900000001,-10.83034,1.008623,-0.04005206,-0.3938012,-29.45217,-15.47391,16.12059
41.438036442,6.37853299999997,88.7194800000001,-5.062225,1.076649,-0.1057504,-0.4174354,-29.45217,-15.47391,16.12059
41.447948456,5.449462,93.3796400000001,-2.791798,1.102218,-0.1082848,-0.4066451,-29.45217,-15.47391,16.12059
41.457860947,11.39551,102.9912,-3.098613,1.108458,-0.1036271,-0.364898,-29.45217,-15.47391,16.12059
41.467772961,20.99591,113.3018,-2.055443,1.082249,-0.1426324,-0.3437885,-29.45217,-15.47391,16.12059
41.480163574,32.2067,116.0979,1.687694,1.042704,-0.1716287,-0.3239295,-30.5779,-15.85749,13.94326
41.490076065,43.23167,114.1173,2.424049,0.9905211,-0.1658717,-0.3037221,-30.5779,-15.85749,13.94326
41.499988079,57.22968,108.8164,5.553557,0.9387287,-0.1465013,-0.2771854,-30.5779,-15.85749,13.94326
41.509901047,71.1037900000001,102.5835,11.62849,0.9515638,-0.1348195,-0.2993136,-30.5779,-15.85749,13.94326
41.519812584,84.9159799999997,96.9330100000001,17.33524,1.002563,-0.161423,-0.3162879,-30.5779,-15.85749,13.94326
41.529725552,94.7021900000001,101.2437,26.17149,1.03251,-0.1861048,-0.2859991,-31.71311,-15.49161,11.82787
41.539637566,90.6142800000002,102.4669,29.54645,0.9993432,-0.1640389,-0.2519343,-31.71311,-15.49161,11.82787
41.549550056,79.1557400000002,97.3990200000001,26.60103,0.9898795,-0.2115538,-0.2291158,-31.71311,-15.49161,11.82787
41.55946207,76.1827199999997,94.31167,23.28744,0.9856111,-0.2532431,-0.2173501,-31.71311,-15.49161,11.82787
41.569374561,88.6941999999997,95.0689499999998,21.01701,0.9497289,-0.2381781,-0.2178782,-31.71311,-15.49161,11.82787
41.579286575,111.859,95.65147,19.78975,0.9171014,-0.2119382,-0.221723,-33.23089,-14.375,10.09759
41.589199066,134.2806,96.3504899999999,19.5443,0.899215,-0.1281644,-0.1989122,-33.23089,-14.375,10.09759
41.59911108,144.9339,95.4767100000003,17.02842,0.9008318,-0.06099917,-0.1533449,-33.23089,-14.375,10.09759
41.609023571,141.3415,93.9039100000001,15.31026,0.8820462,0.009881056,-0.09027836,-33.23089,-14.375,10.09759
41.618935585,127.5294,89.12724,14.26709,0.8665307,0.03609486,-0.046746,-33.23089,-14.375,10.09759
41.628848553,111.3635,81.3214800000001,12.85574,0.847553,0.02590826,-0.001983637,-34.38412,-12.50917,8.363056
41.638760567,99.9669300000003,72.2924299999998,12.91711,0.8356938,0.00984745,0.01482458,-34.38412,-12.50917,8.363056
41.648673057,96.1887100000003,64.0788999999997,13.5921,0.8361572,0.01569397,0.01918067,-34.38412,-12.50917,8.363056
41.658585071,97.7371599999999,57.08867,14.20573,0.8459113,0.02312043,0.02538199,-34.38412,-12.50917,8.363056
41.668497562,100.3386,50.6227,15.92389,0.8588265,0.04996584,0.0288025,-34.38412,-12.50917,8.363056
41.678409576,99.4094799999999,44.62275,18.50113,0.8788191,0.09335472,0.02650587,-35.90514,-11.01614,7.081333
41.688322067,92.7821100000002,38.97231,20.95565,0.8781267,0.1161696,0.03338648,-35.90514,-11.01614,7.081333
41.698234081,82.43845,34.54516,22.91926,0.881985,0.1288737,0.0430386,-35.90514,-11.01614,7.081333
41.708146572,72.71418,31.10829,24.63742,0.8776614,0.1220294,0.04255283,-35.90514,-11.01614,7.081333
41.71805954,67.5113899999997,29.47724,25.80332,0.8773978,0.106043,0.04580987,-35.90514,-11.01614,7.081333
41.727971554,66.8300700000002,28.02094,26.41694,0.862024,0.08696471,0.05014638,-36.29369,-10.27221,5.796078
41.737884045,67.0778199999998,27.08891,27.03057,0.8488919,0.09561621,0.06713101,-36.29369,-10.27221,5.796078
41.747796059,65.8390600000001,26.38988,27.09194,0.8539768,0.1243113,0.07207672,-36.29369,-10.27221,5.796078
41.760186672,61.4414600000003,24.99184,26.84649,0.863151,0.159977,0.1024794,-36.29369,-10.27221,5.796078
41.770098686,56.98192,24.46757,26.17149,0.8718027,0.1873264,0.1198673,-36.6825,-9.148453,5.794563
41.780011177,52.83207,24.40932,25.74195,0.8700809,0.2061999,0.117128,-36.6825,-9.148453,5.794563
41.789923191,48.3106,22.60351,25.80332,0.8735207,0.2125931,0.1262618,-36.6825,-9.148453,5.794563
41.799835682,41.55935,20.50644,24.94423,0.8625197,0.2103802,0.09994013,-36.6825,-9.148453,5.794563
41.809747696,31.15375,18.81713,24.08516,0.8735901,0.2175073,0.138778,-36.6825,-9.148453,5.794563
41.819660187,19.32359,15.55502,24.08516,0.8879752,0.2031574,0.1419105,-37.45202,-7.651961,5.344128
41.829572201,8.54636400000002,11.9434,24.76015,0.8975312,0.1775584,0.1378103,-37.45202,-7.651961,5.344128
41.839485168,2.166745,8.564782,26.17149,0.9087983,0.138934,0.1422504,-37.45202,-7.651961,5.344128
41.849397182,-0.1249625,5.244421,28.99419,0.9254314,0.09598024,0.1403699,-37.45202,-7.651961,5.344128
41.859309673,0.43248,3.030846,30.4669,0.9265049,0.05775392,0.1525895,-37.45202,-7.651961,5.344128
41.869221687,1.299613,1.865807,31.4487,0.9400701,0.04005953,0.1672311,-37.45848,-7.279197,4.893263
41.879134178,2.97194,1.516295,32.18506,0.9137846,0.03686361,0.1751354,-37.45848,-7.279197,4.893263
41.889046669,6.31659499999999,2.564831,32.36915,0.8927094,0.04194031,0.1763244,-37.45848,-7.279197,4.893263
41.898958683,7.369542,2.390074,33.96458,0.8677559,0.05869263,0.1944327,-37.45848,-7.279197,4.893263
41.908871651,1.671241,1.574547,36.11229,0.8589417,0.0432142,0.2227404,-37.45848,-7.279197,4.893263
41.918783188,-9.16791799999997,1.166783,39.36452,0.8642769,-0.01526879,0.245349,-38.22478,-5.779044,5.342251
41.928696156,-20.37871,1.225035,44.39628,0.8715615,-0.08641364,0.2524902,-38.22478,-5.779044,5.342251
41.93860817,-27.25383,1.749303,50.71666,0.8848663,-0.1452104,0.2889477,-38.22478,-5.779044,5.342251
41.94852066,-29.60748,2.506578,56.54613,0.9141472,-0.1838969,0.2380025,-38.22478,-5.779044,5.342251
41.958432674,-28.12096,3.263854,61.08699,0.9192625,-0.2454212,0.2356247,-38.22478,-5.779044,5.342251
41.968345165,-25.27181,3.263854,65.0142200000001,0.8942295,-0.3043112,0.2527496,-37.85537,-5.404419,5.339149
41.978257179,-25.27181,3.14735,67.16192,0.8534833,-0.3522123,0.276335,-37.85537,-5.404419,5.339149
41.98816967,-26.13894,1.108532,67.7755499999998,0.8064072,-0.3745737,0.2847841,-37.85537,-5.404419,5.339149
41.998081684,-22.17491,-2.619594,65.9346599999997,0.7322487,-0.4239515,0.2909029,-37.85537,-5.404419,5.339149
42.007994175,-12.26482,-8.32828599999997,62.1915199999998,0.6821565,-0.3910311,0.3083911,-37.85537,-5.404419,5.339149
42.017906189,4.272639,-14.56125,58.0802,0.661859,-0.3121482,0.3287908,-38.64082,-2.78571,4.499786
42.027819157,18.45645,-19.16315,54.64388,0.7177085,-0.227252,0.3907802,-38.64082,-2.78571,4.499786
42.040208817,29.41949,-19.92043,51.45301,0.8260801,-0.18281,0.4726613,-38.64082,-2.78571,4.499786
42.050121784,28.18073,-15.78454,49.73485,1.06251,-0.2462795,0.6611549,-38.64082,-2.78571,4.499786
42.060034275,3.157754,1.166783,57.9574799999998,1.555905,-0.3975743,1.247619,-38.64082,-2.78571,4.499786
42.069946289,-12.76033,39.20531,80.7844800000001,2.135582,-0.6920383,1.973978,-39.04279,-0.5365996,4.880278
42.07985878,109.877,23.59379,87.4730500000002,2.733266,-0.6098932,1.417296,-39.04279,-0.5365996,4.880278
42.089770794,268.7481,83.7098099999997,35.56002,3.919956,-0.1023322,2.290313,-39.04279,-0.5365996,4.880278
42.099683285,285.0998,190.6604,-55.5639,1.742026,0.2040395,0.4091486,-39.04279,-0.5365996,4.880278
42.109595299,295.0099,113.4183,-127.4812,-0.2815641,1.396098,-1.119908,-39.04279,-0.5365996,4.880278
42.11950779,241.2476,32.50634,-136.4402,-0.6907778,2.283584,-1.123175,-38.69738,1.331179,3.587669
42.129419804,16.22668,-27.90095,-96.0634199999999,-0.3740983,2.07926,-0.4269143,-38.69738,1.331179,3.587669
42.139332771,-154.4126,-66.40549,-32.49145,-0.2418237,1.34548,-0.7849821,-38.69738,1.331179,3.587669
42.149244785,-133.8492,-105.3178,-5.430403,0.3064292,0.3827949,-0.3768076,-38.69738,1.331179,3.587669
42.159157276,-46.70238,-61.7453400000002,13.89891,1.062743,-0.3169433,0.02927386,-38.69738,1.331179,3.587669
42.16906929,-75.0700100000001,7.05023200000001,45.37808,1.477545,-0.7292098,-0.2485982,-39.44079,0.5766991,2.308976
42.178981781,-223.1019,37.10825,67.0391900000001,0.9586993,-0.5138382,-0.5717536,-39.44079,0.5766991,2.308976
42.188893795,-317.8052,-18.28937,61.1483499999997,0.9103573,-0.4524505,-0.3980405,-39.44079,0.5766991,2.308976
42.198806286,-128.6464,-94.6577000000002,55.13478,1.936739,-0.3279788,1.130283,-39.44079,0.5766991,2.308976
42.2087183,-21.55553,-43.97849,25.61923,1.797707,-0.1352233,0.7684128,-39.44079,0.5766991,2.308976
42.218630791,-48.99408,-43.10471,8.37625100000002,1.03438,0.1450864,-0.001957175,-39.81045,0.5818979,3.595816
42.228542805,-91.54552,-67.3957700000001,-1.135,0.8070554,0.1949086,-0.3197884,-39.81045,0.5818979,3.595816
42.238455772,-99.3497199999999,-70.4831299999999,-4.509959,1.00755,-0.03617608,-0.01732136,-39.81045,0.5818979,3.595816
42.248367786,-66.0889900000002,-50.09494,-7.88491900000001,1.099944,-0.2722885,0.3235643,-39.81045,0.5818979,3.595816
42.258280277,-47.32175,-30.9883,-14.08257,1.056511,-0.474972,0.2376277,-39.81045,0.5818979,3.595816
42.268192291,-44.96811,-27.20192,-9.60308100000002,0.9689704,-0.4658324,0.2471411,-39.43808,1.340007,5.775879
42.278104782,-25.45763,-30.11452,-4.571322,0.8448039,-0.4834699,0.2299259,-39.43808,1.340007,5.775879
42.288017273,7.43147999999999,-29.99801,1.442243,0.8510632,-0.3239462,0.216526,-39.43808,1.340007,5.775879
42.297929287,20.56235,-31.22131,3.344493,0.8425377,-0.2034426,0.1938798,-39.43808,1.340007,5.775879
42.307842255,9.04186800000002,-35.4737,1.074065,0.8733469,-0.1006241,0.2192481,-39.43808,1.340007,5.775879
42.320231915,-23.72336,-41.47365,-2.484983,0.9155185,-0.1278396,0.1989903,-39.42703,0.9724709,7.511639
42.330144405,-45.58749,-48.8134,-2.362258,0.9339771,-0.180105,0.1735032,-39.42703,0.9724709,7.511639
42.340056419,-54.32076,-55.86189,-1.196362,0.9584424,-0.2527124,0.1377417,-39.42703,0.9724709,7.511639
42.349969387,-54.44463,-59.53176,-0.828185100000001,0.9547882,-0.2972659,0.06305411,-39.42703,0.9724709,7.511639
42.359881401,-45.33974,-60.6385500000001,-0.705459200000001,0.97727,-0.3733268,0.02056571,-39.42703,0.9724709,7.511639
42.369793892,-33.01406,-58.54148,-0.2759189,1.000114,-0.3901749,0.08266277,-37.91731,0.2267989,8.341341
42.379705906,-20.37871,-54.58034,-0.644096300000003,1.01303,-0.3791783,0.1152673,-37.91731,0.2267989,8.341341
42.389618397,-5.080007,-53.64831,-3.712242,0.9943324,-0.3489884,0.09163347,-37.91731,0.2267989,8.341341
42.399530411,10.15675,-55.74538,-8.49854900000003,0.9895154,-0.2643909,0.05478926,-37.91731,0.2267989,8.341341
42.409442902,21.86304,-55.16286,-12.60986,1.001765,-0.1686234,0.07404014,-37.91731,0.2267989,8.341341
42.419354916,24.77413,-49.04641,-15.30983,0.9963144,-0.1026351,0.09661745,-38.27753,-0.1373689,10.91422
42.429267407,20.62428,-44.4445,-15.00302,0.9711059,-0.09382034,0.08058393,-38.27753,-0.1373689,10.91422
42.439180374,13.12978,-44.61926,-13.10077,0.9483783,-0.1149518,0.08065335,-38.27753,-0.1373689,10.91422
42.449092388,4.89202,-48.75515,-10.52352,0.9362222,-0.1482403,0.0483734,-38.27753,-0.1373689,10.91422
42.459004879,0.618294100000002,-53.47356,-7.394016,0.9577551,-0.168449,0.02643251,-38.27753,-0.1373689,10.91422
42.468916893,-0.2488386,-55.39587,-6.289484,0.9850902,-0.1803256,0.007854571,-37.52281,-0.1302502,12.64494
42.478829384,0.2466658,-54.23083,-5.675855,0.986656,-0.1836704,0.01357971,-37.52281,-0.1302502,12.64494
42.488741398,1.918993,-53.35705,-6.35084600000001,0.9805434,-0.1643592,0.01232441,-37.52281,-0.1302502,12.64494
42.498653889,6.06884200000002,-54.28908,-9.48035400000003,0.9676718,-0.1406985,0.02460504,-37.52281,-0.1302502,12.64494
42.508565903,10.34257,-56.26965,-13.16213,0.985936,-0.1250206,0.01205646,-37.52281,-0.1302502,12.64494
42.518478394,14.18273,-57.14343,-15.61665,1.042259,-0.1647563,-0.02570133,-36.75354,-1.246918,14.37911
42.528390408,15.42149,-55.51237,-14.45075,1.013142,-0.1067203,0.01624819,-36.75354,-1.246918,14.37911
42.538303375,12.69621,-53.06579,-14.38939,0.9855127,-0.05987493,0.04706576,-36.75354,-1.246918,14.37911
42.548215389,7.43147999999999,-53.70656,-13.77576,0.9628589,-0.07852896,0.05723432,-36.75354,-1.246918,14.37911
42.55812788,2.786126,-54.52209,-12.30305,0.9675068,-0.1041989,0.05125842,-36.75354,-1.246918,14.37911
42.568039894,-1.177909,-54.92986,-13.40758,0.9606185,-0.08820933,0.0658334,-36.00692,-0.4887779,16.55723
42.577952385,-3.841246,-57.5511900000003,-13.46894,0.9551765,-0.1139151,0.07723628,-36.00692,-0.4887779,16.55723
42.587864399,-7.00008600000001,-62.9686300000002,-10.8917,0.9457039,-0.1626585,0.05011028,-36.00692,-0.4887779,16.55723
42.600255012,-11.70738,-66.6384999999999,-12.97804,0.9176477,-0.1101816,0.04591778,-36.00692,-0.4887779,16.55723
42.610167503,-14.30878,-67.3957700000001,-18.25525,0.9335917,-0.1515428,-0.02124722,-36.00692,-0.4887779,16.55723
42.620079517,-15.42366,-71.5899200000001,-18.56207,0.9867125,-0.2204747,-0.07165401,-35.2328,-1.980041,18.29256
42.629992008,-15.91917,-71.9976799999999,-14.81893,1.014836,-0.2434089,-0.07398754,-35.2328,-1.980041,18.29256
42.639904022,-14.06102,-69.1433299999999,-10.58489,1.013844,-0.2487945,-0.08169676,-35.2328,-1.980041,18.29256
42.64981699,-9.22985600000001,-62.4443600000002,-11.01443,1.012856,-0.2541776,-0.08892587,-35.2328,-1.980041,18.29256
42.659729004,-1.611476,-55.51237,-13.53031,0.9872262,-0.2233825,-0.07263846,-35.2328,-1.980041,18.29256
42.669641495,8.05085899999999,-48.17263,-15.30983,0.9858678,-0.2262713,-0.06544276,-34.08976,-2.717115,21.24428
42.679553509,18.95196,-42.23093,-17.33481,0.9685729,-0.2085312,-0.06228368,-34.08976,-2.717115,21.24428
42.689466,29.23367,-42.11442,-18.37798,0.9317045,-0.1968974,-0.06762711,-34.08976,-2.717115,21.24428
42.699378014,36.17074,-47.2406,-17.15072,0.8981332,-0.1730911,-0.07099929,-34.08976,-2.717115,21.24428
42.709290504,38.83407,-53.93957,-17.33481,0.8790874,-0.1394195,-0.07684089,-34.08976,-2.717115,21.24428
42.719202518,37.22368,-58.8327400000001,-18.5007,0.8780136,-0.1089982,-0.09823542,-32.96724,-2.337201,22.52218
42.729115009,33.25965,-62.0365999999998,-19.35978,0.8867165,-0.07552895,-0.1163389,-32.96724,-2.337201,22.52218
42.739027023,28.18073,-65.0074500000001,-20.46432,0.8925135,-0.04891124,-0.139743,-32.96724,-2.337201,22.52218
42.748939991,21.42948,-64.8327000000001,-20.58704,0.9005691,-0.04601391,-0.1614053,-32.96724,-2.337201,22.52218
42.758852482,16.04087,-67.1627699999999,-20.58704,0.8922977,-0.07292597,-0.1888771,-32.96724,-2.337201,22.52218
42.768764496,15.85505,-71.9976799999999,-20.70977,0.8942907,-0.09336999,-0.2091984,-31.83318,-2.704386,24.31634
42.778676987,20.68622,-74.44427,-21.56885,0.8995836,-0.1267574,-0.2089896,-31.83318,-2.704386,24.31634
42.788589001,28.18073,-74.7355300000001,-23.04156,0.9195412,-0.1565488,-0.2050512,-31.83318,-2.704386,24.31634
42.798501491,34.25066,-77.0073500000003,-24.57563,0.9383795,-0.1839869,-0.2121305,-31.83318,-2.704386,24.31634
42.808413506,36.66624,-83.1820599999998,-26.84606,0.9609011,-0.1968606,-0.2244284,-31.83318,-2.704386,24.31634
42.818326473,35.48942,-87.3762,-29.54603,0.9524364,-0.1985074,-0.2411667,-30.70121,-2.693838,26.88029
42.82823801,32.76414,-87.08494,-33.04371,0.958411,-0.1859436,-0.2637056,-30.70121,-2.693838,26.88029
42.838150978,28.42848,-85.7451500000002,-34.27097,0.9588414,-0.1306065,-0.2522973,-30.70121,-2.693838,26.88029
42.848062992,22.54436,-83.2985600000001,-35.06869,0.9552022,-0.04222971,-0.2175837,-30.70121,-2.693838,26.88029
42.857975483,15.04986,-83.9393400000002,-36.35731,0.983383,0.01729624,-0.2131263,-30.70121,-2.693838,26.88029
42.867887497,3.405506,-83.4733199999998,-37.95274,1.011069,0.06730528,-0.1727159,-29.19014,-3.057856,29.44344
42.877799988,-19.51157,-74.2112600000002,-35.3755,1.022828,0.06648908,-0.1713896,-29.19014,-3.057856,29.44344
42.890190124,-52.02905,-75.0267900000002,-27.15287,1.020225,-0.08410763,-0.315456,-29.19014,-3.057856,29.44344
42.900102615,-70.4246499999997,-90.0557899999998,-18.99161,1.059283,-0.2348682,-0.4978412,-29.19014,-3.057856,29.44344
42.910015106,-73.3357400000002,-116.6769,-10.95306,1.29228,-0.3503682,-0.7048327,-26.56898,-2.675992,31.16327
42.91992712,-63.11596,-127.9778,-5.000863,1.659913,-0.2289814,-0.7136661,-26.56898,-2.675992,31.16327
42.929839611,-44.96811,-80.1529500000001,-9.11217699999998,1.921659,-0.0005264641,-0.6708704,-26.56898,-2.675992,31.16327
42.939751625,-1.983104,-7.68751500000001,-13.77576,1.902581,0.1597095,-0.5793567,-26.56898,-2.675992,31.16327
42.949664593,75.6252699999999,57.3216799999998,-19.05297,1.465561,0.3369808,-0.3114875,-26.56898,-2.675992,31.16327
42.959576607,165.9929,104.797,-31.32555,1.01442,0.336074,-0.05571842,-23.90604,-5.287492,33.72751
42.969489098,230.0368,126.4668,-34.33233,0.7790237,0.3420768,0.2658038,-23.90604,-5.287492,33.72751
42.979401112,222.5423,111.496,-28.68694,0.5864179,0.2250622,0.2293532,-23.90604,-5.287492,33.72751
42.989313602,132.3605,58.9527300000002,-31.0801,0.5160706,0.2810293,0.1583529,-23.90604,-5.287492,33.72751
42.999225616,21.86304,-17.70685,-40.22317,0.6377227,0.277376,0.09622337,-23.90604,-5.287492,33.72751
43.009138107,-69.9291499999999,-55.68713,-35.31414,0.8813948,0.2444159,0.07310345,-23.93164,-3.79617,31.98829
43.019050121,-133.106,-57.72595,-36.41867,1.140722,0.232144,0.0749448,-23.93164,-3.79617,31.98829
43.028962612,-167.9771,-31.33781,-38.87319,1.34705,0.1510665,0.02544099,-23.93164,-3.79617,31.98829
43.038874626,-166.6144,9.96283000000002,-36.90958,1.441254,-0.008325951,-0.1776784,-23.93164,-3.79617,31.98829
43.048787594,-121.7713,44.38974,-31.69373,1.353526,-0.2339184,-0.4611832,-23.93164,-3.79617,31.98829
43.058699608,-42.1809,62.9721100000002,-32.61417,1.215955,-0.4220617,-0.6023308,-24.69794,-2.296018,32.43728
43.068612099,50.35455,62.6225999999999,-32.18463,1.034097,-0.4884721,-0.7235317,-24.69794,-2.296018,32.43728
43.07852459,118.4864,58.5449699999997,-34.82323,0.9478436,-0.4074521,-0.5997539,-24.69794,-2.296018,32.43728
43.088436604,145.6153,56.85566,-39.24137,0.9221779,-0.2788663,-0.4248426,-24.69794,-2.296018,32.43728
43.098349094,135.6432,57.55468,-39.05728,0.9191235,-0.1726242,-0.3122297,-24.69794,-2.296018,32.43728
43.108261108,104.3645,53.18579,-36.84821,0.9082039,-0.1123556,-0.2574694,-25.01861,-6.796422,31.16818
43.118174076,66.3965000000003,44.50624,-34.82323,0.9254978,-0.07594991,-0.197367,-25.01861,-6.796422,31.16818
43.128085613,34.93198,37.57426,-34.51642,0.9710537,-0.1541137,-0.2333606,-25.01861,-6.796422,31.16818
43.137998581,20.06684,31.69081,-29.66875,0.9987974,-0.252607,-0.3134994,-25.01861,-6.796422,31.16818
43.147910595,27.12778,31.45781,-25.00517,1.006082,-0.3222973,-0.3999794,-25.01861,-6.796422,31.16818
43.157823086,53.07983,36.05971,-24.14609,1.026633,-0.3644715,-0.4479861,-26.5528,-4.178034,30.26846
43.170213223,91.23366,48.64214,-24.08473,1.043816,-0.3898266,-0.4233457,-26.5528,-4.178034,30.26846
43.180125713,110.6822,57.3216799999998,-26.35516,0.9891617,-0.3748455,-0.3948913,-26.5528,-4.178034,30.26846
43.190037727,116.1328,61.7488200000003,-25.92562,0.934566,-0.3469117,-0.3932399,-26.5528,-4.178034,30.26846
43.199950218,113.2836,60.3507799999998,-23.77791,0.9016132,-0.3169387,-0.4244259,-26.5528,-4.178034,30.26846
43.209862709,111.1777,55.51587,-19.60524,0.9059947,-0.3049467,-0.4599183,-26.18962,-3.430382,29.87874
43.219774723,118.5483,52.95278,-16.41436,0.9383583,-0.3181532,-0.4665476,-26.18962,-3.430382,29.87874
43.229687691,136.8201,53.5353,-14.81893,0.967065,-0.3237195,-0.4870168,-26.18962,-3.430382,29.87874
43.239599228,161.5334,57.08867,-14.75756,0.9496393,-0.3148279,-0.5069631,-26.18962,-3.430382,29.87874
43.249512196,182.7781,59.7099999999998,-14.2053,0.9258285,-0.2738356,-0.492065,-26.18962,-3.430382,29.87874
43.25942421,191.8211,62.1565899999999,-12.30305,0.9008491,-0.2061256,-0.4644941,-28.08998,-1.563045,28.53357
43.269336701,189.901,65.24394,-11.87351,0.878431,-0.1093042,-0.4391536,-28.08998,-1.563045,28.53357
43.279248715,182.6542,65.94296,-11.68942,0.8718908,-0.03850818,-0.421816,-28.08998,-1.563045,28.53357
43.289161205,176.0269,65.8264600000002,-7.82355600000003,0.9091257,0.02662541,-0.3861947,-28.08998,-1.563045,28.53357
43.299073219,171.5054,65.4769400000002,-4.387233,0.9543752,0.1063423,-0.3625544,-28.08998,-1.563045,28.53357
43.30898571,166.7981,62.0983400000003,-0.766822200000002,1.017596,0.1203782,-0.3323154,-30.02761,2.859321,26.0241
43.318897724,159.861,61.0497999999998,1.442243,1.064854,0.1294243,-0.2909184,-30.02761,2.859321,26.0241
43.328810215,151.871,66.1177200000003,-0.4600076,1.084771,0.1113189,-0.2772987,-30.02761,2.859321,26.0241
43.338722229,145.7392,72.0594199999999,-2.055443,1.090032,0.08474407,-0.2722426,-30.02761,2.859321,26.0241
43.348635197,142.0848,75.5545299999999,-2.791798,1.101046,0.04501254,-0.2937361,-30.02761,2.859321,26.0241
43.358547211,139.2357,77.3603500000003,-0.582733500000001,1.089354,0.04147325,-0.2936516,-30.83889,6.96909,23.38127
43.368459702,135.9529,78.0593700000002,-0.766822200000002,1.067818,0.05533894,-0.2794354,-30.83889,6.96909,23.38127
43.378372192,132.4225,79.1661599999998,-2.914524,1.043409,0.03358977,-0.3009617,-30.83889,6.96909,23.38127
43.388284206,131.4315,78.1176199999998,-3.159976,1.019718,-0.006083021,-0.3211735,-30.83889,6.96909,23.38127
43.398196697,132.6083,77.1273399999998,-2.914524,1.008269,-0.01388608,-0.3023935,-30.83889,6.96909,23.38127
43.408108711,136.7581,77.0690799999999,-4.080419,1.011542,-0.02538021,-0.2828138,-33.51612,10.32455,19.52983
43.418021679,140.846,77.4185999999999,-5.614491,1.020809,-0.0003977166,-0.2558443,-33.51612,10.32455,19.52983
43.427933216,142.5184,77.88461,-6.289484,1.047348,0.006344617,-0.2349178,-33.51612,10.32455,19.52983
43.437846184,140.7222,78.2341299999999,-5.675855,1.054552,0.03124677,-0.2184932,-33.51612,10.32455,19.52983
43.447758198,138.0588,77.4185999999999,-5.859943,1.045777,0.05261358,-0.1909006,-33.51612,10.32455,19.52983
43.460148811,139.0498,78.2923800000001,-7.148564,1.041512,0.07262908,-0.1542358,-35.07082,13.67984,15.60831
43.470060825,144.7481,80.9137200000002,-7.33265300000001,1.023696,0.09961491,-0.1433278,-35.07082,13.67984,15.60831
43.479973316,150.8181,84.8165999999999,-8.62127400000002,1.010691,0.1480841,-0.1150355,-35.07082,13.67984,15.60831
43.489885807,151.1897,87.6709400000002,-8.74399900000002,1.020594,0.1777789,-0.1158895,-35.07082,13.67984,15.60831
43.499797821,144.4384,88.8359799999999,-8.25309699999997,1.013438,0.238507,-0.07508548,-35.07082,13.67984,15.60831
43.509710312,131.6792,90.8165500000002,-11.13715,0.9960974,0.2674432,-0.06320856,-36.23621,15.53181,10.46881
43.519622326,116.6902,91.2243100000001,-13.0394,0.9868286,0.2412448,-0.04409104,-36.23621,15.53181,10.46881
43.529535294,104.5503,89.24375,-14.38939,0.9754885,0.2086205,-0.04372335,-36.23621,15.53181,10.46881
43.539446831,97.5513400000003,86.5059100000001,-15.67801,0.9726842,0.1684115,-0.03052086,-36.23621,15.53181,10.46881
43.549359798,96.0648299999998,84.58359,-16.8439,0.9804504,0.1272646,-0.0366287,-36.23621,15.53181,10.46881
43.559271812,97.30359,82.4865199999998,-16.72118,0.9741033,0.08597478,-0.03636491,-36.64042,16.63806,6.162905
43.569184303,99.4094799999999,80.7972100000001,-15.30983,0.9519781,0.04295724,-0.05085163,-36.64042,16.63806,6.162905
43.579096317,101.0818,78.6418899999998,-14.75756,0.9189946,0.008045026,-0.06566408,-36.64042,16.63806,6.162905
43.589008808,104.0548,73.16621,-13.83712,0.8801228,0.01377587,-0.0825521,-36.64042,16.63806,6.162905
43.598920822,106.2846,68.09829,-15.12574,0.8381785,0.01793438,-0.1147873,-36.64042,16.63806,6.162905
43.608833313,105.6652,61.5740699999997,-15.24847,0.8006963,0.03632628,-0.1244014,-37.77534,16.24402,1.415794
43.618745327,100.0289,53.88481,-15.43256,0.7412886,0.08594214,-0.137446,-37.77534,16.24402,1.415794
43.628658295,86.4025,43.86547,-14.51211,0.7119681,0.04997389,-0.1777478,-37.77534,16.24402,1.415794
43.638569832,70.5463499999999,33.38012,-10.70761,0.6675432,0.005063079,-0.2232511,-37.77534,16.24402,1.415794
43.648482799,59.7691300000001,21.90448,-8.13037100000001,0.6286279,-0.01898482,-0.27923,-37.77534,16.24402,1.415794
43.65839529,59.2736300000002,9.78807399999997,-6.596298,0.5874953,-0.007095697,-0.3186235,-38.16361,16.22805,-2.501182
43.668307304,65.5293700000002,-2.037075,-8.49854900000003,0.5690801,0.03957811,-0.3431105,-38.16361,16.22805,-2.501182
43.678219795,68.93596,-13.1632,-11.44397,0.5737349,0.1151182,-0.3729002,-38.16361,16.22805,-2.501182
43.688131809,62.4324699999998,-25.1631,-14.63484,0.596344,0.2317889,-0.3680107,-38.16361,16.22805,-2.501182
43.6980443,43.97493,-29.93976,-14.38939,0.6448149,0.2853507,-0.3469751,-38.16361,16.22805,-2.501182
43.707956314,19.88103,-29.59025,-12.73259,0.6982009,0.2936301,-0.2811519,-38.54571,16.59921,-3.335568
43.717869282,0.1227897,-28.36696,-11.68942,0.7222536,0.2495973,-0.2283701,-38.54571,16.59921,-3.335568
43.727780819,-6.25683000000001,-30.40578,-9.23490300000001,0.7506728,0.1682893,-0.1749167,-38.54571,16.59921,-3.335568
43.740171909,10.34257,-36.8135,-3.650879,0.8560576,0.02317673,-0.08178676,-38.54571,16.59921,-3.335568
43.7500844,38.15276,-38.21154,2.301323,0.9607503,-0.02229592,0.06050939,-38.16014,15.85188,-2.885495
43.759996414,68.1927000000002,-26.03688,8.49897699999999,1.171214,-0.007092169,0.3361957,-38.16014,15.85188,-2.885495
43.769908905,94.9499399999997,-2.50309,13.03983,1.21381,-0.01846819,0.4711306,-38.16014,15.85188,-2.885495
43.779820919,127.2197,0.2347521,15.43299,0.9982012,0.05105646,0.7463177,-38.16014,15.85188,-2.885495
43.78973341,160.9759,41.18588,25.80332,1.695514,0.1027074,3.048814,-38.16014,15.85188,-2.885495
43.799645424,173.9829,231.4368,103.4274,3.088521,-1.187615,4.816404,-38.5344,15.85185,-2.883549
43.809557915,84.5443500000001,-6.81373500000001,130.7339,1.78908,0.1973785,0.5075817,-38.5344,15.85185,-2.883549
43.819469929,29.41949,-164.1523,-1.687266,1.274542,0.8094138,-1.218874,-38.5344,15.85185,-2.883549
43.829382896,-30.53655,-177.3755,-54.88891,1.539933,0.8629403,-0.978012,-38.5344,15.85185,-2.883549
43.839294434,-18.83025,-48.17263,11.99666,1.686305,0.7119918,-0.5189392,-38.5344,15.85185,-2.883549
43.849207401,6.06884200000002,59.41875,45.56217,0.8976248,1.297023,0.4088742,-36.67603,16.59753,-3.795013
43.859119415,-117.7453,141.321,22.18291,0.2370797,0.9326832,0.08460778,-36.67603,16.59753,-3.795013
43.869031906,-260.4506,143.1851,39.24179,-0.3423075,0.3500373,-1.02068,-36.67603,16.59753,-3.795013
43.87894392,-140.7863,-45.02702,59.8597300000003,-1.602957,-0.7423463,-1.827766,-36.67603,16.59753,-3.795013
43.888856411,-14.74234,-181.0453,30.83507,0.05006028,-1.207387,-0.2981218,-36.67603,16.59753,-3.795013
43.898768902,-60.3906899999998,-172.3658,51.82119,1.700973,-1.068253,0.685306,-37.42778,16.9739,-3.342562
43.908680916,-40.01307,-110.3857,42.06449,1.179325,-0.6395194,-0.2807744,-37.42778,16.9739,-3.342562
43.918593883,51.77913,-51.20173,22.79653,2.387874,-0.164733,0.01563199,-37.42778,16.9739,-3.342562
43.928505898,137.2536,16.02103,21.50791,1.952434,-0.2154383,-0.02005173,-37.42778,16.9739,-3.342562
43.938418388,156.3306,39.14706,25.25105,1.214481,0.2027947,0.128325,-37.42778,16.9739,-3.342562
43.948330402,131.1218,14.91425,23.59425,0.6647816,0.2263313,0.00488316,-36.6957,18.85582,-1.167907
43.958242893,88.6941999999997,-27.08542,23.71698,0.56174,0.2031553,-0.009203193,-36.6957,18.85582,-1.167907
43.968154907,37.47144,-49.39592,23.04198,0.7366855,0.2055423,0.03048838,-36.6957,18.85582,-1.167907
43.978067398,3.157754,-55.51237,20.89428,0.8815764,0.1064704,0.02464711,-36.6957,18.85582,-1.167907
43.987979412,2.042869,-57.14343,20.64883,0.9729304,-0.01826322,0.06090377,-36.6957,18.85582,-1.167907
43.997891903,10.96195,-52.89104,18.93067,1.027554,-0.07666607,0.07393411,-36.33114,19.60505,-1.17216
44.007803917,12.5104,-50.21144,15.12617,1.020573,-0.04073364,0.007496066,-36.33114,19.60505,-1.17216
44.02019453,8.23667399999998,-52.71628,12.30348,1.035319,-0.01002636,0.003242841,-36.33114,19.60505,-1.17216
44.030107498,6.44047100000002,-53.53181,11.87394,1.053648,-0.03162755,0.001008793,-36.33114,19.60505,-1.17216
44.040019512,10.34257,-52.01726,13.77619,1.053007,-0.05243993,0.009518911,-36.33114,19.60505,-1.17216
44.049932003,17.58932,-47.64836,14.88072,1.016934,-0.04746995,0.02621101,-35.5815,19.9865,0.4931536
44.059844017,23.22568,-43.10471,14.45118,0.9765672,-0.029089,0.02142505,-35.5815,19.9865,0.4931536
44.069756508,24.03088,-41.5319,13.5921,0.9367765,0.008119282,-0.0005265139,-35.5815,19.9865,0.4931536
44.079668522,20.62428,-43.22121,13.16256,0.937206,0.06394376,0.01136521,-35.5815,19.9865,0.4931536
44.089581013,14.3066,-44.85226,11.56712,0.9587095,0.1051832,0.05849658,-35.5815,19.9865,0.4931536
44.099493027,6.750161,-44.67751,10.09441,0.9662405,0.1068408,0.07956494,-35.21857,21.11397,1.38717
44.109405518,-2.850237,-46.07556,9.72623500000002,0.9547922,0.09855041,0.0978616,-35.21857,21.11397,1.38717
44.119317532,-13.50358,-49.74543,10.46259,0.9433784,0.06881448,0.09440795,-35.21857,21.11397,1.38717
44.129230499,-23.41367,-54.52209,11.32167,0.9401569,-0.002582741,0.07811688,-35.21857,21.11397,1.38717
44.13914299,-30.22686,-58.19196,11.99666,0.9415708,-0.1089247,0.04378427,-35.21857,21.11397,1.38717
44.149055004,-29.9791,-61.1045600000002,12.91711,0.9485729,-0.1950989,-0.04184259,-34.84457,21.49383,2.668963
44.158967495,-20.06902,-63.7841600000002,13.83755,0.9850332,-0.2435305,-0.1193277,-34.84457,21.49383,2.668963
44.168879509,-2.788299,-61.9783399999999,15.00345,1.034202,-0.2664394,-0.1674707,-34.84457,21.49383,2.668963
44.178792,14.80211,-54.17258,16.47615,1.058674,-0.2685598,-0.1677112,-34.84457,21.49383,2.668963
44.188704014,26.44646,-42.46394,16.29206,1.058678,-0.2602648,-0.1575727,-34.84457,21.49383,2.668963
44.198616505,29.91499,-33.14362,14.14436,1.031429,-0.2361486,-0.1163465,-34.84508,22.25348,5.236439
44.208528519,26.32258,-27.60969,12.91711,1.013244,-0.2022773,-0.08570274,-34.84508,22.25348,5.236439
44.218441486,19.44746,-26.32814,11.26031,0.9705366,-0.1628972,-0.05575577,-34.84508,22.25348,5.236439
44.2283535,14.80211,-31.22131,11.38303,0.9656022,-0.1727378,-0.07162091,-34.84508,22.25348,5.236439
44.238265991,15.04986,-35.5902,10.46259,0.9729565,-0.1789771,-0.07701224,-34.84508,22.25348,5.236439
44.248178005,19.5094,-37.33776,10.95349,0.9742451,-0.1673442,-0.08078792,-33.71423,21.88263,6.13118
44.258090496,25.70321,-41.06589,12.36484,0.9728426,-0.1180696,-0.1121371,-33.71423,21.88263,6.13118
44.26800251,28.86205,-43.10471,13.03983,0.9502718,-0.02620574,-0.1074751,-33.71423,21.88263,6.13118
44.277915001,25.95096,-44.09499,13.71482,0.9582165,0.0285807,-0.1268701,-33.71423,21.88263,6.13118
44.287827969,17.21769,-43.92023,13.77619,0.9763885,0.05445452,-0.1364689,-33.71423,21.88263,6.13118
44.300217629,-0.001086392,-44.50275,14.45118,0.9759015,0.04810793,-0.1437091,-33.72095,22.63522,6.964052
44.310130119,-13.13195,-47.41535,16.10798,1.003979,0.01002803,-0.1682304,-33.72095,22.63522,6.964052
44.320042133,-23.41367,-51.20173,17.33524,1.011021,-0.03295041,-0.1517763,-33.72095,22.63522,6.964052
44.329955101,-27.99709,-53.70656,17.33524,1.028906,-0.1157496,-0.1736202,-33.72095,22.63522,6.964052
44.339867115,-24.71437,-54.28908,18.50113,1.030501,-0.1673716,-0.2215146,-33.72095,22.63522,6.964052
44.349779606,-14.9901,-48.9299,15.31026,1.00265,-0.1435689,-0.2393444,-33.3534,23.38784,7.794979
44.35969162,-2.664423,-42.05617,13.22392,1.025979,-0.149938,-0.3082652,-33.3534,23.38784,7.794979
44.369604111,7.67923199999999,-38.26979,15.43299,1.017989,-0.1306103,-0.3018205,-33.3534,23.38784,7.794979
44.379516602,13.0059,-32.03683,15.55571,0.9914498,-0.1075968,-0.2879774,-33.3534,23.38784,7.794979
44.389428616,12.69621,-26.03688,15.31026,1.001443,-0.0705384,-0.2714975,-33.3534,23.38784,7.794979
44.399341583,6.62628499999997,-22.94953,16.16934,0.9780056,-0.004233932,-0.2381883,-32.60353,23.76955,9.524538
44.409253121,-5.265821,-21.72624,16.96706,0.9440796,0.06402644,-0.1764397,-32.60353,23.76955,9.524538
44.419166088,-19.32576,-25.57087,18.25568,0.9175315,0.08435693,-0.1189199,-32.60353,23.76955,9.524538
44.429078102,-32.70438,-34.0174,19.72839,0.9217139,0.05455122,-0.07978415,-32.60353,23.76955,9.524538
44.438990593,-42.24284,-45.37653,23.16471,0.9597943,0.02207582,-0.07603125,-32.60353,23.76955,9.524538
44.448902607,-46.51656,-47.53186,23.16471,0.9658561,0.00371382,-0.07861044,-32.2309,24.14784,10.42086
44.458815098,-47.13594,-44.328,22.91926,0.9875472,-0.0205634,-0.1375521,-32.2309,24.14784,10.42086
44.468727112,-43.9771,-39.8426,23.47153,0.9834934,-0.03629606,-0.16979,-32.2309,24.14784,10.42086
44.478639603,-39.64144,-34.59992,21.99882,0.9581869,-0.03752791,-0.1594808,-32.2309,24.14784,10.42086
44.48855257,-36.11097,-29.47375,18.80795,0.9168882,-0.05937496,-0.1592444,-32.2309,24.14784,10.42086
44.498464584,-32.89019,-30.52228,16.66024,0.8914692,-0.1028561,-0.1616998,-31.09894,24.15839,12.98481
44.508377075,-31.40368,-36.75524,15.61707,0.8691461,-0.138899,-0.1396462,-31.09894,24.15839,12.98481
44.518289089,-33.94314,-43.10471,15.00345,0.852995,-0.1710559,-0.1310682,-31.09894,24.15839,12.98481
44.52820158,-40.38469,-46.19206,12.97847,0.8471496,-0.1906301,-0.1517914,-31.09894,24.15839,12.98481
44.538113594,-47.94114,-47.99787,11.56712,0.8577936,-0.2261641,-0.2044638,-31.09894,24.15839,12.98481
44.548026085,-53.82525,-50.3862,10.89213,0.8770024,-0.2485401,-0.2648103,-29.97642,24.5383,14.26271
44.557938099,-55.18789,-51.43474,10.58532,0.8893056,-0.2220132,-0.321406,-29.97642,24.5383,14.26271
44.56785059,-51.7813,-47.88137,8.62170300000002,0.917271,-0.1365062,-0.3551862,-29.97642,24.5383,14.26271
44.577762604,-44.34873,-41.5319,4.571751,0.9186963,-0.01432745,-0.359187,-29.97642,24.5383,14.26271
44.590153217,-32.95213,-37.68727,-1.932717,0.889629,0.07300248,-0.27815,-28.84098,24.17268,16.44234
44.600066185,-25.086,-37.22126,-3.405427,0.8598826,0.02536244,-0.2306566,-28.84098,24.17268,16.44234
44.609978199,-18.27281,-41.12414,-1.196362,0.8596966,-0.04301824,-0.2335112,-28.84098,24.17268,16.44234
44.61989069,-14.37072,-50.15319,3.099041,0.8871527,-0.1089694,-0.208276,-28.84098,24.17268,16.44234
44.629802704,-15.42366,-54.7551,5.553557,0.9323722,-0.1338891,-0.1670864,-28.84098,24.17268,16.44234
44.639715195,-19.69739,-53.53181,8.00807399999998,0.9737978,-0.1458741,-0.1469026,-28.45429,23.80675,18.56162
44.649627209,-31.34174,-52.65803,16.10798,0.9151639,0.0009606302,-0.1136917,-28.45429,23.80675,18.56162
44.659539699,-42.61446,-58.54148,30.83507,0.8802226,0.06575691,-0.2502621,-28.45429,23.80675,18.56162
44.669451713,-20.31677,-63.7258999999997,53.60071,0.9315938,0.04762188,-0.411711,-28.45429,23.80675,18.56162
44.679364204,-10.71637,-70.77439,73.6663900000002,0.9030551,-0.08134107,-0.341723,-28.45429,23.80675,18.56162
44.689277172,-37.53555,-50.3862,74.8322799999999,1.206901,-0.4183745,-0.336695,-27.32718,24.19189,21.12441
44.699189186,-62.6823900000001,-14.736,58.5097499999999,1.235879,-0.5913299,-0.1931074,-27.32718,24.19189,21.12441
44.709100723,-59.7713099999999,9.96283000000002,34.63958,1.134567,-0.4258447,-0.2943021,-27.32718,24.19189,21.12441
44.719013691,-19.26382,10.25409,27.33739,0.8940736,-0.3688358,-0.409817,-27.32718,24.19189,21.12441
44.728926182,43.41749,17.8851,28.68737,0.9343544,-0.4901883,-0.5339185,-27.32718,24.19189,21.12441
44.738838196,101.1437,29.59374,36.91,1.215576,-0.6080954,-0.6664674,-25.45267,24.1957,22.01411
44.748750687,103.9929,21.55497,30.40553,1.439665,-0.3830423,-0.6281477,-25.45267,24.1957,22.01411
44.758662701,43.97493,8.73953799999999,-2.730435,1.43975,0.04379661,-0.501424,-25.45267,24.1957,22.01411
44.768575191,-34.62445,18.1181,-37.64593,1.236729,0.2121736,-0.3610995,-25.45267,24.1957,22.01411
44.778487205,-94.9521200000001,32.44809,-55.68663,1.034237,0.2396105,-0.2865401,-25.45267,24.1957,22.01411
44.788400173,-100.8362,36.23447,-59.0615799999999,1.028759,0.1751102,-0.2763557,-25.10564,26.06531,21.17121
44.798312187,-41.31377,39.67133,-47.52536,1.181328,0.1653289,-0.1918835,-25.10564,26.06531,21.17121
44.808224678,34.99392,30.70053,-28.50286,1.30632,0.2112008,-0.06117051,-25.10564,26.06531,21.17121
44.818136692,67.2636299999998,50.85571,-27.7665,1.334258,0.2498822,0.03822156,-25.10564,26.06531,21.17121
44.828049183,37.28562,72.8166999999997,-40.28453,1.259916,0.2479389,-0.2515996,-25.10564,26.06531,21.17121
44.837961197,-20.62646,71.7681599999998,-52.67984,1.056036,0.1685513,-0.4850403,-26.20093,23.81581,20.73426
44.847873688,-82.6264500000001,48.40913,-59.8592999999999,0.8329626,0.06766348,-0.5172605,-26.20093,23.81581,20.73426
44.857786655,-114.8962,27.38017,-65.6274099999999,0.8341003,-0.07856502,-0.4822333,-26.20093,23.81581,20.73426
44.870176315,-93.09398,22.89477,-57.2207,0.9459246,-0.2247787,-0.4299837,-26.20093,23.81581,20.73426
44.880088806,-46.39268,29.94325,-57.4047900000002,1.04343,-0.3183199,-0.3772507,-26.20093,23.81581,20.73426
44.89000082,2.290622,47.65185,-61.3933800000002,1.105157,-0.3426045,-0.3467731,-28.07383,23.81384,20.29428
44.899913788,41.55935,63.4963800000002,-64.4001500000002,1.078176,-0.3032354,-0.3568248,-28.07383,23.81384,20.29428
44.909825802,67.2016999999998,69.61284,-65.4433200000003,1.047331,-0.2814516,-0.3828031,-28.07383,23.81384,20.29428
44.919738293,75.9349599999998,68.27304,-62.5592699999998,1.027606,-0.2790957,-0.3485137,-28.07383,23.81384,20.29428
44.929650307,69.6792199999998,69.0303199999999,-58.6934099999997,1.023373,-0.2866201,-0.2933065,-28.07383,23.81384,20.29428
44.939562798,57.16774,73.0497100000002,-52.74121,1.034033,-0.3509175,-0.2827898,-29.53182,20.43713,19.02756
44.949475288,50.72618,77.5351000000003,-48.87534,1.027218,-0.414154,-0.3061956,-29.53182,20.43713,19.02756
44.959387302,55.30959,77.7681100000001,-46.789,1.025009,-0.4308956,-0.3504613,-29.53182,20.43713,19.02756
44.96930027,68.8740200000003,78.6418899999998,-45.00948,1.045508,-0.4423648,-0.3675328,-29.53182,20.43713,19.02756
44.979211807,86.8979900000002,77.0690799999999,-43.6595,1.034329,-0.4246706,-0.3879583,-29.53182,20.43713,19.02756
44.989124775,100.7721,73.2244600000002,-44.6413,1.019975,-0.4190853,-0.3983519,-32.53967,20.4212,15.18845
44.999036789,102.878,69.9623499999997,-44.6413,1.04155,-0.4219502,-0.3481539,-32.53967,20.4212,15.18845
45.00894928,89.7471500000001,72.9332000000001,-40.40726,1.072958,-0.4375878,-0.2601994,-32.53967,20.4212,15.18845
45.018861294,67.2016999999998,79.3409099999998,-35.13005,1.05253,-0.4533895,-0.172727,-32.53967,20.4212,15.18845
45.028773785,43.85106,84.40884,-30.22102,1.015054,-0.4905953,-0.1515013,-32.53967,20.4212,15.18845
45.038685799,31.27763,82.8360300000001,-23.71655,0.9662768,-0.529682,-0.1854018,-34.04265,20.0342,12.17789
45.04859829,37.59531,79.1079100000001,-17.39617,0.979037,-0.5546247,-0.2577097,-34.04265,20.0342,12.17789
45.058510304,61.5034,76.5448200000002,-9.90989499999997,0.9828488,-0.5780424,-0.2948732,-34.04265,20.0342,12.17789
45.068422794,96.7461499999999,79.3991700000002,-3.03725,0.9935558,-0.568426,-0.3362017,-34.04265,20.0342,12.17789
45.078335762,132.6083,79.7486799999999,0.583161800000002,1.055689,-0.5083663,-0.3104477,-34.04265,20.0342,12.17789
45.088247776,154.2866,80.9137200000002,-0.3986447,1.142609,-0.1717527,-0.2139377,-35.17597,19.642,7.880495
45.098160267,152.6762,86.21465,-4.9395,1.050365,-0.241354,-0.230834,-35.17597,19.642,7.880495
45.108072281,136.1387,90.46704,4.080848,1.002192,-0.471577,-0.2866603,-35.17597,19.642,7.880495
45.117984772,119.4155,82.0205099999997,13.03983,0.9581435,-0.405817,-0.3088624,-35.17597,19.642,7.880495
45.127896786,120.4065,73.2244600000002,4.080848,0.9770265,-0.4000699,-0.3680582,-35.17597,19.642,7.880495
45.137809277,130.1927,69.78759,0.889976299999999,1.013651,-0.4791302,-0.2748126,-35.96088,21.12097,3.125669
45.150199413,129.0159,80.56421,4.817203,1.042486,-0.398297,-0.2769416,-35.96088,21.12097,3.125669
45.160111904,124.4325,83.9428200000002,6.28991200000003,0.9927297,-0.3995963,-0.3144225,-35.96088,21.12097,3.125669
45.170024872,121.4594,81.2049800000003,7.701259,0.9576072,-0.4199942,-0.3300788,-35.96088,21.12097,3.125669
45.179936409,130.3166,75.2632800000001,10.09441,0.9614078,-0.4192757,-0.3877282,-35.96088,21.12097,3.125669
45.189849377,152.4285,72.9332000000001,10.46259,0.9860918,-0.3564166,-0.3865774,-36.36021,21.47253,-2.527067
45.199761391,177.1417,75.6127899999998,9.48078300000003,0.9917615,-0.2791332,-0.3630674,-36.36021,21.47253,-2.527067
45.209673882,194.6702,80.1564399999998,6.53536400000002,1.00498,-0.2260367,-0.3469907,-36.36021,21.47253,-2.527067
45.219585896,200.2446,86.91367,3.528581,1.044985,-0.1882598,-0.2640416,-36.36021,21.47253,-2.527067
45.229498386,190.9539,85.39912,5.86037199999999,0.9816852,-0.1635521,-0.2090337,-36.36021,21.47253,-2.527067
45.2394104,177.5134,78.4088799999999,6.65808999999999,0.942402,-0.1780265,-0.1943621,-36.75446,21.44976,-8.114403
45.249322891,171.3196,72.7001900000002,6.84217800000002,0.958343,-0.1642672,-0.1972988,-36.75446,21.44976,-8.114403
45.259234905,171.3815,67.7487700000001,8.06943700000002,0.9741731,-0.1247119,-0.1808563,-36.75446,21.44976,-8.114403
45.269147873,171.0718,62.6225999999999,5.553557,0.9499334,-0.1371048,-0.1749528,-36.75446,21.44976,-8.114403
45.279060364,167.4175,59.1274899999999,4.694477,1.031922,-0.04445936,-0.1774946,-36.75446,21.44976,-8.114403
45.288972378,164.3206,63.61288,10.95349,1.029607,0.009227422,-0.1972822,-35.26263,20.30361,-13.64376
45.298884869,161.9669,69.5545899999998,12.67165,1.019741,0.01735255,-0.1961765,-35.26263,20.30361,-13.64376
45.308796883,160.7901,72.5254400000002,14.94208,1.006192,0.005547483,-0.1961299,-35.26263,20.30361,-13.64376
45.318709374,160.852,72.4089300000001,17.15115,1.009188,0.02220191,-0.1705982,-35.26263,20.30361,-13.64376
45.328621388,162.6482,71.7681599999998,18.56249,1.035623,0.0562073,-0.1278821,-35.26263,20.30361,-13.64376
45.338533878,165.931,71.3021499999997,19.48294,1.057162,0.09648995,-0.07835662,-34.51657,19.16053,-18.3983
45.348445892,166.4265,71.82641,19.29885,1.061507,0.1370041,-0.03635313,-34.51657,19.16053,-18.3983
45.35835886,161.7811,71.4186500000001,18.50113,1.00206,0.1985546,0.008301105,-34.51657,19.16053,-18.3983
45.368270874,156.4544,64.7196700000001,16.10798,0.9521986,0.2596399,0.03365725,-34.51657,19.16053,-18.3983
45.378183365,143.6333,64.3701599999998,22.12154,0.9515738,0.309071,0.03063123,-34.51657,19.16053,-18.3983
45.388095856,126.6003,66.5254800000002,23.77834,0.9229829,0.3049414,0.05103478,-33.75111,16.51908,-23.14822
45.39800787,107.4614,64.5449099999998,25.61923,0.8980563,0.2541511,0.04036346,-33.75111,16.51908,-23.14822
45.407920361,94.4544399999998,58.19546,27.39875,0.8791876,0.2106021,0.009037553,-33.75111,16.51908,-23.14822
45.417832375,89.7471500000001,51.32172,29.7919,0.8887282,0.1847467,-0.04452049,-33.75111,16.51908,-23.14822
45.430222988,90.9239700000001,48.52563,30.09872,0.9049566,0.1827974,-0.08549701,-33.75111,16.51908,-23.14822
45.440135002,87.8270599999999,47.18584,32.67596,0.8719898,0.1969139,-0.08893935,-32.23716,14.25777,-26.55404
45.450047493,78.3505499999998,42.00141,34.21003,0.7914311,0.2162055,-0.1019904,-32.23716,14.25777,-26.55404
45.459959507,64.6622400000001,33.38012,35.68274,0.7206096,0.2199878,-0.1373221,-32.23716,14.25777,-26.55404
45.469872475,49.79711,21.61322,38.81225,0.643737,0.2048251,-0.1650415,-32.23716,14.25777,-26.55404
45.479784489,35.73717,10.89486,41.94176,0.5920257,0.1744817,-0.1887733,-32.23716,14.25777,-26.55404
45.48969698,25.08382,-1.279799,45.6849,0.5574675,0.1424218,-0.2107546,-30.35752,13.12708,-28.29492
45.49960947,19.5094,-14.26999,46.97352,0.5156506,0.1412807,-0.2367842,-30.35752,13.12708,-28.29492
45.509521484,19.44746,-27.49318,47.03488,0.5263262,0.1525925,-0.2315258,-30.35752,13.12708,-28.29492
45.519433975,23.65925,-40.77463,45.6849,0.5666569,0.1590711,-0.2011255,-30.35752,13.12708,-28.29492
45.529345989,26.07483,-50.85222,44.39628,0.6109453,0.1227045,-0.1211108,-29.60253,12.37428,-29.19593
45.53925848,24.03088,-54.98811,45.13263,0.6575289,0.04800234,-0.05289647,-29.60253,12.37428,-29.19593
45.549170494,21.92498,-56.85217,45.50081,0.6813973,-0.02319505,-0.002214592,-29.60253,12.37428,-29.19593
45.559083462,20.99591,-61.2210699999997,46.35989,0.6705073,-0.05802422,0.03942785,-29.60253,12.37428,-29.19593
45.568995476,15.04986,-66.40549,47.8326,0.6830893,-0.09279798,0.1288694,-29.60253,12.37428,-29.19593
45.578907967,2.724188,-74.9102800000001,48.56895,0.7273782,-0.1435589,0.144447,-29.61572,13.87972,-27.46594
45.588819981,-18.52057,-85.7451500000002,55.38024,0.8612961,-0.1806695,0.333104,-29.61572,13.87972,-27.46594
45.598732471,-62.8062700000001,-80.3277099999998,63.8483200000002,1.126224,-0.1946741,0.7358141,-29.61572,13.87972,-27.46594
45.608644962,-131.4956,-69.1433299999999,69.4937100000001,1.369215,-0.2793857,1.30055,-29.61572,13.87972,-27.46594
45.618556976,-190.5225,-23.7068,74.0345599999998,2.163496,-0.7308955,2.361429,-29.61572,13.87972,-27.46594
45.628469944,-188.3547,15.67152,102.1388,3.124853,-1.467076,1.977912,-30.74385,15.01388,-24.89378
45.638381481,-99.7832899999999,-67.2792700000003,63.2960500000002,2.964665,-0.5014439,0.2683003,-30.74385,15.01388,-24.89378
45.648294449,-8.42466199999997,-68.1530499999999,-85.7544499999999,2.032731,0.6072635,0.2382101,-30.74385,15.01388,-24.89378
45.658206463,100.5863,-9.49332599999999,-149.5105,1.198261,0.8161109,-0.210272,-30.74385,15.01388,-24.89378
45.668118954,229.2316,45.96254,-102.0156,0.4949504,1.185942,-0.3165418,-30.74385,15.01388,-24.89378
45.678030968,277.6672,98.5058100000003,-47.27991,0.0852074,1.09669,-0.1803432,-31.16525,19.14146,-23.16992
45.687943458,244.0968,96.5834999999998,-37.89138,-0.2016603,1.004891,-0.1763811,-31.16525,19.14146,-23.16992
45.697855472,154.6582,16.13754,-30.77328,-0.236265,0.3494357,-0.4560385,-31.16525,19.14146,-23.16992
45.707767963,-6.38070599999998,-59.9977799999998,-2.423621,0.2208291,-0.4189595,-0.6031904,-31.16525,19.14146,-23.16992
45.720158577,-275.1919,-119.7643,47.77124,0.7168246,-0.2297784,-0.9373461,-31.16525,19.14146,-23.16992
45.730070591,-404.6424,-146.5602,65.62785,1.253561,-0.4479815,-0.9231167,-32.23418,14.26117,-25.71886
45.739983559,-361.7813,-134.3855,78.5140499999998,1.702217,-1.012812,-0.03409342,-32.23418,14.26117,-25.71886
45.749895096,-20.13095,-77.2986099999998,83.239,1.953399,-1.328117,1.297283,-32.23418,14.26117,-25.71886
45.759808063,126.6622,18.93363,39.79406,1.434712,-0.861035,0.4265023,-32.23418,14.26117,-25.71886
45.769720077,122.4504,14.38998,-4.878137,1.022593,-0.283576,0.01546273,-32.23418,14.26117,-25.71886
45.779632568,84.1727199999999,-24.63884,-26.53924,0.9345588,0.08770148,-0.07584082,-33.00124,16.90079,-21.41866
45.789544582,37.78113,-39.78434,-25.06653,0.9482253,0.3727031,-0.1259256,-33.00124,16.90079,-21.41866
45.799457073,20.31459,-36.87175,-17.70299,0.9286553,0.3461107,-0.1580924,-33.00124,16.90079,-21.41866
45.809369564,24.40251,-32.96886,-13.83712,0.8459295,0.2567532,-0.08061716,-33.00124,16.90079,-21.41866
45.819281578,21.86304,-35.06594,-7.394016,0.7962881,0.06895902,0.008380441,-33.00124,16.90079,-21.41866
45.829194546,14.67823,-39.90085,0.0922585699999997,0.7819089,-0.1359345,-0.01253807,-33.37389,16.90259,-20.967
45.83910656,17.65126,-43.86198,1.626331,0.8951159,-0.250963,-0.02731562,-33.37389,16.90259,-20.967
45.849019051,25.70321,-42.58044,2.546775,1.073483,-0.2770658,0.02655926,-33.37389,16.90259,-20.967
45.858931065,30.906,-32.61935,2.608138,1.19206,-0.1388783,0.116653,-33.37389,16.90259,-20.967
45.868843555,29.23367,-20.73595,5.92173499999998,1.146846,0.05993397,0.1366416,-33.37389,16.90259,-20.967
45.878755569,21.86304,-18.40588,13.16256,0.999589,0.1665727,0.1113449,-34.11457,16.53134,-20.12677
45.88866806,10.83807,-28.83298,19.0534,0.9272715,0.1864191,0.09197929,-34.11457,16.53134,-20.12677
45.898580551,-3.159927,-42.7552,23.71698,0.9409417,0.1809745,0.1311896,-34.11457,16.53134,-20.12677
45.908492565,-18.76832,-50.15319,24.45333,0.9801542,0.1310307,0.1295339,-34.11457,16.53134,-20.12677
45.918405533,-34.00507,-51.60949,22.18291,0.9855873,0.03186244,0.06640241,-34.11457,16.53134,-20.12677
45.928317547,-43.29578,-50.3862,18.3784,0.9500755,-0.1070264,-0.07824193,-34.48424,16.53654,-18.83993
45.938230038,-40.75632,-48.17263,14.63527,0.9364837,-0.2005654,-0.2256678,-34.48424,16.53654,-18.83993
45.948142052,-27.6874,-45.7843,12.61029,0.9583987,-0.2481407,-0.2900485,-34.48424,16.53654,-18.83993
45.958054543,-10.40668,-40.19211,11.13758,1.013795,-0.2671256,-0.2508341,-34.48424,16.53654,-18.83993
45.967966557,3.28163,-31.22131,10.46259,1.069571,-0.286889,-0.1756166,-34.48424,16.53654,-18.83993
45.977879047,11.95296,-23.88156,9.05124299999999,1.067378,-0.3267795,-0.1023979,-34.85714,16.91816,-17.10454
45.987791061,18.51839,-21.08547,7.21035599999999,1.028088,-0.3824725,-0.08896112,-34.85714,16.91816,-17.10454
46.000181675,28.49042,-26.09513,4.878565,0.9721459,-0.3591331,-0.1286216,-34.85714,16.91816,-17.10454
46.010094166,37.4095,-32.50285,2.976315,0.9541065,-0.288858,-0.1841651,-34.85714,16.91816,-17.10454
46.02000618,45.33757,-38.03679,0.828613499999998,0.9646758,-0.2234639,-0.2212795,-34.85714,16.91816,-17.10454
46.029919147,52.27463,-41.24064,-0.950910899999997,0.998915,-0.1549935,-0.2830804,-35.6186,18.04372,-16.65439
46.039831162,59.4594499999999,-41.00764,-2.116806,1.028395,-0.06895543,-0.3115893,-35.6186,18.04372,-16.65439
46.049743652,65.0338699999997,-36.98825,-2.178169,1.045247,0.005020495,-0.2982881,-35.6186,18.04372,-16.65439
46.059655666,64.4144800000002,-31.39606,-1.257725,1.050224,0.0790255,-0.2507856,-35.6186,18.04372,-16.65439
46.069568157,54.13277,-26.79416,0.03089567,1.050632,0.1389898,-0.1884495,-35.6186,18.04372,-16.65439
46.079480171,34.74616,-23.18254,2.117234,1.040427,0.1542644,-0.1167098,-34.86064,17.67441,-15.37224
46.089392662,12.82009,-24.17282,6.044461,1.003543,0.1141916,-0.08878645,-34.86064,17.67441,-15.37224
46.09930563,-4.64644,-31.16305,10.52395,0.9580311,0.04483012,-0.07826415,-34.86064,17.67441,-15.37224
46.109217167,-13.19389,-38.85231,11.9353,0.9634265,0.0036911,-0.07714764,-34.86064,17.67441,-15.37224
46.119130135,-14.43265,-41.70666,11.87394,0.9769397,-0.02037184,-0.07503213,-34.86064,17.67441,-15.37224
46.129042149,-12.32676,-39.20182,11.32167,1.003004,-0.04289641,-0.08694704,-35.59945,16.92516,-15.36604
46.138954639,-9.53954700000003,-36.11447,11.01486,1.009326,-0.07015187,-0.1222386,-35.59945,16.92516,-15.36604
46.148866653,-7.929157,-33.60964,10.52395,1.002004,-0.1053595,-0.1622586,-35.59945,16.92516,-15.36604
46.158779144,-7.062024,-31.22131,8.98988099999998,0.9764472,-0.1467215,-0.2232779,-35.59945,16.92516,-15.36604
46.168691158,-6.56652,-33.26012,8.31488799999999,0.9543188,-0.1277982,-0.2608797,-35.59945,16.92516,-15.36604
46.178603649,-5.389697,-34.89118,6.53536400000002,0.9582047,-0.1248358,-0.2599356,-35.97075,17.30861,-13.18093
46.188515663,-4.708378,-35.29894,5.124017,0.9753696,-0.09825335,-0.2239053,-35.97075,17.30861,-13.18093
46.198428631,-6.93814800000003,-32.50285,3.589944,0.9896003,-0.09194731,-0.1639751,-35.97075,17.30861,-13.18093
46.208341122,-11.27381,-28.83298,3.037678,0.9872784,-0.1180071,-0.1348377,-35.97075,17.30861,-13.18093
46.218253136,-15.17591,-27.66794,3.651307,0.9715377,-0.1501988,-0.1339462,-35.97075,17.30861,-13.18093
46.228165627,-16.60048,-29.35724,4.449025,0.9506458,-0.1835634,-0.1599038,-36.72113,17.68655,-12.34301
46.238077641,-15.9811,-31.97858,4.264936,0.9450334,-0.1944842,-0.1954564,-36.72113,17.68655,-12.34301
46.247990131,-13.93715,-35.53195,4.387662,0.9602503,-0.2254832,-0.2260536,-36.72113,17.68655,-12.34301
46.257902145,-12.14094,-36.05622,5.86037199999999,0.9748431,-0.2229,-0.2304928,-36.72113,17.68655,-12.34301
46.267814636,-9.72536099999999,-34.94943,5.98309800000002,0.9975864,-0.2129799,-0.2421608,-36.72113,17.68655,-12.34301
46.28020525,-5.203883,-33.49313,6.84217800000002,1.004555,-0.1906393,-0.2516796,-36.72299,18.06454,-11.50898
46.290117264,-4.956131,-26.5029,8.43761400000001,1.011103,-0.1860698,-0.2277018,-36.72299,18.06454,-11.50898
46.300030232,-7.61946700000001,-19.74567,8.92851700000003,0.9993997,-0.1179164,-0.2401038,-36.72299,18.06454,-11.50898
46.309942246,-12.69839,-15.84279,7.21035599999999,0.9853855,-0.07923164,-0.226272,-36.72299,18.06454,-11.50898
46.319854736,-20.06902,-14.736,7.88534800000001,0.9663402,-0.07457978,-0.2183824,-36.72299,18.06454,-11.50898
46.32976675,-28.6784,-18.23112,10.89213,0.9551178,-0.1071429,-0.2064916,-36.71702,18.07134,-9.838623
46.339679241,-38.34074,-23.7068,14.083,0.952433,-0.1458262,-0.1798356,-36.71702,18.07134,-9.838623
46.349591255,-46.76431,-26.79416,17.02842,0.9757374,-0.1692727,-0.1758859,-36.71702,18.07134,-9.838623
46.359503746,-51.53354,-27.60969,18.93067,0.9988262,-0.1874655,-0.1867841,-36.71702,18.07134,-9.838623
46.36941576,-51.90517,-24.75534,20.64883,1.028659,-0.2041622,-0.2058974,-36.71702,18.07134,-9.838623
46.379328251,-49.48959,-18.93014,22.06018,1.035277,-0.1929753,-0.2150071,-37.09291,18.44956,-8.938406
46.389241219,-46.33075,-12.58068,23.41016,1.024934,-0.1970449,-0.2269425,-37.09291,18.44956,-8.938406
46.399153233,-44.53454,-10.07585,24.39197,1.001732,-0.1920817,-0.2425401,-37.09291,18.44956,-8.938406
46.409065724,-47.63145,-9.43507399999997,26.78512,0.9734762,-0.1816512,-0.220122,-37.09291,18.44956,-8.938406
46.418977738,-55.49758,-8.561295,28.07374,0.9612255,-0.1686474,-0.207438,-37.09291,18.44956,-8.938406
46.428890228,-65.53155,-7.92052300000001,28.56465,0.9443365,-0.1638668,-0.1798809,-36.35434,19.57864,-7.660868
46.438802242,-73.4596200000002,-6.93023899999998,27.82829,0.94823,-0.1462663,-0.1610735,-36.35434,19.57864,-7.660868
46.448714733,-77.9810899999997,-5.76519999999999,26.41694,0.950078,-0.08557056,-0.1482021,-36.35434,19.57864,-7.660868
46.458626747,-80.8921800000002,-3.027358,25.68059,0.9580774,-0.03660928,-0.1690769,-36.35434,19.57864,-7.660868
46.468539238,-82.9980800000003,-1.279799,26.29422,0.9544845,-0.02430608,-0.2188981,-36.35434,19.57864,-7.660868
46.478451252,-84.4845900000002,-1.745815,28.62601,0.9471509,-0.0514751,-0.2982374,-36.73856,20.70762,-6.377491
46.48836422,-85.0420299999998,-3.959389,29.7919,0.9148899,-0.1074837,-0.3626534,-36.73856,20.70762,-6.377491
46.498276711,-81.75932,-7.27975100000002,29.7919,0.8938925,-0.1501715,-0.4097991,-36.73856,20.70762,-6.377491
46.508188725,-74.0170599999998,-11.64865,30.03736,0.8861638,-0.1924109,-0.4023265,-36.73856,20.70762,-6.377491
46.518101215,-63.3017699999999,-13.97873,32.1237,0.9094795,-0.184632,-0.3607166,-36.73856,20.70762,-6.377491
46.528013229,-55.12595,-12.87194,32.36915,0.9533927,-0.1138854,-0.2871871,-36.7469,21.83847,-4.646347
46.53792572,-54.073,-5.998208,29.23964,0.9854379,-0.03359898,-0.215405,-36.7469,21.83847,-4.646347
46.547837734,-61.1958800000001,1.108532,27.1533,0.9717581,-0.05644315,-0.1933434,-36.7469,21.83847,-4.646347
46.557750702,-71.7253499999997,3.788122,27.27603,0.9203769,-0.1251515,-0.229818,-36.7469,21.83847,-4.646347
46.570141315,-81.0160600000002,-0.1730116,29.36236,0.870363,-0.1697513,-0.2954342,-35.63732,23.344,-2.922196
46.580052853,-78.7862899999998,-6.17296399999999,32.06233,0.8460018,-0.1619679,-0.3254071,-35.63732,23.344,-2.922196
46.58996582,-65.8412399999999,-10.36711,34.82366,0.8822166,-0.1539418,-0.3607401,-35.63732,23.344,-2.922196
46.599877834,-37.96911,-7.39625499999999,43.90537,0.8991956,-0.1074649,-0.4148454,-35.63732,23.344,-2.922196
46.609790325,-1.673414,-2.037075,47.89396,0.9102342,-0.09962712,-0.4259389,-35.63732,23.344,-2.922196
46.619702339,18.58033,3.671618,53.17117,0.9624918,-0.07191736,-0.2567417,-35.26171,23.72568,-1.190692
46.62961483,-24.96212,49.51591,54.9507,1.032207,0.006199264,0.1479073,-35.26171,23.72568,-1.190692
46.639526844,-67.5135700000001,79.2244099999999,51.57574,0.8781993,-0.0538061,-0.3014565,-35.26171,23.72568,-1.190692
46.649439335,-61.3197600000001,73.5739699999999,47.46442,0.8089561,-0.08554836,-0.2722181,-35.26171,23.72568,-1.190692
46.659352302,-61.3816900000001,65.6516999999999,46.97352,0.6906014,-0.1877534,-0.1556062,-35.26171,23.72568,-1.190692
46.669264316,-76.0610099999999,41.7684,39.54861,0.6887254,-0.1775102,-0.3264569,-34.91491,25.59503,-2.097832
46.679176807,-63.3017699999999,12.11815,43.16902,0.7267386,-0.1834483,-0.4411257,-34.91491,25.59503,-2.097832
46.689088821,-53.76331,-16.60007,39.18043,0.7335459,-0.1826552,-0.4916,-34.91491,25.59503,-2.097832
46.699001312,-59.4616100000003,-31.33781,36.29637,0.8239185,-0.006958975,-0.5805747,-34.91491,25.59503,-2.097832
46.708913326,-70.48659,-45.72604,37.46227,0.8142529,0.05101769,-0.5969046,-34.91491,25.59503,-2.097832
46.718825817,-84.4226499999999,-50.79396,31.75552,0.8292087,0.007217668,-0.4772952,-33.05357,26.72419,-0.8261318
46.728737831,-108.1449,-48.63864,33.41232,0.9295611,0.09388997,-0.4603601,-33.05357,26.72419,-0.8261318
46.738650322,-112.2948,-61.4540800000002,30.22145,0.8948291,0.02418753,-0.4480192,-33.05357,26.72419,-0.8261318
46.748562336,-113.7194,-63.3181399999999,16.10798,1.006949,0.04665091,-0.3125415,-33.05357,26.72419,-0.8261318
46.758475304,-117.3118,-56.56091,4.080848,1.019305,0.06613681,-0.3245299,-33.05357,26.72419,-0.8261318
46.768387794,-116.4446,-53.1823,-2.362258,1.046212,-0.09472542,-0.3685845,-32.31689,28.61135,2.633416
46.778299808,-114.9581,-39.31833,12.85574,1.254038,-0.5306159,-0.496811,-32.31689,28.61135,2.633416
46.788212299,-111.118,-10.48361,60.2279100000001,1.176052,-1.016549,-0.6121643,-32.31689,28.61135,2.633416
46.798124313,-107.6494,-30.58053,-25.92562,0.9260983,-0.8388401,-1.365398,-32.31689,28.61135,2.633416
46.808036804,-82.6264500000001,-162.3465,-85.2635400000002,1.165327,-0.8501832,-1.510293,-32.31689,28.61135,2.633416
46.817948818,-87.3337399999999,-246.8701,-108.5201,1.309536,-0.3978844,-0.7466025,-31.92885,28.62707,6.486147
46.827861309,-133.4776,-201.6665,-135.6425,1.029359,-0.08722136,-0.0961289,-31.92885,28.62707,6.486147
46.837773323,-156.9521,-115.0459,-134.1084,1.797246,-0.000447757,-0.2625451,-31.92885,28.62707,6.486147
46.850163937,-123.2578,-29.24074,6.35127500000001,1.613281,0.1269374,-0.2191816,-31.92885,28.62707,6.486147
46.860076904,-55.3737,7.10848400000002,8.31488799999999,1.151246,0.2033767,0.01847732,-31.92885,28.62707,6.486147
46.869988918,-2.726361,33.32187,-20.58704,1.072286,-0.1347616,0.07649449,-31.86848,26.03496,13.88236
46.879901409,19.5094,17.76859,-11.44397,0.9972402,-0.1933729,0.08063933,-31.86848,26.03496,13.88236
46.889813423,4.644268,-2.153579,-2.116806,1.012355,0.006049655,0.1668161,-31.86848,26.03496,13.88236
46.899725914,-44.59648,-4.658412,-3.159976,1.125328,0.1391747,0.2290788,-31.86848,26.03496,13.88236
46.909637928,-107.2159,4.836657,-4.878137,1.20584,0.1213222,0.2392589,-31.86848,26.03496,13.88236
46.919550419,-158.7483,18.29286,-2.730435,1.129753,0.02217826,0.1898458,-32.21712,24.16353,14.27554
46.929462433,-185.01,29.885,-9.54171799999998,1.049673,-0.0968178,0.06159134,-32.21712,24.16353,14.27554
46.939374924,-188.6024,41.12763,-18.43934,1.018984,-0.2181195,-0.06905583,-32.21712,24.16353,14.27554
46.949287891,-175.6574,57.37993,-28.07332,0.990218,-0.2633156,-0.1137456,-32.21712,24.16353,14.27554
46.959199905,-151.2538,79.0496500000003,-38.75046,0.9320197,-0.2491769,-0.1457639,-32.21712,24.16353,14.27554
46.969112396,-121.2758,95.65147,-44.82539,0.8756232,-0.2233865,-0.1791618,-32.57224,23.04494,15.56584
46.97902441,-93.1559099999999,99.32133,-43.84358,0.8652686,-0.2367308,-0.2031628,-32.57224,23.04494,15.56584
46.988936901,-70.8582200000002,91.9233399999998,-38.44365,0.9015741,-0.2823072,-0.19708,-32.57224,23.04494,15.56584
46.998848915,-54.25882,85.3408699999998,-31.81645,0.9757727,-0.3431348,-0.1376715,-32.57224,23.04494,15.56584
47.008761406,-40.075,83.9428200000002,-25.31199,1.08984,-0.3706555,-0.10914,-32.57224,23.04494,15.56584
47.01867342,-25.64344,87.4961900000002,-22.91883,1.202122,-0.3425112,-0.09414567,-34.40126,19.67186,15.20049
47.028586388,-11.70738,100.1369,-24.63699,1.299795,-0.2981822,-0.101956,-34.40126,19.67186,15.20049
47.038498878,3.962949,119.8843,-25.43471,1.37661,-0.3035463,-0.199214,-34.40126,19.67186,15.20049
47.048410892,26.19871,139.1074,-27.70514,1.409579,-0.2923133,-0.3564557,-34.40126,19.67186,15.20049
47.058323383,51.53137,157.6316,-27.52105,1.375583,-0.2492247,-0.4739732,-34.40126,19.67186,15.20049
47.068235397,74.0768200000002,165.4956,-27.70514,1.308587,-0.206183,-0.6147135,-35.5025,17.03549,11.7452
47.078147888,84.6062899999998,158.3888,-26.84606,1.183684,-0.1749354,-0.6464812,-35.5025,17.03549,11.7452
47.088059902,79.7751200000001,150.9908,-24.69836,1.114597,-0.188308,-0.6281654,-35.5025,17.03549,11.7452
47.097972393,64.9099899999998,143.8258,-20.28023,1.089011,-0.1728515,-0.5778894,-35.5025,17.03549,11.7452
47.107884407,48.55835,139.1657,-17.21208,1.111734,-0.1395188,-0.4688816,-35.5025,17.03549,11.7452
47.117797375,36.1088,141.1463,-12.97804,1.183206,-0.1322306,-0.357137,-37.38729,16.25974,5.268526
47.130187988,27.93297,143.5346,-1.196362,1.241863,-0.1880819,-0.3292421,-37.38729,16.25974,5.268526
47.140100002,27.56135,147.1462,7.08763000000002,1.156787,-0.1942633,-0.2881632,-37.38729,16.25974,5.268526
47.150012493,28.67623,141.2045,11.87394,1.145417,-0.2325175,-0.3449715,-37.38729,16.25974,5.268526
47.159924507,24.83607,125.5347,21.2011,1.127877,-0.2227099,-0.374994,-37.38729,16.25974,5.268526
47.169836998,21.24366,115.0494,25.61923,1.136629,-0.2682307,-0.3854615,-39.27858,16.23685,-0.3110256
47.179749012,23.34956,112.7193,32.06233,1.202512,-0.3467338,-0.4422921,-39.27858,16.23685,-0.3110256
47.189661503,31.77314,115.9814,38.50544,1.257609,-0.3578304,-0.4707248,-39.27858,16.23685,-0.3110256
47.199574471,43.16973,119.826,43.47583,1.279041,-0.4266239,-0.5117146,-39.27858,16.23685,-0.3110256
47.209486008,61.2556499999997,128.4473,43.84401,1.244568,-0.4869317,-0.5583729,-39.27858,16.23685,-0.3110256
47.219398975,88.63226,136.8356,43.29174,1.20197,-0.4777386,-0.5531161,-39.30043,16.59209,-5.066281
47.229310989,122.9459,143.3016,43.84401,1.146252,-0.4794005,-0.5526118,-39.30043,16.59209,-5.066281
47.23922348,156.2686,149.185,44.0281,1.076729,-0.4637314,-0.5427415,-39.30043,16.59209,-5.066281
47.249135494,175.7172,148.02,40.83723,0.9740869,-0.3845088,-0.445713,-39.30043,16.59209,-5.066281
47.259047985,180.3006,138.9327,38.93498,0.8954427,-0.3449659,-0.3914247,-39.30043,16.59209,-5.066281
47.268959999,178.7521,128.2143,35.62138,0.8376578,-0.3184169,-0.3686261,-38.58805,17.69136,-11.11263
47.27887249,178.9379,116.0979,33.04414,0.821047,-0.303008,-0.3491635,-38.58805,17.69136,-11.11263
47.288784504,183.0878,104.098,32.43051,0.8309221,-0.2974698,-0.3333727,-38.58805,17.69136,-11.11263
47.298696995,189.0958,93.61265,33.53504,0.8374366,-0.277308,-0.2944058,-38.58805,17.69136,-11.11263
47.308609963,193.3695,85.6903800000001,35.43729,0.8500611,-0.2596339,-0.2824009,-38.58805,17.69136,-11.11263
47.318521977,193.4934,79.2826600000001,37.52363,0.8564948,-0.1934208,-0.2450471,-37.11997,17.65854,-19.21524
47.328434467,187.7951,72.5254400000002,40.34632,0.8556252,-0.1541128,-0.2361343,-37.11997,17.65854,-19.21524
47.338346481,178.0708,63.0303599999998,44.27355,0.8514586,-0.1162456,-0.2166372,-37.11997,17.65854,-19.21524
47.348258972,167.9749,52.71977,47.70987,0.8619789,-0.08696584,-0.2054958,-37.11997,17.65854,-19.21524
47.358170986,160.7281,44.5645,52.18937,0.8827524,-0.04780919,-0.1843001,-37.11997,17.65854,-19.21524
47.368083477,157.0119,39.72958,55.74841,0.8964066,-0.02375437,-0.159778,-34.86879,15.76457,-24.42496
47.377995491,155.5254,38.21503,57.5893,0.9041111,0.01091596,-0.1308088,-34.86879,15.76457,-24.42496
47.387908459,154.2866,37.1665,58.8165600000002,0.9119959,0.04080206,-0.08986919,-34.86879,15.76457,-24.42496
47.39782095,149.9509,35.94321,60.2279100000001,0.9049175,0.08839999,-0.05683588,-34.86879,15.76457,-24.42496
47.41021061,137.873,32.50634,61.5165300000002,0.9048042,0.1341947,-0.01427582,-33.34861,13.13023,-27.44417
47.420123577,126.7861,28.60346,62.2528800000001,0.9198387,0.1626131,0.006901426,-33.34861,13.13023,-27.44417
47.430035591,117.1238,24.81708,62.4983300000001,0.9404687,0.1736508,0.02887144,-33.34861,13.13023,-27.44417
47.439948082,109.0718,22.60351,61.63926,0.9430617,0.1888804,0.06111953,-33.34861,13.13023,-27.44417
47.449860096,101.5773,21.49672,60.2892699999999,0.9461795,0.1977935,0.0894794,-33.34861,13.13023,-27.44417
47.459772587,93.5253700000001,20.15692,58.5097499999999,0.94283,0.2090082,0.1097517,-32.59174,11.99945,-29.1792
47.469685078,85.8450500000001,19.4579,55.31887,0.9361287,0.2138756,0.1295326,-32.59174,11.99945,-29.1792
47.479597092,79.7131799999998,18.1181,51.69846,0.9228853,0.2136887,0.1253324,-32.59174,11.99945,-29.1792
47.489510059,74.3245699999999,16.13754,49.30531,0.9035891,0.1901655,0.1234336,-32.59174,11.99945,-29.1792
47.499422073,69.6172800000001,13.5162,47.89396,0.8989348,0.1585194,0.1093412,-32.59174,11.99945,-29.1792
47.509334564,65.15774,9.96283000000002,47.89396,0.8962629,0.1522774,0.1275703,-31.84596,11.61629,-31.30202
47.519246578,60.8220799999999,6.17645200000001,48.3235,0.8997992,0.1514039,0.1376151,-31.84596,11.61629,-31.30202
47.529159069,55.86704,3.555114,48.20078,0.8946969,0.1402607,0.1515127,-31.84596,11.61629,-31.30202
47.539071083,50.66424,0.5260119,48.63032,0.8887771,0.1057742,0.1537385,-31.84596,11.61629,-31.30202
47.548983574,50.1068,-1.221547,48.56895,0.8784719,0.05806979,0.1419921,-31.84596,11.61629,-31.30202
47.558896541,54.87603,-1.512807,48.07805,0.8633868,0.03060065,0.1169804,-30.71509,10.86536,-31.75526
47.568808079,59.4594499999999,-2.037075,47.52578,0.831051,0.02869962,0.108624,-30.71509,10.86536,-31.75526
47.578721046,56.23867,-3.784633,46.42125,0.8015864,0.04192474,0.1118655,-30.71509,10.86536,-31.75526
47.58863306,43.1078,-8.67779800000001,44.519,0.7758204,0.07752696,0.1205037,-30.71509,10.86536,-31.75526
47.598545551,20.87204,-15.84279,41.94176,0.7571259,0.1040643,0.1405399,-30.71509,10.86536,-31.75526
47.608457565,-0.1869005,-22.83302,38.5668,0.7545725,0.08129863,0.1509753,-31.08611,10.4889,-32.20187
47.618370056,-11.64544,-25.80387,33.41232,0.7633032,0.03137647,0.1332763,-31.08611,10.4889,-32.20187
47.62828207,-11.95513,-27.20192,29.60782,0.8020958,-0.02146435,0.1349663,-31.08611,10.4889,-32.20187
47.638194561,-6.00907800000001,-26.85241,26.53967,0.8264535,-0.03803008,0.1543171,-31.08611,10.4889,-32.20187
47.648107529,-0.9301572,-25.92038,24.82151,0.8610038,-0.03840897,0.1852054,-31.08611,10.4889,-32.20187
47.658019066,0.1227897,-24.87184,22.30563,0.8693232,-0.005618237,0.2242397,-31.46846,11.23989,-31.75252
47.667932033,-5.327759,-25.22136,20.46474,0.871657,0.01728147,0.2402159,-31.46846,11.23989,-31.75252
47.677844047,-14.24684,-25.86213,19.36021,0.8761376,-0.02408529,0.1995656,-31.46846,11.23989,-31.75252
47.687756538,-21.9891,-25.27961,19.11476,0.8834961,-0.03665498,0.2824811,-31.46846,11.23989,-31.75252
47.700146675,-24.83825,-23.76506,20.58747,0.9030454,-0.1071377,0.2943149,-31.46846,11.23989,-31.75252
47.710059166,-23.53755,-22.134,22.18291,0.8871989,-0.1403601,0.2836767,-32.22047,11.99608,-30.01633
47.719971657,-21.1839,-21.02721,22.98062,0.8693028,-0.1309771,0.2661388,-32.22047,11.99608,-30.01633
47.729883671,-23.59948,-19.68742,23.90107,0.8406829,-0.1065896,0.2694469,-32.22047,11.99608,-30.01633
47.739796162,-32.76632,-20.38644,24.51469,0.8019927,-0.07759791,0.2498312,-32.22047,11.99608,-30.01633
47.749708176,-49.05602,-24.11457,24.08516,0.7764131,-0.05019132,0.2670559,-32.22047,11.99608,-30.01633
47.759621143,-70.2388399999998,-30.93005,23.65561,0.7307606,-0.03695599,0.2176298,-32.60767,13.12167,-29.56813
47.76953268,-89.00607,-42.34743,22.24427,0.6959216,0.0400976,0.2006995,-32.60767,13.12167,-29.56813
47.779445648,-106.2868,-50.79396,19.78975,0.7317922,0.1396521,0.2389635,-32.60767,13.12167,-29.56813
47.789357662,-129.4516,-36.46398,18.07159,0.913725,0.148815,0.6339527,-32.60767,13.12167,-29.56813
47.799270153,-165.0041,1.225035,15.92389,1.297002,-0.1439193,0.950164,-32.60767,13.12167,-29.56813
47.809182644,-202.9721,-2.153579,31.32598,2.181587,-0.5835376,0.5323603,-32.99214,14.63048,-27.00102
47.819094658,-212.015,-37.39602,56.42341,3.877451,-0.6875038,1.370666,-32.99214,14.63048,-27.00102
47.829007149,-82.6264500000001,110.9717,32.18506,4.105098,-1.183216,1.626944,-32.99214,14.63048,-27.00102
47.838919163,143.8191,197.1846,-35.98913,0.8207518,-0.5882086,0.0983673,-32.99214,14.63048,-27.00102
47.84883213,222.7901,138.1172,-87.4726100000002,-0.6804424,0.4467072,-0.2645011,-32.99214,14.63048,-27.00102
47.858744144,152.924,37.74902,-78.8817999999998,-0.3863505,0.5229486,-0.1068203,-33.40866,18.00337,-26.62399
47.868656635,7.80310800000002,-78.4053999999999,-42.92314,-0.2326786,1.086549,-0.5303872,-33.40866,18.00337,-26.62399
47.878568649,-100.6504,-164.1523,-34.70051,0.3552385,0.9179258,-0.5215827,-33.40866,18.00337,-26.62399
47.88848114,-159.6774,-173.4726,-13.65303,0.877327,0.1925163,-0.6700095,-33.40866,18.00337,-26.62399
47.898393631,-198.4506,-137.2399,30.83507,1.567632,-0.7149308,-1.07857,-33.40866,18.00337,-26.62399
47.908305645,-212.8202,-58.7744800000002,40.2236,1.643786,-0.6313261,-0.6595387,-33.00023,15.3815,-26.55361
47.918218613,-175.3477,20.33168,44.15083,1.478423,-0.7114051,0.1913372,-33.00023,15.3815,-26.55361
47.92813015,6.44047100000002,44.73925,44.94854,1.593088,-0.6397587,1.204368,-33.00023,15.3815,-26.55361
47.938043118,51.09781,18.23461,20.64883,1.026756,-0.3048156,0.4915997,-33.00023,15.3815,-26.55361
47.947955132,4.706205,-31.1048,7.026268,0.8235108,0.04874904,0.1597241,-33.00023,15.3815,-26.55361
47.957867622,-57.04603,-63.5511499999998,-9.84853300000002,0.8279931,0.2627094,-0.01078865,-34.90298,18.76656,-23.1493
47.970258236,-90.3687099999997,-71.6481700000002,-18.68479,0.9312102,0.04696097,-0.1639502,-34.90298,18.76656,-23.1493
47.98017025,-69.0620199999998,-67.3957700000001,-18.74615,1.034281,-0.1442253,-0.2550064,-34.90298,18.76656,-23.1493
47.990082741,-31.83724,-54.17258,-15.67801,1.159089,-0.3386797,-0.2805037,-34.90298,18.76656,-23.1493
47.999994755,3.28163,-28.94948,-13.53031,1.211464,-0.3423677,-0.08894937,-34.90298,18.76656,-23.1493
48.009907246,21.49142,-7.33800299999997,-11.93487,1.155664,-0.2335883,-0.01472458,-34.53868,19.89561,-21.86982
48.01981926,20.25266,-6.17296399999999,-10.21671,0.9989291,-0.1059395,0.01398405,-34.53868,19.89561,-21.86982
48.029732227,4.768144,-21.02721,-7.08720199999999,0.9056706,-0.06656085,-0.02186332,-34.53868,19.89561,-21.86982
48.039643765,-12.82226,-38.85231,-1.503177,0.8836901,-0.09560506,-0.05354398,-34.53868,19.89561,-21.86982
48.049556732,-25.33375,-47.99787,3.71267,0.926778,-0.14747,-0.0610102,-34.53868,19.89561,-21.86982
48.059469223,-30.90817,-51.25998,4.633114,0.9657207,-0.1785299,-0.06685901,-35.65686,19.90075,-20.57908
48.069381237,-31.34174,-53.64831,3.037678,0.9917373,-0.167669,-0.09199549,-35.65686,19.90075,-20.57908
48.079293728,-28.6784,-54.46384,1.135428,1.041288,-0.1725785,-0.1294586,-35.65686,19.90075,-20.57908
48.089205742,-22.91817,-51.78425,1.196791,1.107053,-0.1755335,-0.1094397,-35.65686,19.90075,-20.57908
48.099118233,-16.35273,-40.83288,1.503605,1.135302,-0.1120606,0.001638419,-35.65686,19.90075,-20.57908
48.109030247,-8.73435200000001,-24.46408,-1.073637,1.098304,-0.08512402,0.04921554,-36.77345,20.2878,-17.49066
48.118943214,-2.850237,-15.66803,-3.589516,0.9992939,-0.03819311,0.08117399,-36.77345,20.2878,-17.49066
48.128855705,-3.345741,-19.1049,-2.730435,0.9289197,-0.009060387,0.07145543,-36.77345,20.2878,-17.49066
48.138767719,-13.87521,-29.18249,-0.03046724,0.9010148,0.01959285,0.05413853,-36.77345,20.2878,-17.49066
48.14868021,-29.17391,-41.35715,2.792227,0.914885,-0.04745957,-0.00693638,-36.77345,20.2878,-17.49066
48.158592224,-39.82725,-47.3571,4.14221,0.9509068,-0.1514719,-0.04925606,-37.13503,19.54198,-16.65122
48.168504715,-42.49059,-47.2406,2.914952,0.9927315,-0.2100785,-0.04475156,-37.13503,19.54198,-16.65122
48.178416729,-39.70338,-41.2989,1.258154,1.02417,-0.2596067,-0.04105084,-37.13503,19.54198,-16.65122
48.18832922,-32.085,-35.93972,0.0922585699999997,1.040294,-0.2759963,-0.06147579,-37.13503,19.54198,-16.65122
48.198241234,-20.50258,-31.33781,-1.073637,1.021517,-0.2285262,-0.02497403,-37.13503,19.54198,-16.65122
48.208154202,-10.71637,-27.08542,-2.914524,1.006647,-0.1785709,0.01390896,-37.89536,21.04893,-14.53187
48.218066692,-5.947139,-26.32814,-4.694048,0.9988533,-0.1381653,0.06418667,-37.89536,21.04893,-14.53187
48.227978706,-5.88520100000001,-27.20192,-7.20992699999999,1.002821,-0.1424773,0.06460141,-37.89536,21.04893,-14.53187
48.237891197,-8.176909,-30.52228,-7.70083,0.9992042,-0.1323774,0.05749977,-37.89536,21.04893,-14.53187
48.247803211,-10.53056,-33.37663,-7.88491900000001,0.9765019,-0.138622,0.02981894,-37.89536,21.04893,-14.53187
48.260193825,-11.21187,-34.54167,-7.02583799999998,0.9743032,-0.1429237,-0.04653454,-37.89214,21.05259,-13.63245
48.270105839,-9.663423,-36.87175,-3.89633,0.9762722,-0.1563114,-0.1085823,-37.89214,21.05259,-13.63245
48.28001833,-9.29179500000003,-36.52224,-1.56454,0.9842142,-0.1368878,-0.1219708,-37.89214,21.05259,-13.63245
48.289931297,-12.8842,-32.21159,0.460436,0.9941789,-0.1347176,-0.1014017,-37.89214,21.05259,-13.63245
48.299842835,-22.85623,-27.55143,-0.09183015,1.01098,-0.138808,-0.08910023,-37.89214,21.05259,-13.63245
48.309755802,-37.04004,-26.09513,-0.214556,1.020937,-0.1644468,-0.1018472,-38.62475,20.3104,-11.89164
48.319667816,-47.8792,-26.21164,-0.889547900000002,0.9957119,-0.14686,-0.1091793,-38.62475,20.3104,-11.89164
48.329580307,-49.55153,-26.26989,-2.914524,0.9899588,-0.1344393,-0.1311307,-38.62475,20.3104,-11.89164
48.339492321,-43.91516,-25.33786,-3.834968,0.9740159,-0.1211308,-0.144339,-38.62475,20.3104,-11.89164
48.349404812,-34.99608,-24.87184,-4.019056,0.964155,-0.1291007,-0.1615866,-38.62475,20.3104,-11.89164
48.359316826,-27.00608,-25.86213,-2.730435,0.9627343,-0.1461682,-0.1770522,-38.62363,20.69179,-10.22244
48.369229317,-21.1839,-27.31843,-1.932717,0.9671987,-0.1626653,-0.1901677,-38.62363,20.69179,-10.22244
48.379142284,-19.07801,-30.63879,-1.99408,0.9864038,-0.1716242,-0.187524,-38.62363,20.69179,-10.22244
48.389054298,-22.60847,-31.27956,-0.3986447,0.9899129,-0.1703125,-0.1299287,-38.62363,20.69179,-10.22244
48.398966789,-31.71337,-27.20192,-0.889547900000002,0.9962173,-0.1639185,-0.1275437,-38.62363,20.69179,-10.22244
48.408878803,-43.23384,-22.25051,-0.950910899999997,1.006553,-0.1435153,-0.144789,-39.01429,22.19354,-9.389926
48.418791294,-52.7723,-20.50295,0.705887599999999,0.9967877,-0.1214398,-0.1651984,-39.01429,22.19354,-9.389926
48.428703308,-57.6034700000001,-22.07575,1.687694,0.9933625,-0.1224595,-0.166614,-39.01429,22.19354,-9.389926
48.438615799,-57.10797,-24.75534,2.853589,0.9991942,-0.145571,-0.1495362,-39.01429,22.19354,-9.389926
48.44852829,-54.8782,-25.57087,4.939929,1.010234,-0.1350453,-0.1097151,-39.01429,22.19354,-9.389926
48.458440304,-53.08199,-22.77477,5.86037199999999,0.9990079,-0.1342001,-0.1067247,-39.74531,21.45318,-7.199409
48.468353272,-52.46262,-20.50295,5.79900900000001,0.990851,-0.1305692,-0.1349544,-39.74531,21.45318,-7.199409
48.478265286,-52.52455,-19.62917,5.062654,0.9714104,-0.1134402,-0.1509858,-39.74531,21.45318,-7.199409
48.488177776,-52.64843,-20.03693,5.79900900000001,0.9664919,-0.1159554,-0.156719,-39.74531,21.45318,-7.199409
48.49808979,-52.71037,-21.43498,7.63989600000002,0.9636652,-0.1232536,-0.1548209,-39.74531,21.45318,-7.199409
48.508002281,-52.09098,-23.64855,8.13079899999997,0.977243,-0.1424049,-0.1406693,-39.73933,21.45997,-5.529048
48.517914295,-50.91416,-24.81359,8.06943700000002,0.9946457,-0.1915479,-0.1224314,-39.73933,21.45997,-5.529048
48.527826786,-49.42765,-24.17282,9.97168700000001,1.00487,-0.2321695,-0.1266379,-39.73933,21.45997,-5.529048
48.5402174,-51.16191,-19.45441,12.54893,0.9986014,-0.2265981,-0.1591935,-39.73933,21.45997,-5.529048
48.550129413,-56.36471,-13.1632,10.70804,0.9689664,-0.1932221,-0.1966296,-38.99431,22.21628,-3.800643
48.560041904,-61.5055700000001,-8.211782,8.06943700000002,0.9428367,-0.1704921,-0.2384905,-38.99431,22.21628,-3.800643
48.569953918,-61.0100700000002,-8.50304200000002,6.53536400000002,0.9179324,-0.165182,-0.2766374,-38.99431,22.21628,-3.800643
48.579866886,-54.25882,-15.78454,8.49897699999999,0.9167928,-0.183815,-0.3142034,-38.99431,22.21628,-3.800643
48.5897789,-43.29578,-25.92038,11.99666,0.9431322,-0.1752252,-0.3105485,-38.99431,22.21628,-3.800643
48.599691391,-33.69538,-30.23102,13.77619,0.9910513,-0.1482832,-0.2791217,-39.36374,22.22174,-2.44956
48.609603882,-29.73135,-27.26017,13.03983,1.038277,-0.1480346,-0.2512275,-39.36374,22.22174,-2.44956
48.619515896,-33.63345,-21.31847,11.38303,1.044397,-0.1497812,-0.2287283,-39.36374,22.22174,-2.44956
48.629428387,-42.86222,-14.26999,10.95349,1.042532,-0.14049,-0.2089626,-39.36374,22.22174,-2.44956
48.639340401,-52.02905,-11.41564,11.01486,1.038408,-0.08089785,-0.2075672,-39.36374,22.22174,-2.44956
48.649253368,-56.24084,-12.05641,11.32167,1.028565,-0.0354478,-0.2081337,-39.36747,22.97773,-0.7815065
48.659164905,-57.10797,-12.40592,13.03983,1.035999,-0.008235354,-0.2142632,-39.36747,22.97773,-0.7815065
48.669077873,-57.7892899999998,-12.87194,15.06481,1.015902,-0.003146512,-0.2130831,-39.36747,22.97773,-0.7815065
48.678989887,-60.8861900000002,-12.17292,14.81936,0.9963509,-0.01070462,-0.2211154,-39.36747,22.97773,-0.7815065
48.688902378,-65.8412399999999,-10.94963,15.37162,0.980608,-0.01290181,-0.2329883,-39.36747,22.97773,-0.7815065
48.698814869,-70.3627199999997,-10.83312,15.86252,0.9635634,-0.004060281,-0.2635019,-39.36749,23.35782,0.5664759
48.708726883,-74.26481,-13.51271,17.33524,0.9622077,-0.01914275,-0.2703121,-39.36749,23.35782,0.5664759
48.718639374,-78.6624099999999,-16.89132,18.56249,0.9748469,-0.01755851,-0.2757002,-39.36749,23.35782,0.5664759
48.728551388,-84.7942800000001,-19.97868,18.80795,1.009538,-0.03298636,-0.2487548,-39.36749,23.35782,0.5664759
48.738464355,-92.5984699999998,-19.16315,17.02842,0.9971346,-0.09004857,-0.1899607,-39.36749,23.35782,0.5664759
48.748376369,-98.4825899999999,-15.90104,13.40801,0.9546962,-0.1980764,-0.1633991,-39.37446,24.49023,2.683087
48.75828886,-99.1019699999997,-14.56125,14.20573,0.8998725,-0.3292681,-0.1796113,-39.37446,24.49023,2.683087
48.768201351,-93.5894900000001,-15.02726,17.08978,0.8408449,-0.4082262,-0.2108017,-39.37446,24.49023,2.683087
48.778113365,-81.63544,-18.52238,20.83292,0.8336626,-0.4323897,-0.2718763,-39.37446,24.49023,2.683087
48.788025856,-64.2927900000003,-21.90099,23.77834,0.8636007,-0.4097763,-0.3776374,-39.37446,24.49023,2.683087
48.79793787,-54.32076,-26.79416,23.77834,0.9456567,-0.3066122,-0.4089193,-38.60706,23.75156,5.251287
48.807850838,-58.03704,-25.33786,23.59425,1.030858,-0.1691552,-0.3795018,-38.60706,23.75156,5.251287
48.817762375,-69.8672100000001,-23.5903,20.52611,1.037502,-0.07892995,-0.293494,-38.60706,23.75156,5.251287
48.830152988,-82.0070599999999,-20.79421,13.65346,0.8987182,-0.07305253,-0.1351596,-38.60706,23.75156,5.251287
48.840065956,-81.2638099999998,-14.736,6.78081600000001,0.7271092,-0.1912732,-0.0805824,-38.60706,23.75156,5.251287
48.84997797,-68.5045699999999,-13.22145,8.00807399999998,0.6024271,-0.3186781,-0.1335756,-38.24113,24.88243,6.980484
48.859890461,-46.14493,-17.35734,14.32845,0.5375951,-0.37671,-0.2293943,-38.24113,24.88243,6.980484
48.869802475,-25.02406,-23.24079,20.7102,0.5881908,-0.2984237,-0.4012373,-38.24113,24.88243,6.980484
48.879714966,-16.97211,-31.22131,20.21929,0.6913707,-0.1152111,-0.5675859,-38.24113,24.88243,6.980484
48.88962698,-21.12196,-42.46394,13.5921,0.7863108,0.05184664,-0.6504183,-38.24113,24.88243,6.980484
48.899539471,-35.80128,-49.80368,11.99666,0.9064459,0.2327788,-0.5490106,-37.48157,24.51496,8.712351
48.909452438,-47.81726,-51.60949,8.31488799999999,0.908131,0.3014518,-0.3997197,-37.48157,24.51496,8.712351
48.919363976,-50.35672,-50.79396,0.828613499999998,0.8509068,0.2853746,-0.2768572,-37.48157,24.51496,8.712351
48.929276943,-46.76431,-43.10471,-2.853161,0.8123865,0.1627649,-0.2667543,-37.48157,24.51496,8.712351
48.939188957,-40.32276,-41.76491,1.503605,0.8161761,-0.02577315,-0.3563945,-37.48157,24.51496,8.712351
48.949101448,-34.74833,-44.328,8.86715399999999,0.8258106,-0.1657173,-0.4390428,-37.47861,24.89844,10.89551
48.959013462,-32.20887,-43.68723,7.82398500000003,0.8520935,-0.1978842,-0.4409407,-37.47861,24.89844,10.89551
48.968925953,-31.21786,-42.69694,5.98309800000002,0.8769163,-0.2088421,-0.3696997,-37.47861,24.89844,10.89551
48.978837967,-30.22686,-41.59016,8.68306499999997,0.8635784,-0.1641912,-0.2353147,-37.47861,24.89844,10.89551
48.988750458,-29.42166,-39.9591,10.40123,0.8505341,-0.149392,-0.154909,-37.47861,24.89844,10.89551
48.998663425,-32.76632,-36.11447,11.9353,0.8578974,-0.1129481,-0.1571352,-36.71605,24.53436,13.46256
49.008575439,-41.25183,-34.07565,12.73302,0.8906096,-0.02819027,-0.2533848,-36.71605,24.53436,13.46256
49.01848793,-51.59548,-36.34748,13.22392,0.9047773,0.06269512,-0.3388587,-36.71605,24.53436,13.46256
49.028399944,-59.4616100000003,-36.87175,8.92851700000003,0.8899245,0.1150898,-0.3907095,-36.71605,24.53436,13.46256
49.038312435,-62.1868900000002,-39.37658,6.28991200000003,0.9165015,0.08696948,-0.4545235,-36.71605,24.53436,13.46256
49.048224449,-60.8242499999999,-43.45422,7.08763000000002,0.9593245,0.02716181,-0.4970918,-35.96133,24.54148,15.19327
49.05813694,-55.49758,-46.25031,5.614921,1.000162,-0.05585201,-0.5220304,-35.96133,24.54148,15.19327
49.068049908,-48.12695,-51.66774,5.553557,1.068665,-0.1515463,-0.5343451,-35.96133,24.54148,15.19327
49.077961445,-42.92416,-58.2502199999999,7.51716999999999,1.128812,-0.2015136,-0.4973018,-35.96133,24.54148,15.19327
49.087874413,-45.52555,-62.0365999999998,11.81257,1.184854,-0.2196748,-0.3942268,-35.96133,24.54148,15.19327
49.097786427,-56.79828,-62.0948499999999,15.18753,1.206876,-0.2388927,-0.3196539,-35.19393,23.80281,17.76147
49.11017704,-76.80428,-59.6482599999998,19.17612,1.323685,-0.2850132,-0.3316048,-35.19393,23.80281,17.76147
49.120089531,-83.1838900000002,-50.15319,24.39197,1.451017,-0.2860126,-0.4566699,-35.19393,23.80281,17.76147
49.130001545,-70.9820899999999,-35.06594,29.11691,1.570585,-0.2739077,-0.5604489,-35.19393,23.80281,17.76147
49.139914036,-62.2488299999999,-33.20187,33.04414,1.706182,-0.1670226,-0.5638719,-35.19393,23.80281,17.76147
49.14982605,-66.1509200000002,-30.28927,24.88287,1.8541,0.1442085,-0.3663015,-34.05875,23.81701,21.22484
49.159738541,-86.52855,6.1182,-4.387233,1.913417,0.425021,-0.118178,-34.05875,23.81701,21.22484
49.169650555,-96.9341400000002,59.2439900000003,-27.52105,1.764612,0.4452925,0.1286941,-34.05875,23.81701,21.22484
49.179563522,-70.9820899999999,119.826,-38.81182,1.515535,0.5289125,0.3039315,-34.05875,23.81701,21.22484
49.18947506,-24.59049,167.5344,-51.57531,1.235067,0.6452424,0.3173836,-34.05875,23.81701,21.22484
49.199388027,13.43947,185.1847,-57.6502400000002,0.9520416,0.6931818,0.1445826,-33.29915,23.06945,21.60873
49.209300518,27.37553,172.4858,-69.1250999999999,0.6233303,0.6302235,0.10735,-33.29915,23.06945,21.60873
49.219212532,8.36055000000001,140.0395,-75.4454799999999,0.4906075,0.2950774,0.1236304,-33.29915,23.06945,21.60873
49.229125023,-48.87021,99.2048300000002,-74.0955000000001,0.649255,-0.2037451,0.1327646,-33.29915,23.06945,21.60873
49.239037037,-138.6804,57.7294400000003,-62.5592699999998,0.8687643,-0.5058566,0.1560909,-33.29915,23.06945,21.60873
49.248949528,-237.8432,30.35102,-43.96631,1.284212,-0.9209445,0.0808208,-35.9131,21.17535,16.48855
49.258861542,-294.3307,36.93349,-29.48466,1.526269,-1.108164,-0.3279186,-35.9131,21.17535,16.48855
49.268774509,-281.1998,69.3798300000002,-17.27345,1.608451,-1.109103,-0.7070495,-35.9131,21.17535,16.48855
49.278686524,-184.7004,111.729,-18.19389,1.643973,-0.9258457,-0.7954667,-35.9131,21.17535,16.48855
49.288599014,-18.95413,167.1849,-27.45969,1.602067,-0.8189973,-0.8467045,-35.9131,21.17535,16.48855
49.298511505,144.1288,187.1653,-26.41652,1.240385,-0.6495703,-0.8705602,-38.4925,18.18021,16.96112
49.308423519,236.4165,180.1751,-32.61417,0.9929996,-0.516804,-0.7588721,-38.4925,18.18021,16.96112
49.31833601,251.6532,172.8936,-39.24137,0.9833438,-0.4695363,-0.5961744,-38.4925,18.18021,16.96112
49.328248024,210.7122,165.6121,-37.83002,1.078231,-0.4580809,-0.4850987,-38.4925,18.18021,16.96112
49.338160515,149.3935,156.2335,-29.9142,1.138106,-0.4720918,-0.4324483,-38.4925,18.18021,16.96112
49.348072529,99.6572300000001,142.3695,-16.78254,1.20265,-0.5307866,-0.4060672,-41.09808,14.77518,8.761814
49.357985497,76.1207699999998,135.6123,-1.625903,1.331568,-0.5790045,-0.384053,-41.09808,14.77518,8.761814
49.367897987,76.8640300000002,138.9327,9.97168700000001,1.351179,-0.6223863,-0.3821225,-41.09808,14.77518,8.761814
49.377810001,95.5073900000002,150.4083,15.80116,1.301429,-0.7468488,-0.5154955,-41.09808,14.77518,8.761814
49.390200615,117.9909,141.6705,23.90107,1.188539,-0.4816775,-0.5323713,-43.4019,16.98937,0.6075001
49.400112629,125.2376,139.1657,10.09441,1.051936,-0.5656722,-0.6003301,-43.4019,16.98937,0.6075001
49.41002512,122.6363,130.2531,19.42157,1.051337,-0.6437752,-0.607087,-43.4019,16.98937,0.6075001
49.419937611,121.3975,120.6416,28.13511,0.9881569,-0.5853642,-0.6915817,-43.4019,16.98937,0.6075001
49.429849625,139.2976,112.3698,28.56465,0.9972945,-0.6072786,-0.7321455,-43.4019,16.98937,0.6075001
49.439762592,165.4974,115.1659,33.1055,1.062991,-0.6639278,-0.7816265,-43.05544,16.95776,-7.168046
49.44967413,194.9799,117.4959,39.85542,1.108371,-0.6338992,-0.8034532,-43.05544,16.95776,-7.168046
49.459587097,222.7901,126.292,39.11907,1.102415,-0.5115883,-0.7641707,-43.05544,16.95776,-7.168046
49.469499111,245.3355,139.3987,33.35095,1.106225,-0.4333037,-0.7300733,-43.05544,16.95776,-7.168046
49.479411602,256.2366,152.5054,30.16008,1.074293,-0.3408574,-0.6840272,-43.05544,16.95776,-7.168046
49.489323616,254.4404,160.1364,30.28281,1.01352,-0.2424263,-0.629992,-41.97315,17.67201,-15.78497
49.499236107,244.902,158.6801,26.17149,0.9404531,-0.2022247,-0.5555843,-41.97315,17.67201,-15.78497
49.509148598,238.5223,147.554,23.3488,0.8905812,-0.1691896,-0.5164903,-41.97315,17.67201,-15.78497
49.519060612,242.92,133.6317,22.61244,0.8775032,-0.1105143,-0.4833277,-41.97315,17.67201,-15.78497
49.52897358,250.6622,125.1852,20.21929,0.8882601,0.02375785,-0.4215526,-41.97315,17.67201,-15.78497
49.538885594,247.5653,122.9134,18.56249,0.9144125,0.1156651,-0.3385949,-38.99668,16.13178,-26.13931
49.548798084,232.5144,123.4959,17.51932,0.9374797,0.2764768,-0.2373838,-38.99668,16.13178,-26.13931
49.558710098,212.1367,123.2047,15.00345,0.9374762,0.3506214,-0.1509415,-38.99668,16.13178,-26.13931
49.568622589,193.9889,120.7581,15.06481,0.9529008,0.398755,-0.06865648,-38.99668,16.13178,-26.13931
49.57853508,181.2916,118.9522,15.92389,0.9585789,0.3926367,-0.04666247,-38.99668,16.13178,-26.13931
49.588447094,172.8061,113.1853,15.7398,0.9710779,0.3463519,-0.02643961,-36.71106,11.23607,-32.56046
49.598360062,167.7891,105.7873,16.84433,0.9721678,0.3386175,-0.02458058,-36.71106,11.23607,-32.56046
49.608271599,161.0998,97.6902800000002,19.11476,0.9970049,0.3613169,-0.007853522,-36.71106,11.23607,-32.56046
49.618184566,144.3146,91.8068300000002,21.56927,0.9931308,0.4181123,0.01464796,-36.71106,11.23607,-32.56046
49.62809658,117.8051,84.9331099999999,23.22607,0.9652272,0.4118927,0.004301098,-36.71106,11.23607,-32.56046
49.638009071,88.57033,78.4088799999999,27.82829,0.9439867,0.3742047,-0.01303924,-33.30316,6.720022,-37.76794
49.647921562,65.4674299999999,72.1176700000001,32.86005,0.9007947,0.3104144,-0.05579884,-33.30316,6.720022,-37.76794
49.657833576,50.29261,67.1662499999999,41.14404,0.8499621,0.219792,-0.112111,-33.30316,6.720022,-37.76794
49.667746067,41.18772,63.3798799999998,51.08484,0.8280373,0.1376148,-0.1052533,-33.30316,6.720022,-37.76794
49.680136204,31.52538,60.2925199999999,59.0006499999999,0.8085811,-0.01061264,-0.1257474,-33.30316,6.720022,-37.76794
49.690048695,19.75715,55.80713,69.6164300000002,0.7692125,0.06632759,-0.06004931,-30.2714,2.962021,-40.79147
49.699960709,5.82109000000002,54.9916,72.19368,0.7179735,0.09915683,0.03619475,-30.2714,2.962021,-40.79147
49.709873676,-13.93715,55.39936,75.8140900000001,0.693877,0.08415996,0.1006589,-30.2714,2.962021,-40.79147
49.719786167,-31.89918,56.97216,77.16407,0.6513849,0.06292471,0.1282794,-30.2714,2.962021,-40.79147
49.729698181,-44.84423,59.2439900000003,77.6549800000002,0.6208269,0.03364723,0.1658193,-30.2714,2.962021,-40.79147
49.739610672,-56.05502,59.8265099999998,77.5322499999998,0.6172636,-0.02913847,0.2216125,-27.28193,2.957032,-42.09193
49.749522686,-72.2208599999999,58.4284600000002,77.2867999999998,0.5973483,-0.09735635,0.2976874,-27.28193,2.957032,-42.09193
49.759435177,-93.4036699999999,54.11782,78.4527000000003,0.5624949,-0.1322394,0.3866066,-27.28193,2.957032,-42.09193
49.769347191,-112.047,48.17612,78.2686100000001,0.5717772,-0.2652804,0.420686,-27.28193,2.957032,-42.09193
49.779259682,-117.4356,39.96259,78.0231600000001,0.5867355,-0.4227378,0.4074947,-27.28193,2.957032,-42.09193
49.789172649,-106.101,33.96264,78.8822300000002,0.5756803,-0.5164292,0.4117744,-25.45079,5.572291,-43.84434
49.799084663,-85.59947,26.33163,75.44592,0.5828092,-0.5588744,0.4373542,-25.45079,5.572291,-43.84434
49.808997154,-69.1239499999998,16.89481,70.4755199999998,0.6305828,-0.5715115,0.5035702,-25.45079,5.572291,-43.84434
49.818909168,-55.12595,8.62303400000002,65.7505700000001,0.6793281,-0.6129201,0.5354943,-25.45079,5.572291,-43.84434
49.828821659,-34.81027,3.962878,59.8597300000003,0.6974931,-0.6307042,0.5217634,-25.45079,5.572291,-43.84434
49.838733673,-5.947139,0.351256,55.31887,0.6948189,-0.6576834,0.4678307,-23.65223,11.19137,-43.87138
49.848646164,26.26065,-6.46422299999998,51.08484,0.6816683,-0.6770948,0.4025214,-23.65223,11.19137,-43.87138
49.858559132,55.24766,-16.0758,50.77802,0.6901629,-0.6476364,0.3594249,-23.65223,11.19137,-43.87138
49.868470669,75.3155799999999,-25.51262,49.73485,0.7245502,-0.5449425,0.3521085,-23.65223,11.19137,-43.87138
49.878383636,87.64125,-35.3572,48.56895,0.7272651,-0.4384474,0.3124596,-23.65223,11.19137,-43.87138
49.88829565,97.36552,-43.92023,45.25536,0.7352658,-0.2770597,0.2803298,-22.93281,13.439,-43.8822
49.898208141,102.7541,-48.9299,41.3895,0.7463235,-0.2033671,0.2528693,-22.93281,13.439,-43.8822
49.908120155,107.3995,-50.3862,37.03273,0.7441266,-0.1264526,0.2241124,-22.93281,13.439,-43.8822
49.918032646,113.5314,-49.04641,34.02594,0.7590027,-0.102507,0.2246145,-22.93281,13.439,-43.8822
49.927945137,121.2117,-47.12409,31.51007,0.7625541,-0.0641088,0.2344406,-22.93281,13.439,-43.8822
49.937857151,125.6093,-46.36682,29.11691,0.7388772,-0.02719766,0.2099373,-24.0281,11.18951,-44.31915
49.947770119,123.6892,-48.98816,27.6442,0.6716654,0.06013076,0.1952954,-24.0281,11.18951,-44.31915
49.960159779,118.3625,-52.65803,22.36699,0.7417582,0.08231063,0.1899934,-24.0281,11.18951,-44.31915
49.970072746,86.34055,-53.64831,25.86468,0.8961637,-0.1174774,0.3740159,-24.0281,11.18951,-44.31915
49.979984283,40.38252,-57.6094399999999,46.11444,0.8784429,-0.4392054,0.1766121,-24.0281,11.18951,-44.31915
49.989897251,7.865046,-80.7354700000002,62.0074300000001,0.8336452,-0.5621196,-0.04418512,-25.85414,7.819833,-43.84932
49.999809742,9.90900100000002,-98.5023300000002,53.7848,1.208078,-0.2536022,0.1138199,-25.85414,7.819833,-43.84932
50.009721756,43.16973,-62.7938699999999,30.9578,2.256014,0.3708058,1.039795,-25.85414,7.819833,-43.84932
50.019634247,89.6232700000001,55.57412,8.56033999999998,3.57342,0.4662947,2.637258,-25.85414,7.819833,-43.84932
50.029547215,115.0798,102.5252,-0.828185100000001,2.86876,-0.2032474,2.374267,-25.85414,7.819833,-43.84932
50.039458752,119.9729,12.11815,17.45796,1.043763,-0.5977303,1.186681,-28.0773,6.324671,-42.99784
50.049370766,112.1687,-60.6967999999998,29.54645,0.5660769,-0.1518831,0.2361531,-28.0773,6.324671,-42.99784
50.059283733,101.6393,-86.2694200000002,31.57143,0.3985479,0.7122869,-0.5444801,-28.0773,6.324671,-42.99784
50.069196224,110.3106,-84.5218599999997,18.62386,0.4900672,1.45462,-0.4779605,-28.0773,6.324671,-42.99784
50.079108238,50.29261,-54.23083,-9.23490300000001,0.6587058,1.26043,0.003665834,-28.0773,6.324671,-42.99784
50.089020729,-81.75932,-29.29899,-22.42793,0.8099478,0.5100549,0.1403553,-28.41277,3.327878,-42.98667
50.098932743,-157.1999,-31.74557,-10.70761,0.5728238,-0.07188401,-0.06107447,-28.41277,3.327878,-42.98667
50.108845234,-120.8422,-60.4055400000003,5.73764600000002,0.6372226,-0.327222,-0.08833934,-28.41277,3.327878,-42.98667
50.118757248,-58.5325399999999,-65.6482199999999,8.74442899999999,0.766144,-0.4298242,-0.08205248,-28.41277,3.327878,-42.98667
50.128670216,-30.47461,-69.3180900000002,4.694477,0.9093867,-0.3956162,-0.1878238,-28.41277,3.327878,-42.98667
50.138582706,-27.99709,-74.5025200000002,2.178597,0.9847965,-0.2165849,-0.158519,-31.37639,1.461719,-41.23072
50.14849472,-40.57051,-75.4345500000001,-6.53493500000002,1.132721,-0.1167921,0.03044027,-31.37639,1.461719,-41.23072
50.158407211,-39.02206,-72.81321,-14.2053,1.193898,-0.06501678,0.1440169,-31.37639,1.461719,-41.23072
50.168319225,-37.22585,-72.63846,-15.43256,1.166611,-0.01361198,0.118203,-31.37639,1.461719,-41.23072
50.178231716,-44.34873,-77.7646300000001,-9.84853300000002,1.111344,0.02470446,0.06663216,-31.37639,1.461719,-41.23072
50.18814373,-46.70238,-80.9102299999999,-4.816774,1.06757,0.02768907,0.09298541,-34.02233,4.092566,-39.04086
50.198056221,-40.8802,-77.47337,-3.098613,1.029048,0.03799197,0.1154976,-34.02233,4.092566,-39.04086
50.207969189,-36.35872,-71.9976799999999,-3.46679,1.005359,0.02417373,0.125708,-34.02233,4.092566,-39.04086
50.217881203,-39.26981,-68.8520699999999,-6.53493500000002,0.9817464,-0.0137551,0.06757449,-34.02233,4.092566,-39.04086
50.227793694,-43.54353,-73.3957300000001,-9.35762899999997,0.9940893,-0.04842263,-0.009115771,-34.02233,4.092566,-39.04086
50.240183353,-42.24284,-75.7258100000002,-12.24169,1.005696,-0.02736709,0.002921119,-35.51017,4.102903,-36.46329
50.250096321,-37.16392,-70.7161399999998,-12.42577,1.031881,-0.03324309,0.02232629,-35.51017,4.102903,-36.46329
50.260008335,-31.40368,-63.08513,-11.19852,1.041529,-0.01318907,0.03293414,-35.51017,4.102903,-36.46329
50.269920826,-33.32376,-57.7842000000002,-8.68263700000001,1.026944,0.006670867,0.06441163,-35.51017,4.102903,-36.46329
50.279833317,-44.03904,-55.97839,-8.13037100000001,0.9743334,0.007815043,0.03753678,-38.50959,5.236907,-33.88139
50.289745331,-56.1789,-61.2793199999999,-8.80536299999997,0.9355659,-0.0220096,-0.01079936,-38.50959,5.236907,-33.88139
50.299657822,-64.6644100000002,-67.92004,-8.80536299999997,0.9493806,-0.05811083,0.006598226,-38.50959,5.236907,-33.88139
50.309569836,-69.49558,-68.6773199999999,-8.62127400000002,0.9781493,-0.08339661,0.01672719,-38.50959,5.236907,-33.88139
50.319482803,-68.9381399999998,-67.45403,-8.62127400000002,1.009433,-0.1678792,0.01203379,-38.50959,5.236907,-33.88139
50.329394817,-62.8062700000001,-65.6482199999999,-9.17354000000002,1.028395,-0.2140291,0.04276126,-39.63426,5.994897,-31.69355
50.339307308,-54.01107,-61.1628200000001,-11.32124,1.038545,-0.2480996,0.08661497,-39.63426,5.994897,-31.69355
50.349219799,-44.72036,-55.04636,-14.2053,1.038952,-0.272278,0.09797392,-39.63426,5.994897,-31.69355
50.359131813,-34.99608,-51.726,-16.8439,1.027835,-0.3016199,0.07627413,-39.63426,5.994897,-31.69355
50.369044304,-25.89119,-51.31823,-18.86888,1.006555,-0.3000642,0.05343371,-39.63426,5.994897,-31.69355
50.378956318,-15.91917,-51.60949,-20.09614,0.9989974,-0.2817357,0.05314555,-41.88356,7.130791,-28.66583
50.388869286,-5.203883,-49.97844,-19.54387,0.9863048,-0.2601814,0.03275972,-41.88356,7.130791,-28.66583
50.398780823,3.839073,-47.2406,-19.23706,0.9530938,-0.243753,0.008208087,-41.88356,7.130791,-28.66583
50.408693791,10.52838,-47.59011,-19.11433,0.9248715,-0.23648,-0.017411,-41.88356,7.130791,-28.66583
50.418606281,14.80211,-50.61921,-18.86888,0.9268452,-0.2383974,-0.01792219,-41.88356,7.130791,-28.66583
50.428518295,15.79312,-53.59006,-17.27345,0.9873998,-0.1703608,0.05399479,-42.62587,7.137789,-26.92734
50.438430786,15.1118,-52.54152,-15.30983,1.021228,-0.1428231,0.04714318,-42.62587,7.137789,-26.92734
50.4483428,15.97893,-50.03669,-14.2053,1.021966,-0.06903734,0.06251281,-42.62587,7.137789,-26.92734
50.458255291,16.16475,-47.06584,-15.55528,1.032896,-0.04174417,0.06355388,-42.62587,7.137789,-26.92734
50.468167305,15.6073,-42.58044,-15.24847,1.038295,-0.0431292,0.06397487,-42.62587,7.137789,-26.92734
50.478080273,14.92598,-37.45427,-13.53031,1.036473,-0.01455228,0.06274164,-44.47156,5.646317,-25.17838
50.487992764,12.0149,-34.30866,-13.10077,1.009334,-0.03769545,0.05947733,-44.47156,5.646317,-25.17838
50.497904778,6.37853299999997,-35.53195,-10.83034,0.9866763,-0.08903444,0.03101552,-44.47156,5.646317,-25.17838
50.507817268,-0.9301572,-38.44455,-8.86672600000002,0.9581104,-0.1075457,-0.01061738,-44.47156,5.646317,-25.17838
50.517729282,-6.87620999999998,-38.96882,-8.86672600000002,0.9577295,-0.1135976,-0.05482874,-44.47156,5.646317,-25.17838
50.530119896,-10.15893,-38.91056,-7.946282,0.9956753,-0.126879,-0.08935938,-45.52438,5.654859,-23.0528
50.540032387,-11.088,-38.5028,-6.41221000000002,0.9993802,-0.1347425,-0.1187357,-45.52438,5.654859,-23.0528
50.549944401,-8.79629,-40.36686,-6.10539499999999,0.9709261,-0.1580736,-0.15512,-45.52438,5.654859,-23.0528
50.559857368,-2.850237,-41.59016,-7.76219299999999,0.9590862,-0.1772996,-0.1877893,-45.52438,5.654859,-23.0528
50.569768906,4.458453,-41.99792,-8.37582199999997,0.9619472,-0.1807153,-0.1988822,-45.52438,5.654859,-23.0528
50.579681873,10.59032,-40.13386,-9.23490300000001,0.9696207,-0.1558173,-0.1843825,-46.26184,5.287262,-21.31315
50.589593887,14.86405,-40.0756,-9.90989499999997,0.9921823,-0.1269673,-0.1916014,-46.26184,5.287262,-21.31315
50.599506378,17.40351,-38.44455,-9.90989499999997,0.9917966,-0.1030172,-0.1535057,-46.26184,5.287262,-21.31315
50.609418869,18.82808,-36.17272,-9.54171799999998,0.9977109,-0.09169983,-0.1357192,-46.26184,5.287262,-21.31315
50.619330883,20.31459,-37.16301,-10.4008,1.004533,-0.1001586,-0.1003069,-46.26184,5.287262,-21.31315
50.629243374,18.7042,-38.44455,-9.48035400000003,0.9933559,-0.1068443,-0.05367275,-46.62341,4.54144,-20.47371
50.639155388,13.93497,-39.9591,-8.43718500000001,0.9808357,-0.1332447,-0.0657368,-46.62341,4.54144,-20.47371
50.649068355,9.04186800000002,-42.17268,-6.16675799999997,0.9717487,-0.1530158,-0.1166812,-46.62341,4.54144,-20.47371
50.658979893,7.43147999999999,-44.85226,-5.430403,0.9532357,-0.1646812,-0.1713258,-46.62341,4.54144,-20.47371
50.66889286,10.09482,-46.42507,-5.675855,0.9518685,-0.1634326,-0.2077968,-46.62341,4.54144,-20.47371
50.678805351,13.68722,-47.18234,-6.35084600000001,0.943829,-0.1382772,-0.1993922,-47.40225,2.677287,-18.27941
50.688717365,16.59831,-47.00759,-8.92808800000003,0.9471053,-0.1148959,-0.1863025,-47.40225,2.677287,-18.27941
50.698629856,17.58932,-50.5027,-9.05081500000002,0.9414797,-0.1045995,-0.1506501,-47.40225,2.677287,-18.27941
50.708542824,16.10281,-55.57063,-9.35762899999997,0.9521291,-0.113053,-0.1234359,-47.40225,2.677287,-18.27941
50.718454361,15.17374,-59.4152600000002,-10.21671,0.9556596,-0.1234375,-0.07744258,-47.40225,2.677287,-18.27941
50.728366375,15.23567,-57.5511900000003,-9.54171799999998,0.9747049,-0.1595483,-0.07449818,-48.08704,3.058887,-16.54239
50.738279343,18.64227,-55.04636,-9.29626599999999,0.9984108,-0.152063,-0.09051278,-48.08704,3.058887,-16.54239
50.748191833,23.47343,-51.66774,-9.48035400000003,1.007213,-0.1326884,-0.1154333,-48.08704,3.058887,-16.54239
50.758103847,26.88003,-49.74543,-9.17354000000002,0.9898767,-0.0957059,-0.1414353,-48.08704,3.058887,-16.54239
50.768016338,24.34057,-50.32795,-8.06900800000002,0.958564,-0.02733609,-0.1584561,-48.08704,3.058887,-16.54239
50.777928352,14.49242,-52.36677,-6.596298,0.9244726,0.02351672,-0.1808496,-48.81021,1.947328,-13.51554
50.787840843,-0.682404900000003,-55.04636,-8.31446000000002,0.8551085,0.1173082,-0.1594167,-48.81021,1.947328,-13.51554
50.797752857,-17.09599,-60.7550499999999,-12.30305,0.8527634,0.1031831,-0.1662113,-48.81021,1.947328,-13.51554
50.810143471,-33.26182,-74.6772799999999,-11.81215,0.8870663,0.04122087,-0.1362112,-48.81021,1.947328,-13.51554
50.820056438,-38.83624,-80.5607200000002,-11.93487,0.9278353,-0.03036087,-0.1068151,-48.81021,1.947328,-13.51554
50.829967976,-35.61546,-80.0364500000003,-11.3826,0.9800324,-0.116829,-0.0771438,-49.16799,1.269167,-11.3914
50.839880943,-23.90917,-73.7452399999998,-10.15535,1.024495,-0.1738413,-0.05200627,-49.16799,1.269167,-11.3914
50.849792957,-5.451635,-60.4055400000003,-10.21671,1.046705,-0.16858,-0.02576793,-49.16799,1.269167,-11.3914
50.859705448,14.55436,-46.19206,-11.25988,1.049185,-0.1458525,-0.04340531,-49.16799,1.269167,-11.3914
50.869617939,25.26964,-33.37663,-10.58489,1.036253,-0.0951546,-0.05303128,-49.16799,1.269167,-11.3914
50.879529953,21.55335,-23.93981,-6.35084600000001,0.9972556,-0.05583036,-0.04280548,-50.28748,1.969692,-7.982715
50.889442444,7.05985200000002,-18.9884,-3.46679,0.9337984,-0.0282776,0.0002188673,-50.28748,1.969692,-7.982715
50.899354458,-8.79629,-17.41559,-1.809992,0.9069009,-0.0539738,0.06511779,-50.28748,1.969692,-7.982715
50.909267426,-21.67941,-18.46413,0.767250500000003,0.9029697,-0.0971904,0.1556161,-50.28748,1.969692,-7.982715
50.91917944,-31.71337,-14.79425,0.583161800000002,0.9395207,-0.1055658,0.2291667,-50.28748,1.969692,-7.982715
50.92909193,-39.88919,-6.46422299999998,2.23996,1.010078,-0.1509404,0.2853507,-49.50746,-0.211728,-7.080452
50.939004421,-52.58649,3.380358,8.31488799999999,1.058839,-0.1496709,0.2258487,-49.50746,-0.211728,-7.080452
50.948916435,-75.6893800000002,8.73953799999999,10.83077,1.052633,-0.2396769,0.0875011,-49.50746,-0.211728,-7.080452
50.958828926,-90.30677,-1.163295,12.54893,1.102861,-0.4957287,-0.5115059,-49.50746,-0.211728,-7.080452
50.96874094,-54.44463,-51.78425,17.02842,1.452945,-0.7206546,-1.158694,-49.50746,-0.211728,-7.080452
50.978653908,26.13677,-63.5511499999998,9.35805800000003,2.048906,-0.3734905,-0.9059681,-50.62054,-0.9610088,-7.072305
50.988565445,95.6312599999999,21.49672,-4.878137,2.522667,-0.07633279,-0.2784023,-50.62054,-0.9610088,-7.072305
50.998478413,148.2786,148.8938,-25.18926,2.156588,0.09796336,0.1803741,-50.62054,-0.9610088,-7.072305
51.008390903,214.1807,256.7181,-55.5639,1.54417,0.22212,0.2574483,-50.62054,-0.9610088,-7.072305
51.018302917,277.5433,280.1354,-68.6955600000002,1.103758,0.2261849,0.2303381,-50.62054,-0.9610088,-7.072305
51.028215408,277.7291,240.6406,-75.8136500000001,0.853849,0.3798637,0.4540657,-51.01394,0.1575187,-8.358713
51.038127422,195.4135,181.3401,-80.3545100000001,0.9487657,0.5035122,0.5087497,-51.01394,0.1575187,-8.358713
51.048039913,89.87103,116.9134,-82.1954000000002,1.017691,0.4263175,0.4163679,-51.01394,0.1575187,-8.358713
51.057951927,21.92498,79.51567,-78.3295400000001,1.148556,0.2608064,0.3477932,-51.01394,0.1575187,-8.358713
51.067864895,-1.673414,58.0206999999998,-68.3273799999998,1.191745,-0.04979159,-0.0003893683,-51.01394,0.1575187,-8.358713
51.077777386,-0.001086392,34.60341,-49.73442,1.198633,-0.2892048,-0.3717699,-49.48789,-4.370708,-16.51172
51.090167046,1.733179,28.95297,-39.18,1.288731,-0.4402241,-0.7270057,-49.48789,-4.370708,-16.51172
51.100080013,-5.513573,41.36064,-33.35052,1.302813,-0.4481327,-0.6028276,-49.48789,-4.370708,-16.51172
51.109992027,-16.91018,67.8652800000002,-36.90958,1.240762,-0.4371696,-0.4898237,-49.48789,-4.370708,-16.51172
51.119904518,-23.7853,97.5155300000002,-42.06406,1.238201,-0.3794602,-0.4812529,-49.48789,-4.370708,-16.51172
51.129817009,-16.66242,121.0493,-41.81861,1.242383,-0.3173282,-0.4775165,-47.19334,-8.87613,-19.07933
51.139729023,7.92698399999999,133.69,-30.09829,1.192644,-0.3164193,-0.4631259,-47.19334,-8.87613,-19.07933
51.149641514,43.1078,135.9036,-13.77576,1.093632,-0.3619236,-0.491803,-47.19334,-8.87613,-19.07933
51.159553528,82.43845,136.4278,-10.64625,1.039687,-0.3400015,-0.5290906,-47.19334,-8.87613,-19.07933
51.169466496,115.5753,131.5929,-10.58489,1.05328,-0.301593,-0.5414444,-47.19334,-8.87613,-19.07933
51.179378986,142.5803,129.2628,-8.55991099999998,1.067621,-0.1945109,-0.4957289,-46.05363,-11.51756,-23.8312
51.189291,163.9489,131.8259,-10.83034,1.113327,-0.170406,-0.4450942,-46.05363,-11.51756,-23.8312
51.199203491,175.1597,138.4084,-11.81215,1.174158,-0.200505,-0.3181352,-46.05363,-11.51756,-23.8312
51.209115505,174.7881,151.5151,-10.4008,1.227222,-0.2072579,-0.1582981,-46.05363,-11.51756,-23.8312
51.219027996,163.2057,164.5053,-10.70761,1.241659,-0.1376781,-0.05185311,-46.05363,-11.51756,-23.8312
51.22894001,144.0049,166.0781,-15.98482,1.193758,-0.08900082,0.007013327,-41.99378,-13.03156,-27.76659
51.238852978,126.6622,152.4471,-18.86888,1.117141,-0.06794225,-0.04879647,-41.99378,-13.03156,-27.76659
51.248765469,114.2746,129.3794,-18.56207,1.039569,-0.08078134,-0.0942598,-41.99378,-13.03156,-27.76659
51.258677483,107.5234,109.8649,-15.55528,1.001712,-0.1164827,-0.1560879,-41.99378,-13.03156,-27.76659
51.268589974,109.8151,95.5932100000001,-12.85531,0.97657,-0.128121,-0.189544,-41.99378,-13.03156,-27.76659
51.278501988,120.7781,88.4864700000002,-10.95306,0.9420725,-0.1379584,-0.227223,-37.83578,-17.16563,-31.18027
51.288414478,134.4664,86.09814,-7.88491900000001,0.9140258,-0.1722971,-0.2367956,-37.83578,-17.16563,-31.18027
51.298326492,145.3056,86.5641599999997,-4.141782,0.8859063,-0.1803321,-0.2226644,-37.83578,-17.16563,-31.18027
51.308238983,150.0748,86.7389099999997,-1.503177,0.8416556,-0.1758839,-0.1934161,-37.83578,-17.16563,-31.18027
51.318151951,147.2876,84.2923299999999,0.3377102,0.8185862,-0.1415834,-0.161764,-37.83578,-17.16563,-31.18027
51.328063965,136.6962,79.5739200000002,1.258154,0.8205948,-0.05958895,-0.1559545,-34.80453,-20.16399,-31.63632
51.337976456,125.1138,72.5836899999998,3.651307,0.8403782,0.001739816,-0.1576496,-34.80453,-20.16399,-31.63632
51.34788847,118.7342,66.46723,6.41263799999999,0.8477667,0.006250094,-0.1471244,-34.80453,-20.16399,-31.63632
51.357800961,121.893,62.0983400000003,8.37625100000002,0.8220583,-0.01299142,-0.1494156,-34.80453,-20.16399,-31.63632
51.370191574,133.5374,56.38964,11.32167,0.770541,-0.01079926,-0.1638094,-32.5024,-24.66078,-32.08387
51.380103588,141.8371,49.92368,12.4262,0.7313641,0.03574846,-0.1626568,-32.5024,-24.66078,-32.08387
51.390016079,144.3765,40.83637,12.91711,0.7044133,0.09074298,-0.1514778,-32.5024,-24.66078,-32.08387
51.399928093,142.0848,31.86557,13.1012,0.6887934,0.1464104,-0.131276,-32.5024,-24.66078,-32.08387
51.409841061,133.6612,23.59379,12.91711,0.6752846,0.1841342,-0.1169751,-32.5024,-24.66078,-32.08387
51.419752598,122.6363,15.43851,13.40801,0.6633501,0.2004688,-0.1172361,-31.34271,-26.89937,-29.89846
51.429665566,111.4255,7.86575900000002,15.00345,0.6552109,0.2158162,-0.1300228,-31.34271,-26.89937,-29.89846
51.439578056,102.2586,0.5260119,16.53752,0.6393389,0.2145275,-0.1534124,-31.34271,-26.89937,-29.89846
51.44949007,95.0738200000003,-7.74576700000002,17.3966,0.6292598,0.2293709,-0.1652242,-31.34271,-26.89937,-29.89846
51.459402561,89.5613299999998,-16.60007,18.50113,0.61533,0.2300507,-0.1876583,-31.34271,-26.89937,-29.89846
51.469314575,86.0927999999998,-25.57087,19.11476,0.6004294,0.2375513,-0.2013951,-31.29149,-30.2621,-27.76801
51.479227066,83.9249700000003,-35.18244,18.68522,0.6056141,0.2492251,-0.2066471,-31.29149,-30.2621,-27.76801
51.489140034,81.26163,-44.91052,16.96706,0.6154145,0.2788664,-0.2175839,-31.29149,-30.2621,-27.76801
51.499052048,77.2356599999998,-54.92986,15.80116,0.6312241,0.313533,-0.2088563,-31.29149,-30.2621,-27.76801
51.508964539,72.9619399999999,-63.2598900000002,12.54893,0.6479638,0.3501381,-0.2025252,-31.29149,-30.2621,-27.76801
51.518876553,69.2456499999999,-69.78411,9.787598,0.6936614,0.3571657,-0.172651,-32.01007,-31.36843,-23.45626
51.528789044,70.1747199999997,-74.5025200000002,5.92173499999998,0.7527924,0.3435035,-0.1444794,-32.01007,-31.36843,-23.45626
51.538701058,78.96992,-73.9200000000001,0.583161800000002,0.7897488,0.3372814,-0.1242158,-32.01007,-31.36843,-23.45626
51.548613548,98.1707200000001,-67.9782900000002,-5.000863,0.8505117,0.3424994,-0.1055367,-32.01007,-31.36843,-23.45626
51.558525562,124.866,-58.9492399999999,-10.83034,0.9220605,0.3898184,-0.03481972,-32.01007,-31.36843,-23.45626
51.568438053,148.9599,-48.52214,-15.24847,0.974817,0.4421604,0.02121959,-33.46585,-33.22219,-18.68861
51.578351021,164.878,-44.67751,-17.27345,1.007157,0.4638242,0.1007711,-33.46585,-33.22219,-18.68861
51.588263035,172.0628,-44.67751,-14.75756,1.028322,0.4295349,0.1694897,-33.46585,-33.22219,-18.68861
51.598175526,175.4694,-47.06584,-11.01443,1.022751,0.4030345,0.2149797,-33.46585,-33.22219,-18.68861
51.60808754,173.921,-48.63864,-6.22812100000001,1.005436,0.4375979,0.2835526,-33.46585,-33.22219,-18.68861
51.61800003,162.4005,-48.75515,0.6445247,1.00981,0.4574,0.3518265,-34.17177,-34.69422,-12.19139
51.627912521,140.5363,-49.16291,7.51716999999999,1.023067,0.4749155,0.4252848,-34.17177,-34.69422,-12.19139
51.637824535,110.6822,-50.03669,16.16934,1.058188,0.4358092,0.4664732,-34.17177,-34.69422,-12.19139
51.647737503,80.3325699999999,-48.8134,22.42836,1.050385,0.3454952,0.5533325,-34.17177,-34.69422,-12.19139
51.660127163,45.77113,-40.94938,30.77371,1.058878,0.2664209,0.430767,-34.17177,-34.69422,-12.19139
51.670040131,28.67623,-29.35724,36.35773,1.049176,0.2178065,0.4290924,-34.49235,-36.91385,-5.308347
51.679952621,24.89801,-15.49328,40.53041,1.022892,0.1580255,0.3708381,-34.49235,-36.91385,-5.308347
51.689864635,24.7122,-8.44479099999997,45.86899,0.9646494,0.1345804,0.2905539,-34.49235,-36.91385,-5.308347
51.699777126,18.27064,-9.43507399999997,49.91894,0.9178931,0.1865141,0.226511,-34.49235,-36.91385,-5.308347
51.70968914,5.325586,-12.87194,54.70525,0.9885874,0.2402177,0.2214134,-34.49235,-36.91385,-5.308347
51.719601631,-12.69839,-12.34767,59.0620100000002,1.060278,0.2790694,0.2483782,-35.23813,-36.53069,-3.185534
51.729514599,-16.60048,-1.978823,58.63247,1.283276,0.4179848,0.5084474,-35.23813,-36.53069,-3.185534
51.739426136,58.4684399999998,55.28286,46.60534,2.23686,0.7544171,1.385361,-35.23813,-36.53069,-3.185534
51.749339104,153.9769,268.6015,66.8551,4.476302,0.7226563,3.435361,-35.23813,-36.53069,-3.185534
51.759251118,17.89901,216,105.6978,3.019375,0.9115706,1.01137,-35.23813,-36.53069,-3.185534
51.769163608,-96.8102600000002,55.45761,55.25751,1.01555,1.058517,-0.1483881,-36.74971,-35.40702,-3.181211
51.779075623,-142.8302,10.77836,15.18753,0.1767382,0.8776178,-0.6661685,-36.74971,-35.40702,-3.181211
51.788988113,-94.1469299999997,21.49672,12.30348,-0.09721637,0.4519622,-0.7476173,-36.74971,-35.40702,-3.181211
51.798900604,-32.02306,23.36078,11.01486,-0.08097228,0.363715,-0.5068359,-36.74971,-35.40702,-3.181211
51.808812618,-30.47461,25.80736,12.91711,0.199055,0.2425613,-0.1400308,-36.74971,-35.40702,-3.181211
51.818725586,-70.7962799999999,10.6036,38.5668,0.4014905,0.314882,0.2302213,-38.29608,-32.80249,-7.485894
51.8286376,-169.8972,11.24437,45.50081,0.5588346,0.3077454,-0.122277,-38.29608,-32.80249,-7.485894
51.838550091,-244.6564,12.23466,43.96674,0.5795087,-0.03857792,-1.229139,-38.29608,-32.80249,-7.485894
51.848462105,-161.7833,-0.2312636,39.42588,0.4851354,-0.3756556,-2.052543,-38.29608,-32.80249,-7.485894
51.858374596,54.13277,-21.43498,14.88072,0.6588309,-0.6950548,-1.605889,-38.29608,-32.80249,-7.485894
51.868287086,195.2276,-22.48351,-1.56454,1.370738,-1.163242,0.27143,-38.68897,-32.44361,-11.33978
51.8781991,138.0588,13.5162,13.53074,1.90237,-1.414159,1.751412,-38.68897,-32.44361,-11.33978
51.888111591,15.79312,2.215319,32.1237,1.877308,-0.2542596,0.8096176,-38.68897,-32.44361,-11.33978
51.898023605,-34.19089,-3.027358,39.0577,1.177655,0.1807566,-0.2935403,-38.68897,-32.44361,-11.33978
51.907936573,24.52638,-15.14377,41.20541,0.7920139,0.1128368,-0.3091525,-38.68897,-32.44361,-11.33978
51.917848587,86.21667,-7.04674300000001,41.94176,0.7827447,0.0827447,-0.199311,-38.70862,-30.5654,-10.06066
51.930239201,42.92199,1.341539,38.93498,0.8145347,0.04465427,0.233244,-38.70862,-30.5654,-10.06066
51.940151691,-34.25283,-16.65832,38.5668,0.793299,0.008423333,0.1227626,-38.70862,-30.5654,-10.06066
51.950063705,-63.7972800000001,-43.39597,37.70772,0.8923347,-0.1265565,-0.1527427,-38.70862,-30.5654,-10.06066
51.959976196,-35.42965,-60.4637899999999,33.59641,1.058873,-0.1991968,-0.1624494,-38.70862,-30.5654,-10.06066
51.969888687,4.086825,-57.6094399999999,28.13511,1.167252,-0.1952472,-0.2224848,-40.58017,-30.18573,-8.767186
51.979800701,26.07483,-42.46394,25.25105,1.2193,-0.1866711,-0.09614727,-40.58017,-30.18573,-8.767186
51.989713669,30.03887,-34.1339,27.03057,1.10041,-0.1798952,0.0005488787,-40.58017,-30.18573,-8.767186
51.999625206,32.39252,-35.06594,25.06696,0.9855563,-0.1552138,-0.01262925,-40.58017,-30.18573,-8.767186
52.009538174,33.13577,-38.91056,22.91926,0.9967655,-0.07388587,-0.0640482,-40.58017,-30.18573,-8.767186
52.019450188,30.03887,-39.20182,22.73517,1.051495,-0.008348553,-0.08620502,-42.08715,-29.05684,-7.47797
52.029362679,26.32258,-36.98825,25.74195,1.04812,-0.002761112,-0.1226286,-42.08715,-29.05684,-7.47797
52.039275169,28.11879,-36.11447,27.58284,1.030415,-0.02010799,-0.1528304,-42.08715,-29.05684,-7.47797
52.049187183,36.6043,-34.07565,28.01238,1.024588,-0.01186804,-0.1392772,-42.08715,-29.05684,-7.47797
52.059099674,45.77113,-31.45431,26.96921,1.008434,0.02109111,-0.1024162,-42.08715,-29.05684,-7.47797
52.069011688,47.62928,-31.33781,25.86468,1.000102,0.0490303,-0.02388721,-42.85073,-27.17346,-4.910062
52.078924656,42.24067,-32.21159,23.59425,0.99199,0.1090305,0.06589697,-42.85073,-27.17346,-4.910062
52.08883667,31.64926,-35.99797,21.87609,0.9887751,0.1264084,0.05884009,-42.85073,-27.17346,-4.910062
52.098749161,17.77513,-42.40568,20.28065,0.9967235,0.1155914,0.0106787,-42.85073,-27.17346,-4.910062
52.108661652,5.20171,-46.71633,19.36021,1.035068,0.07471243,-0.01731727,-42.85073,-27.17346,-4.910062
52.118573666,-0.9301572,-43.86198,16.35343,1.056659,0.02844108,-0.01638474,-43.21904,-26.78661,-1.889772
52.128486156,1.795117,-40.13386,16.72161,1.046768,-0.03368231,-0.004703172,-43.21904,-26.78661,-1.889772
52.138398171,8.85605400000001,-35.29894,15.98525,1.012448,-0.06220343,0.0007059565,-43.21904,-26.78661,-1.889772
52.148311138,13.12978,-32.38634,15.31026,0.9835438,-0.07722779,-0.02217442,-43.21904,-26.78661,-1.889772
52.158223629,11.82908,-34.48342,17.02842,0.9484914,-0.1224672,-0.06008413,-43.21904,-26.78661,-1.889772
52.168135643,8.79411600000002,-38.96882,19.0534,0.9361292,-0.1943907,-0.06236959,-43.97889,-25.65922,-0.9899168
52.178048134,8.60830200000001,-42.28918,20.0352,0.9446145,-0.2515093,-0.06474923,-43.97889,-25.65922,-0.9899168
52.187960148,10.15675,-43.74548,19.91248,0.9455199,-0.278852,-0.1038326,-43.97889,-25.65922,-0.9899168
52.197872639,13.8111,-46.48332,19.5443,0.9718763,-0.2587943,-0.1327522,-43.97889,-25.65922,-0.9899168
52.207784653,16.84606,-47.29885,18.99203,0.9966617,-0.1717404,-0.1410443,-43.97889,-25.65922,-0.9899168
52.220175266,22.1108,-44.4445,18.86931,1.011688,-0.09211552,-0.1560179,-44.72952,-24.90146,1.131742
52.230087757,28.55235,-42.69694,18.31704,1.025283,-0.0200474,-0.1287746,-44.72952,-24.90146,1.131742
52.239999771,32.33058,-42.11442,17.27387,1.034445,0.04341719,-0.0669763,-44.72952,-24.90146,1.131742
52.249912739,31.64926,-39.9591,14.69663,1.028357,0.06591643,-0.01443286,-44.72952,-24.90146,1.131742
52.25982523,27.43747,-40.0756,13.89891,0.9985226,0.04114839,-0.04409175,-45.1089,-23.76699,3.764256
52.269737244,20.74816,-40.36686,10.83077,0.9501389,0.06713535,-0.05883623,-45.1089,-23.76699,3.764256
52.279649735,13.56335,-46.0173,10.15578,0.9469872,0.04454621,-0.1064932,-45.1089,-23.76699,3.764256
52.289561749,10.65226,-48.98816,10.09441,0.9496493,0.02468987,-0.1085708,-45.1089,-23.76699,3.764256
52.299474239,8.79411600000002,-47.76486,9.35805800000003,0.9674697,-0.02838659,-0.1018868,-45.1089,-23.76699,3.764256
52.309386253,7.74116999999998,-45.84255,10.03305,0.9763433,-0.07335635,-0.09986766,-43.61077,-23.00539,6.773661
52.319298744,6.19271900000002,-46.19206,10.03305,0.9742895,-0.1073299,-0.1015155,-43.61077,-23.00539,6.773661
52.329211712,2.414498,-49.22116,10.58532,0.9778412,-0.1218541,-0.1059665,-43.61077,-23.00539,6.773661
52.339123726,-2.168918,-52.83278,12.11939,0.9809573,-0.1127024,-0.1251407,-43.61077,-23.00539,6.773661
52.349036217,-5.203883,-56.15314,14.32845,0.9822922,-0.1103137,-0.1352204,-43.61077,-23.00539,6.773661
52.358948231,-8.11497100000001,-57.8424499999998,16.41479,0.992964,-0.1102235,-0.1434812,-43.97421,-23.37322,8.447121
52.368860722,-10.09699,-58.9492399999999,19.60566,0.984211,-0.05348362,-0.1199747,-43.97421,-23.37322,8.447121
52.378772736,-11.52156,-56.79392,17.76477,0.9833703,-0.02196542,-0.1173561,-43.97421,-23.37322,8.447121
52.388685227,-10.65443,-51.959,16.2307,1.003626,0.01887308,-0.1446404,-43.97421,-23.37322,8.447121
52.398598194,-9.29179500000003,-47.2406,16.78297,0.9951497,0.07648411,-0.1408171,-43.97421,-23.37322,8.447121
52.408510208,-10.65443,-41.4154,15.06481,0.9692945,0.1178936,-0.1340601,-43.60668,-22.24051,10.62603
52.418422699,-16.04304,-39.66784,13.71482,0.9600613,0.125124,-0.1200019,-43.60668,-22.24051,10.62603
52.428334713,-26.51057,-39.14357,15.43299,0.9487395,0.1381145,-0.1121281,-43.60668,-22.24051,10.62603
52.438247204,-39.26981,-39.55134,16.29206,0.9474524,0.1177019,-0.1184943,-43.60668,-22.24051,10.62603
52.448159218,-51.40967,-38.21154,15.18753,0.9360578,0.06407353,-0.1480358,-43.60668,-22.24051,10.62603
52.458071709,-58.6564199999999,-37.57077,16.04661,0.9410366,0.01491284,-0.1969054,-43.59402,-22.60622,12.8115
52.467984676,-58.9041700000001,-37.45427,18.86931,0.9288209,-0.001821305,-0.2156301,-43.59402,-22.60622,12.8115
52.477896214,-52.2768,-36.75524,19.11476,0.9491854,-0.02969796,-0.2174446,-43.59402,-22.60622,12.8115
52.487809181,-45.83524,-35.24069,21.44655,0.9973509,-0.03287163,-0.1972644,-43.59402,-22.60622,12.8115
52.500199795,-45.21586,-29.59025,26.72376,1.00919,0.008305008,-0.1390004,-43.59402,-22.60622,12.8115
52.510111809,-53.39169,-25.92038,30.09872,0.9846833,0.0525982,-0.1403993,-43.22137,-22.60802,12.35984
52.5200243,-75.2558200000001,-26.09513,39.0577,0.9347416,0.2341205,-0.07726787,-43.22137,-22.60802,12.35984
52.529936314,-102.4466,-39.26008,53.84616,0.9068591,0.3603287,-0.1688397,-43.22137,-22.60802,12.35984
52.539848805,-94.4566200000002,-51.37648,63.4801399999998,0.8285183,0.1688009,-0.4507639,-43.22137,-22.60802,12.35984
52.549760818,-41.74733,-44.328,60.1665499999998,0.8507792,0.06874035,-0.3522436,-43.22137,-22.60802,12.35984
52.559673309,-37.65942,-24.98835,54.03025,0.8953657,0.02009426,-0.2098929,-43.22622,-22.23343,12.35869
52.569586277,-58.9661099999998,-11.29914,55.13478,0.9340171,-0.04258499,-0.3287868,-43.22622,-22.23343,12.35869
52.579498291,-77.1758999999999,-2.910854,57.9574799999998,0.89757,0.09973375,-0.3783984,-43.22622,-22.23343,12.35869
52.589410782,-87.82925,-5.47394,61.7619800000001,0.8963566,0.07716879,-0.3324423,-43.22622,-22.23343,12.35869
52.599322796,-89.1299399999997,-1.396303,55.13478,0.9586271,-0.3038801,-0.3806917,-43.22622,-22.23343,12.35869
52.609235287,-93.8372300000001,-4.483657,51.26892,0.8363414,-0.08473349,-0.4616483,-43.61342,-21.10784,12.80688
52.619147777,-107.1539,-0.4642715,43.29174,0.8429161,-0.3903678,-0.5122412,-43.61342,-21.10784,12.80688
52.629059791,-126.7263,0.46776,59.0006499999999,0.6873031,-1.088664,-0.721442,-43.61342,-21.10784,12.80688
52.638972759,-139.4236,-11.64865,71.0891399999999,0.9727122,-1.230024,-0.7115789,-43.61342,-21.10784,12.80688
52.648884296,-144.8742,-20.6777,59.9824600000001,1.201357,-0.9060584,-0.5900552,-43.61342,-21.10784,12.80688
52.658797264,-141.4676,-23.76506,3.651307,1.351916,-0.8053999,-0.3338923,-44.00358,-20.36574,11.07192
52.668709278,-147.5375,-14.736,-47.464,0.9290376,-0.6284854,-0.3561718,-44.00358,-20.36574,11.07192
52.678621769,-156.5805,-7.97877500000003,-51.32986,0.6496436,-0.3060174,-0.3303127,-44.00358,-20.36574,11.07192
52.68853426,-160.7303,18.17636,4.510388,0.5419921,-0.1335345,-0.4693345,-44.00358,-20.36574,11.07192
52.698446274,-129.6374,1.924059,26.17149,0.5714186,0.2165825,-0.6228455,-44.00358,-20.36574,11.07192
52.708358765,-76.6184599999997,-33.08537,15.31026,0.8234592,0.3232858,-0.2864341,-45.15032,-19.25276,8.440268
52.718270779,-38.83624,-50.2697,15.7398,1.093676,0.3651334,-0.06538081,-45.15032,-19.25276,8.440268
52.728183746,-38.09299,-47.88137,22.73517,1.37947,0.3598319,0.1888255,-45.15032,-19.25276,8.440268
52.738096237,-83.5555199999999,-25.92038,29.11691,1.46844,0.07828331,0.1904484,-45.15032,-19.25276,8.440268
52.748008251,-131.4956,-3.901137,25.43514,1.309832,-0.2672028,-0.1359337,-45.15032,-19.25276,8.440268
52.757920742,-154.2888,-4.075893,19.78975,1.144609,-0.5514393,-0.4157513,-44.37756,-21.12568,8.442144
52.767832756,-144.3167,-4.716664,5.676283,1.124436,-0.6776007,-0.4802663,-44.37756,-21.12568,8.442144
52.78022337,-108.8882,5.710437,-7.76219299999999,1.16734,-0.6466255,-0.3133616,-44.37756,-21.12568,8.442144
52.79013586,-70.8582200000002,18.52587,-17.94844,1.160869,-0.4911637,-0.2378416,-44.37756,-21.12568,8.442144
52.800047874,-33.94314,25.86562,-21.8143,1.147227,-0.3686399,-0.2325778,-44.37756,-21.12568,8.442144
52.809960365,-7.99109600000001,31.51606,-22.24384,1.151188,-0.2900377,-0.2311304,-44.76586,-20.76157,5.87315
52.819872379,4.396515,37.51601,-22.24384,1.15104,-0.2603583,-0.2107647,-44.76586,-20.76157,5.87315
52.829785347,10.83807,43.86547,-22.48929,1.127663,-0.2581647,-0.1990101,-44.76586,-20.76157,5.87315
52.839697838,18.2087,48.99165,-21.99839,1.113827,-0.2674321,-0.1763764,-44.76586,-20.76157,5.87315
52.849609852,28.98592,52.83628,-21.56885,1.098601,-0.2576528,-0.1238332,-44.76586,-20.76157,5.87315
52.859522343,40.93997,58.19546,-22.73474,1.107215,-0.2466599,-0.08158575,-44.39433,-21.14476,3.752286
52.869434357,50.85006,65.8264600000002,-24.26882,1.116181,-0.1596434,-0.05900168,-44.39433,-21.14476,3.752286
52.879346848,57.22968,76.5448200000002,-28.87103,1.104834,-0.02789859,-0.0575389,-44.39433,-21.14476,3.752286
52.889258862,59.4594499999999,88.1952100000001,-35.86641,1.063335,0.1235425,-0.1123247,-44.39433,-21.14476,3.752286
52.899171829,55.86704,94.0786600000001,-43.78222,0.9982808,0.2514796,-0.1550453,-44.39433,-21.14476,3.752286
52.90908432,44.22268,96.8747599999999,-50.34805,0.9282501,0.3954077,-0.18753,-44.01035,-22.27401,2.404664
52.918996334,20.06684,90.9913099999999,-64.3387899999998,0.9504046,0.5067244,-0.1855529,-44.01035,-22.27401,2.404664
52.928908825,-17.52956,78.2923800000001,-71.0887100000001,0.9730493,0.5048947,-0.1252745,-44.01035,-22.27401,2.404664
52.938820839,-58.2847900000002,67.7487700000001,-70.2296300000003,1.051688,0.3563468,-0.06937246,-44.01035,-22.27401,2.404664
52.94873333,-87.5814900000001,57.20517,-56.11617,1.08374,0.1454434,-0.05186759,-44.01035,-22.27401,2.404664
52.958645344,-97.6154599999998,53.06928,-45.68447,1.090023,-0.01010777,-0.05056118,-43.63857,-23.03703,-0.9999399
52.968557835,-88.7583199999998,53.30229,-36.66412,1.157442,-0.2002549,-0.135999,-43.63857,-23.03703,-0.9999399
52.978470802,-67.3277499999999,58.07895,-28.9324,1.197784,-0.3086445,-0.191352,-43.63857,-23.03703,-0.9999399
52.988382816,-38.65043,69.3798300000002,-25.6188,1.244212,-0.4139201,-0.2217724,-43.63857,-23.03703,-0.9999399
52.998295307,-7.74334299999998,80.3312000000001,-21.01658,1.270372,-0.4800489,-0.2277366,-43.63857,-23.03703,-0.9999399
53.008207321,21.36754,88.4864700000002,-17.02799,1.263858,-0.5082545,-0.2283445,-42.12646,-25.30042,-4.919724
53.018119812,45.58532,89.12724,-11.56669,1.296234,-0.5804701,-0.2075179,-42.12646,-25.30042,-4.919724
53.028032303,53.45145,94.7776899999998,-6.53493500000002,1.274145,-0.5207903,-0.1459359,-42.12646,-25.30042,-4.919724
53.037944317,47.0099,99.7873499999998,-10.27807,1.28095,-0.4885305,-0.1121728,-42.12646,-25.30042,-4.919724
53.047857285,34.12678,105.9038,-14.6962,1.243888,-0.4540708,-0.1096799,-42.12646,-25.30042,-4.919724
53.057769299,27.62328,112.0785,-15.55528,1.232179,-0.4300625,-0.1266973,-41.38527,-25.68882,-8.327428
53.070159912,35.48942,119.4183,-16.16891,1.21425,-0.4141157,-0.1874054,-41.38527,-25.68882,-8.327428
53.080072403,54.0089,127.3405,-18.43934,1.163792,-0.3401703,-0.2051723,-41.38527,-25.68882,-8.327428
53.089984417,80.08481,135.6123,-19.23706,1.16443,-0.3215585,-0.2641137,-41.38527,-25.68882,-8.327428
53.099896908,105.7272,142.1365,-15.43256,1.178207,-0.2898836,-0.2664308,-41.39906,-25.7045,-12.18211
53.109808922,123.1937,146.2724,-10.03262,1.219537,-0.2658206,-0.2133552,-41.39906,-25.7045,-12.18211
53.119721413,131.865,150.8743,-1.871354,1.203996,-0.2313271,-0.1625651,-41.39906,-25.7045,-12.18211
53.12963438,128.4584,149.7675,2.23996,1.167029,-0.2309558,-0.09547872,-41.39906,-25.7045,-12.18211
53.139545918,119.3535,145.9812,6.596727,1.122803,-0.232348,-0.07059092,-41.39906,-25.7045,-12.18211
53.149458885,110.4345,140.0395,11.87394,1.07305,-0.2670558,-0.09917152,-39.90126,-26.84385,-16.04111
53.159370899,108.2666,131.2434,15.06481,1.033849,-0.2544191,-0.09248273,-39.90126,-26.84385,-16.04111
53.16928339,112.4784,125.0687,18.13295,1.044692,-0.2657074,-0.1449955,-39.90126,-26.84385,-16.04111
53.179195404,118.6103,120.0008,21.2011,1.023279,-0.2317867,-0.1906666,-39.90126,-26.84385,-16.04111
53.189107895,122.5743,118.6027,19.23748,0.9916061,-0.2304247,-0.2258963,-39.90126,-26.84385,-16.04111
53.199020386,128.7062,118.5445,19.5443,0.9630117,-0.2126137,-0.2754497,-38.78305,-27.22908,-18.67982
53.2089324,139.2357,120.5833,19.60566,0.9148878,-0.1579593,-0.2789619,-38.78305,-27.22908,-18.67982
53.218845367,150.0129,121.6901,19.5443,0.8810698,-0.1118423,-0.2802626,-38.78305,-27.22908,-18.67982
53.228756905,156.7022,116.9134,22.8579,0.8178516,-0.03685687,-0.25373,-38.78305,-27.22908,-18.67982
53.238669872,157.7551,113.4183,24.69878,0.7538362,0.03796198,-0.2574411,-38.78305,-27.22908,-18.67982
53.248582363,155.4015,107.4766,22.48972,0.7226628,0.04494968,-0.2374198,-38.02272,-28.73603,-20.79917
53.258494377,151.4374,98.2727999999998,24.69878,0.6750826,0.06769186,-0.2253044,-38.02272,-28.73603,-20.79917
53.268406868,143.6333,87.0301699999998,27.21466,0.6354036,0.07935292,-0.2186177,-38.02272,-28.73603,-20.79917
53.278318882,130.5643,72.9914499999997,29.48509,0.5921253,0.08600125,-0.2349787,-38.02272,-28.73603,-20.79917
53.288231373,117.1238,56.5644,30.28281,0.5700397,0.08226819,-0.2472834,-38.02272,-28.73603,-20.79917
53.298143387,106.2227,40.48686,31.26461,0.5373139,0.07455886,-0.2527941,-37.26313,-29.48359,-20.41529
53.308056355,98.4804199999998,25.74911,30.65099,0.5033481,0.07889605,-0.2697367,-37.26313,-29.48359,-20.41529
53.317968845,94.0208699999999,10.83661,30.09872,0.4682514,0.1026536,-0.2788571,-37.26313,-29.48359,-20.41529
53.327880859,88.8800100000003,-4.017641,29.73054,0.4408558,0.1415674,-0.2821857,-37.26313,-29.48359,-20.41529
53.33779335,81.1377599999998,-17.6486,27.1533,0.4000842,0.1777864,-0.3055753,-37.26313,-29.48359,-20.41529
53.350183964,68.8120899999997,-35.76496,24.08516,0.3716695,0.220569,-0.3083886,-37.99873,-30.22918,-19.50966
53.360095978,57.5393599999997,-51.55124,22.91926,0.3773969,0.2376427,-0.3020858,-37.99873,-30.22918,-19.50966
53.370008469,45.89501,-65.7647200000003,20.64883,0.4008124,0.2598594,-0.2815075,-37.99873,-30.22918,-19.50966
53.379920483,35.42748,-78.7549100000002,16.90569,0.4817093,0.2646463,-0.2073191,-37.99873,-30.22918,-19.50966
53.38983345,28.98592,-87.2014500000001,13.1012,0.5762005,0.2385832,-0.1310611,-37.99873,-30.22918,-19.50966
53.399744988,28.80011,-90.9878200000002,8.56033999999998,0.7164958,0.1808269,-0.01222363,-39.09455,-31.33894,-16.03115
53.409657955,38.46244,-87.3762,4.571751,0.8912445,0.119963,0.1725363,-39.09455,-31.33894,-16.03115
53.419570446,58.5923100000001,-73.5704899999998,0.583161800000002,1.067671,0.06947109,0.3900006,-39.09455,-31.33894,-16.03115
53.42948246,93.95894,-51.14348,-0.705459200000001,1.187228,-0.04034621,0.5235679,-39.09455,-31.33894,-16.03115
53.439394951,137.7491,-31.1048,-1.625903,1.182947,-0.007398513,0.7168506,-39.09455,-31.33894,-16.03115
53.449306965,174.6023,-23.24079,-0.1531931,1.17622,0.03380118,0.8242626,-40.95045,-31.32157,-11.71703
53.459219456,189.2197,-20.6777,5.98309800000002,1.156802,0.125585,0.993109,-40.95045,-31.32157,-11.71703
53.469132424,160.5423,-26.09513,13.96028,1.138554,0.2379691,1.204816,-40.95045,-31.32157,-11.71703
53.479044438,103.9929,-32.61935,21.07837,1.169552,0.2811341,1.226424,-40.95045,-31.32157,-11.71703
53.488956928,53.88502,-32.26984,25.61923,1.195604,0.2507893,1.108822,-40.95045,-31.32157,-11.71703
53.498868942,24.83607,-22.65827,31.08053,1.199856,0.1597868,0.9401214,-42.41318,-32.42299,-6.180746
53.508781433,14.24467,-10.1341,36.66455,1.169021,0.07352278,0.7410463,-42.41318,-32.42299,-6.180746
53.518693924,18.89002,3.671618,40.83723,1.185218,0.1820227,0.5879686,-42.41318,-32.42299,-6.180746
53.528605938,42.48842,5.302673,29.301,1.482345,0.5212098,0.300826,-42.41318,-32.42299,-6.180746
53.538518906,43.47943,-18.28937,12.4262,2.209694,0.8689717,0.5398563,-42.41318,-32.42299,-6.180746
53.548430443,11.14776,3.962878,-2.239532,3.676302,1.09848,1.442523,-43.90215,-32.79405,-5.272383
53.55834341,-51.71936,59.9430100000002,31.51007,4.289087,0.6274981,1.614738,-43.90215,-32.79405,-5.272383
53.568255424,-75.7513300000002,215.301,58.8165600000002,3.112739,-0.1460611,2.343582,-43.90215,-32.79405,-5.272383
53.578167915,65.4674299999999,269.5336,64.0937700000002,0.3414318,-0.901572,0.006121368,-43.90215,-32.79405,-5.272383
53.588080406,168.5943,154.8937,51.57574,-1.179811,-0.6688603,-1.295814,-43.90215,-32.79405,-5.272383
53.59799242,165.3735,10.19584,40.46905,-1.64203,0.1734361,-1.752161,-45.04541,-32.05724,-8.288349
53.607904911,8.85605400000001,-101.9974,28.07374,-1.269821,0.2869331,-1.61032,-45.04541,-32.05724,-8.288349
53.617816925,-128.9561,-188.4433,51.57574,-0.8883118,0.7414397,-2.021355,-45.04541,-32.05724,-8.288349
53.630207539,-153.7933,-173.9969,31.26461,0.675922,0.5010873,-1.923626,-45.04541,-32.05724,-8.288349
53.640120506,-128.1509,-113.6478,13.46937,1.595073,-0.0241525,-1.169773,-45.04541,-32.05724,-8.288349
53.65003252,-81.5734999999998,-59.4152600000002,27.09194,1.905853,-0.3748991,-0.5526986,-46.12868,-30.18278,-7.903136
53.659945011,9.28962000000002,-28.83298,-8.37582199999997,2.102474,-0.4925755,0.1246031,-46.12868,-30.18278,-7.903136
53.669857025,127.8391,-8.44479099999997,-4.571322,1.707942,-0.7237836,0.3379811,-46.12868,-30.18278,-7.903136
53.679769516,196.2187,-6.05646000000001,18.68522,1.698852,-0.7542436,0.7507983,-46.12868,-30.18278,-7.903136
53.689682007,187.857,-8.73605099999999,36.91,1.487104,-0.4067096,0.6792069,-46.12868,-30.18278,-7.903136
53.699594021,110.6203,-21.55148,26.17149,1.222512,0.1352402,0.5460185,-47.64215,-28.30103,-5.716804
53.709506988,31.15375,-40.19211,21.26246,0.9430038,0.490048,0.1697216,-47.64215,-28.30103,-5.716804
53.719418526,-28.98809,-66.9880100000002,10.70804,0.7922282,0.5402393,-0.07391051,-47.64215,-28.30103,-5.716804
53.729331493,-57.16991,-85.2791299999999,5.369469,0.8598244,0.5628406,-0.1790596,-47.64215,-28.30103,-5.716804
53.739243984,-62.99208,-92.2111100000001,1.503605,0.7560753,0.3312784,-0.1724404,-47.64215,-28.30103,-5.716804
53.749155998,-59.7713099999999,-96.6382600000003,5.92173499999998,0.7530746,0.06976967,-0.199123,-48.37987,-28.28881,-2.693414
53.759068489,-53.82525,-99.1431,12.4262,0.7772977,-0.1609861,-0.1576701,-48.37987,-28.28881,-2.693414
53.768980503,-45.03005,-98.61883,13.89891,0.7840313,-0.2692336,-0.1046758,-48.37987,-28.28881,-2.693414
53.778892994,-32.95213,-100.2499,16.2307,0.8936607,-0.463889,-0.1324349,-48.37987,-28.28881,-2.693414
53.788805962,-15.54754,-105.8421,19.72839,1.051844,-0.4844691,-0.1806102,-48.37987,-28.28881,-2.693414
53.798717976,4.396515,-100.7742,25.68059,1.211753,-0.3514946,-0.1667985,-49.49023,-28.27478,0.7816343
53.808630466,20.31459,-79.1044199999998,28.07374,1.214298,-0.1848486,-0.2002832,-49.49023,-28.27478,0.7816343
53.81854248,29.6053,-56.73566,22.61244,1.220409,0.05702808,-0.2270577,-49.49023,-28.27478,0.7816343
53.828454971,30.03887,-40.25036,18.80795,1.116031,0.1407221,-0.1986459,-49.49023,-28.27478,0.7816343
53.838366985,23.72119,-36.75524,15.98525,1.018194,0.169479,-0.1212044,-49.49023,-28.27478,0.7816343
53.848279476,15.91699,-40.59987,12.30348,0.9779388,0.1345164,-0.03463653,-49.1232,-26.76251,4.180038
53.858192444,13.62528,-49.10466,10.83077,0.9595599,0.08049047,-0.03050505,-49.1232,-26.76251,4.180038
53.868104458,19.26165,-55.62888,7.578534,0.9608681,0.01238191,-0.0780264,-49.1232,-26.76251,4.180038
53.878016949,26.13677,-61.04631,5.73764600000002,0.9833708,-0.04098954,-0.1395702,-49.1232,-26.76251,4.180038
53.887928963,29.23367,-64.5996900000003,2.914952,0.9878041,-0.1126249,-0.2202748,-49.1232,-26.76251,4.180038
53.897841454,29.72918,-66.7549999999997,0.705887599999999,1.019651,-0.1829252,-0.2964225,-49.48665,-26.75025,7.201483
53.907753944,28.05685,-65.93948,0.2149844,1.024616,-0.2242884,-0.3375574,-49.48665,-26.75025,7.201483
53.920144081,26.13677,-60.6967999999998,-2.239532,1.031669,-0.2299571,-0.4192873,-49.48665,-26.75025,7.201483
53.930056572,26.5084,-54.58034,-3.712242,0.9974463,-0.1664895,-0.439675,-49.48665,-26.75025,7.201483
53.939968586,32.33058,-48.17263,-2.791798,0.9942131,-0.1371743,-0.4821839,-49.48665,-26.75025,7.201483
53.949881077,43.23167,-44.09499,0.3990731,0.9631655,-0.06841816,-0.4252602,-50.23571,-25.61058,11.12084
53.959794044,56.98192,-38.15329,-2.546346,0.9739697,-0.0436204,-0.3440481,-50.23571,-25.61058,11.12084
53.969706058,67.8830199999999,-35.4737,-2.423621,1.018494,-0.048157,-0.2038038,-50.23571,-25.61058,11.12084
53.979618549,68.5643299999998,-30.17277,1.442243,1.040135,-0.01585704,-0.01076513,-50.23571,-25.61058,11.12084
53.989530563,60.5743300000002,-21.43498,2.424049,1.024053,-0.008465487,0.05089309,-50.23571,-25.61058,11.12084
53.999443054,52.08882,-21.14372,4.264936,0.9742516,0.004357796,0.02551055,-49.8474,-25.97468,13.68983
54.009355545,42.79811,-31.80383,7.51716999999999,0.9297698,0.05599406,-0.007825304,-49.8474,-25.97468,13.68983
54.019267559,26.69421,-46.48332,11.38303,0.9278895,0.1025899,0.006427096,-49.8474,-25.97468,13.68983
54.029180527,1.175737,-57.14343,14.083,0.9543801,0.1141852,0.02834663,-49.8474,-25.97468,13.68983
54.039092064,-29.66941,-62.0948499999999,14.083,0.9830197,0.0790762,0.01440344,-49.8474,-25.97468,13.68983
54.049005032,-56.05502,-64.3084300000002,12.36484,1.023815,-0.002744687,-0.06094346,-49.0994,-25.21498,16.25341
54.058917522,-68.7523299999998,-64.42493,13.22392,1.035985,-0.05188818,-0.123804,-49.0994,-25.21498,16.25341
54.068829536,-65.0979800000001,-58.0754600000002,14.45118,1.016672,-0.07274109,-0.1717801,-49.0994,-25.21498,16.25341
54.078742027,-48.56052,-46.65808,13.96028,0.9884446,-0.06498334,-0.1973959,-49.0994,-25.21498,16.25341
54.088654041,-25.64344,-34.89118,11.99666,0.9641838,-0.07397247,-0.1895489,-49.0994,-25.21498,16.25341
54.098566532,-3.407679,-26.38639,10.58532,0.9471074,-0.1073294,-0.1295934,-49.11259,-23.70954,17.9834
54.1084795,11.02389,-22.0175,11.01486,0.941556,-0.1182095,-0.06383289,-49.11259,-23.70954,17.9834
54.118391514,14.36854,-23.12428,11.38303,0.9307025,-0.1361948,-0.04656664,-49.11259,-23.70954,17.9834
54.128304005,9.22768300000001,-29.70676,11.13758,0.8935286,-0.1315494,-0.0898863,-49.11259,-23.70954,17.9834
54.138216019,1.113798,-39.20182,8.19216299999999,0.8629895,-0.1096151,-0.181168,-49.11259,-23.70954,17.9834
54.14812851,-6.93814800000003,-48.40564,5.062654,0.8755654,-0.08807272,-0.2646883,-48.71919,-24.82806,19.26981
54.158040524,-15.23785,-52.83278,2.792227,0.8853983,-0.04744328,-0.3072426,-48.71919,-24.82806,19.26981
54.167953014,-22.29879,-52.25026,-1.135,0.8793533,0.00384994,-0.3121268,-48.71919,-24.82806,19.26981
54.177865982,-26.51057,-48.23088,-5.859943,0.8730244,0.02353637,-0.3340243,-48.71919,-24.82806,19.26981
54.187777996,-25.95313,-48.46389,-7.946282,0.9008195,0.003358149,-0.3651459,-48.71919,-24.82806,19.26981
54.20016861,-15.42366,-52.89104,-7.51674200000002,0.9169676,-0.03374601,-0.3597806,-48.33873,-24.82098,21.00247
54.210081101,0.0608516599999998,-54.11433,-7.08720199999999,0.9283184,-0.04379463,-0.361393,-48.33873,-24.82098,21.00247
54.219993115,17.46544,-53.99782,-7.148564,0.9494979,-0.05515835,-0.3597439,-48.33873,-24.82098,21.00247
54.229905605,31.58732,-51.78425,-6.71902399999997,0.9513336,-0.06128956,-0.3309923,-48.33873,-24.82098,21.00247
54.239817619,39.08183,-47.93962,-6.84175,0.9201825,-0.05575369,-0.3105006,-47.57916,-25.18845,22.73434
54.24973011,38.15276,-47.06584,-6.78038700000001,0.9062689,-0.05530487,-0.2839603,-47.57916,-25.18845,22.73434
54.259642124,29.04786,-52.54152,-5.430403,0.9116143,-0.06915281,-0.2557726,-47.57916,-25.18845,22.73434
54.269554615,11.82908,-57.4346899999999,-2.730435,0.9357243,-0.046823,-0.2150334,-47.57916,-25.18845,22.73434
54.279467583,-11.64544,-57.6676999999998,-3.282701,0.9787318,-0.008006838,-0.219494,-47.57916,-25.18845,22.73434
54.289379597,-38.89818,-56.61916,-3.46679,1.032383,0.01673871,-0.2515157,-47.25648,-25.17614,25.75221
54.299292088,-64.10697,-53.64831,-1.503177,1.040687,0.0385414,-0.2744949,-47.25648,-25.17614,25.75221
54.309204102,-81.4496199999998,-47.59011,0.583161800000002,1.003273,0.03306634,-0.3053956,-47.25648,-25.17614,25.75221
54.319116592,-88.2008699999999,-43.97849,2.23996,0.9538602,0.01292116,-0.3314815,-47.25648,-25.17614,25.75221
54.329029083,-84.11296,-43.39597,4.264936,0.9186568,-0.02215293,-0.3722031,-47.25648,-25.17614,25.75221
54.338941097,-70.4246499999997,-46.54157,5.124017,0.9107848,-0.07714987,-0.3936236,-46.06028,-25.54358,27.48181
54.348854065,-52.09098,-49.97844,5.246743,0.9452588,-0.1475641,-0.4044949,-46.06028,-25.54358,27.48181
54.358766079,-33.75732,-50.79396,5.124017,1.004578,-0.2286849,-0.3892585,-46.06028,-25.54358,27.48181
54.36867857,-18.087,-48.75515,5.246743,1.084366,-0.3459212,-0.3754124,-46.06028,-25.54358,27.48181
54.378591061,-5.018068,-51.02697,5.614921,1.203418,-0.5103954,-0.4025774,-46.06028,-25.54358,27.48181
54.388503075,3.839073,-63.7258999999997,8.43761400000001,1.390404,-0.7091575,-0.4733331,-45.72441,-27.03671,28.76969
54.398415566,3.901011,-75.2598000000001,12.91711,1.618805,-0.8396705,-0.4787157,-45.72441,-27.03671,28.76969
54.40832758,-13.50358,-60.4637899999999,21.07837,1.812997,-0.6925796,-0.4430397,-45.72441,-27.03671,28.76969
54.41824007,-42.61446,-27.84269,25.4965,1.872252,-0.3725538,-0.3934398,-45.72441,-27.03671,28.76969
54.428153038,-67.5755000000001,15.72977,24.02379,1.714227,0.001005015,-0.2502438,-45.72441,-27.03671,28.76969
54.438065052,-71.3537200000001,63.0886199999997,14.69663,1.395064,0.2992557,-0.03019433,-44.2177,-27.40569,30.1122
54.447977543,-48.18889,104.9135,-4.141782,1.077662,0.4757351,0.1712618,-44.2177,-27.40569,30.1122
54.457889557,-12.14094,120.5251,-17.39617,0.8417971,0.3768467,0.1814272,-44.2177,-27.40569,30.1122
54.467802048,9.22768300000001,111.4377,-14.45075,0.7265356,0.1759764,0.1504248,-44.2177,-27.40569,30.1122
54.480192661,14.80211,81.4379900000002,-18.80752,0.61908,0.1451817,0.1737809,-44.2177,-27.40569,30.1122
54.490104675,21.92498,55.51587,-26.23243,0.6831095,0.1784058,0.1623664,-46.103,-27.42179,26.20301
54.500017166,26.94197,49.98193,-31.93918,0.8497599,0.1855758,0.209369,-46.103,-27.42179,26.20301
54.50992918,29.1098,48.11787,-28.68694,1.020378,0.1691609,0.1865547,-46.103,-27.42179,26.20301
54.519842148,23.34956,56.09838,-26.47788,1.171299,0.2212004,0.1350891,-46.103,-27.42179,26.20301
54.529754639,11.82908,61.3410599999998,-33.16644,1.245828,0.2327135,0.02548058,-46.103,-27.42179,26.20301
54.539666653,-8.85822799999998,77.7098599999999,-40.16181,1.268187,0.2592584,-0.05185484,-48.28403,-28.55987,22.74861
54.549579143,-33.57151,106.1951,-45.43902,1.133465,0.2096354,-0.134487,-48.28403,-28.55987,22.74861
54.559491157,-50.23285,117.962,-50.90032,1.014347,0.05191996,-0.0619322,-48.28403,-28.55987,22.74861
54.569403648,-62.8062700000001,108.0591,-50.40942,0.9018776,-0.1141401,-0.3995496,-48.28403,-28.55987,22.74861
54.579316616,-77.5475300000001,92.8553700000002,-44.02767,0.9054363,-0.1886607,-0.4735432,-48.28403,-28.55987,22.74861
54.589228153,-92.2268400000002,77.7681100000001,-37.95274,1.012962,-0.28026,-0.5380485,-49.4171,-29.3319,17.16748
54.599141121,-98.2967799999999,63.7293900000001,-27.45969,1.148872,-0.3756242,-0.461675,-49.4171,-29.3319,17.16748
54.609053135,-91.60747,68.27304,-19.85069,1.30209,-0.3175113,-0.2821653,-49.4171,-29.3319,17.16748
54.618965626,-67.88519,96.2339900000001,-18.5007,1.417785,-0.2459229,-0.3125282,-49.4171,-29.3319,17.16748
54.628878117,-26.57251,119.1853,-15.80074,1.405423,-0.1705646,-0.5236617,-49.4171,-29.3319,17.16748
54.638790131,14.92598,123.9037,-10.21671,1.316396,-0.1412236,-0.63548,-50.51944,-32.72975,10.69499
54.648702621,35.36554,126.4085,-2.116806,1.244719,-0.1903121,-0.6730766,-50.51944,-32.72975,10.69499
54.658614635,34.25066,130.5444,5.18538,1.177066,-0.2522155,-0.6671014,-50.51944,-32.72975,10.69499
54.668527603,27.99491,131.8259,7.148993,1.097622,-0.3379492,-0.6467713,-50.51944,-32.72975,10.69499
54.678439617,40.25865,131.8259,6.84217800000002,1.061425,-0.4486448,-0.6822255,-50.51944,-32.72975,10.69499
54.688352108,79.6512499999998,130.5444,9.84896099999999,1.096491,-0.6165518,-0.7019144,-52.02352,-33.87823,4.667244
54.698264599,132.1747,134.4473,18.74658,1.134433,-0.7083539,-0.6380556,-52.02352,-33.87823,4.667244
54.708176613,173.6732,142.8938,25.61923,1.134827,-0.5869337,-0.5052068,-52.02352,-33.87823,4.667244
54.718089104,186.5563,155.0685,20.40338,1.114822,-0.4737435,-0.3208472,-52.02352,-33.87823,4.667244
54.728001118,169.5234,162.117,10.7694,1.07696,-0.2743426,-0.2985219,-52.02352,-33.87823,4.667244
54.737914085,128.3965,153.4374,6.53536400000002,1.028408,-0.2091706,-0.2361784,-52.80035,-33.15028,-0.5349846
54.747826576,89.1897000000002,137.0686,14.45118,0.9888479,-0.211594,-0.2343882,-52.80035,-33.15028,-0.5349846
54.760216236,69.6172800000001,106.4863,22.18291,0.9919529,-0.1990335,-0.2506587,-52.80035,-33.15028,-0.5349846
54.770129204,79.1557400000002,87.7291899999998,28.62601,1.048171,-0.2663804,-0.2833177,-52.80035,-33.15028,-0.5349846
54.780041695,105.6033,79.6904299999997,34.21003,1.109926,-0.3096839,-0.3677248,-52.80035,-33.15028,-0.5349846
54.789953709,134.5284,83.1272900000002,38.25999,1.124809,-0.2981781,-0.4287659,-53.58205,-31.66764,-4.390386
54.799866199,153.853,91.1660599999999,42.67812,1.122128,-0.2473603,-0.4399264,-53.58205,-31.66764,-4.390386
54.809778213,158.6223,99.6125900000001,45.99171,1.084024,-0.1885558,-0.4151743,-53.58205,-31.66764,-4.390386
54.819690704,149.8271,104.2145,46.54398,1.053019,-0.1717244,-0.3672397,-53.58205,-31.66764,-4.390386
54.829602718,136.1387,107.4766,47.03488,1.044081,-0.1814134,-0.344174,-53.58205,-31.66764,-4.390386
54.839515686,128.8301,108.7582,48.26214,1.038596,-0.1812875,-0.3066702,-54.34807,-30.9274,-6.573118
54.849428177,131.6792,107.0688,47.70987,1.022624,-0.1696974,-0.2771556,-54.34807,-30.9274,-6.573118
54.859340191,143.7571,102.2922,47.70987,0.9993705,-0.1762199,-0.2635395,-54.34807,-30.9274,-6.573118
54.869252682,155.7112,96.0592299999998,48.26214,0.9850638,-0.1510976,-0.2464343,-54.34807,-30.9274,-6.573118
54.879164696,158.9939,91.0495600000001,48.99849,0.9842737,-0.09906522,-0.2148701,-54.34807,-30.9274,-6.573118
54.889077187,149.0838,86.21465,50.4712,0.9775072,-0.06398782,-0.1660778,-55.88017,-28.68674,-8.242618
54.898990154,131.6173,80.3312000000001,52.80299,0.9574189,-0.07376801,-0.1337866,-55.88017,-28.68674,-8.242618
54.908901691,119.1058,73.6322299999998,54.52116,0.929753,-0.08132743,-0.1225375,-55.88017,-28.68674,-8.242618
54.918814659,120.0349,65.8847099999998,55.19615,0.8991221,-0.09284241,-0.1189698,-55.88017,-28.68674,-8.242618
54.928726673,131.865,57.37993,54.64388,0.898789,-0.06618646,-0.1202296,-55.88017,-28.68674,-8.242618
54.938639164,142.3326,52.1955,54.21434,0.9286749,-0.01920104,-0.1072287,-56.29457,-26.07167,-9.983353
54.948551655,146.1108,49.28291,55.01206,0.9317501,0.01773414,-0.0978881,-56.29457,-26.07167,-9.983353
54.958463669,144.9339,45.84604,56.48477,0.9263886,0.02499273,-0.08770683,-56.29457,-26.07167,-9.983353
54.96837616,142.3945,42.00141,57.15976,0.9247184,0.0531613,-0.07453945,-56.29457,-26.07167,-9.983353
54.978288174,142.2087,39.26357,56.97567,0.9321243,0.08767621,-0.07485817,-56.29457,-26.07167,-9.983353
54.988201141,143.9429,36.40922,56.23932,0.9361842,0.1629155,-0.06767225,-57.05925,-24.94977,-10.43263
54.998113632,140.6602,34.42865,54.2757,0.9199129,0.2458093,-0.03143782,-57.05925,-24.94977,-10.43263
55.008025646,127.1577,33.20536,51.75983,0.8921925,0.3155342,0.01729887,-57.05925,-24.94977,-10.43263
55.017938137,104.4884,30.11801,50.83938,0.8644647,0.3445279,0.06528413,-57.05925,-24.94977,-10.43263
55.027850151,83.7391599999997,28.3122,48.26214,0.8137337,0.3341979,0.06520431,-57.05925,-24.94977,-10.43263
55.037762642,73.4574399999998,27.08891,44.15083,0.7741074,0.3171059,0.04336965,-57.83525,-22.70043,-9.985952
55.050153255,71.41348,23.53554,39.54861,0.7577193,0.3126305,0.06125724,-57.83525,-22.70043,-9.985952
55.060065269,68.3785199999998,18.99188,36.4191,0.7361735,0.331857,0.08079092,-57.83525,-22.70043,-9.985952
55.069978237,58.71619,12.35116,34.45549,0.7093825,0.3403538,0.1007818,-57.83525,-22.70043,-9.985952
55.079889774,42.11679,3.14735,34.08731,0.693409,0.3048746,0.1227804,-58.98227,-20.82754,-9.985884
55.089802742,25.02188,-6.46422299999998,34.94639,0.6951914,0.2375005,0.1223151,-58.98227,-20.82754,-9.985884
55.099715233,14.80211,-13.97873,37.03273,0.7003245,0.1662295,0.110269,-58.98227,-20.82754,-9.985884
55.109627247,13.50141,-19.16315,39.36452,0.7107092,0.1130084,0.1069375,-58.98227,-20.82754,-9.985884
55.119539738,16.908,-21.72624,40.83723,0.7269639,0.05791086,0.1016185,-58.98227,-20.82754,-9.985884
55.129451752,18.7042,-25.1631,43.04629,0.7525607,0.01368841,0.1140514,-59.38562,-18.58,-9.99086
55.139364243,16.78412,-28.48347,43.35311,0.7648768,-0.06854084,0.1220326,-59.38562,-18.58,-9.99086
55.14927721,12.26265,-33.31838,43.5372,0.7944653,-0.1273069,0.1252087,-59.38562,-18.58,-9.99086
55.159189224,6.006905,-37.33776,44.21219,0.8269934,-0.1394521,0.1358706,-59.38562,-18.58,-9.99086
55.169101715,-1.549538,-39.26008,42.80084,0.8350164,-0.1053522,0.1475474,-59.38562,-18.58,-9.99086
55.179013729,-14.61847,-42.23093,41.45086,0.8524613,-0.07448212,0.1682385,-60.52507,-16.69848,-7.870718
55.18892622,-32.82825,-44.79401,39.30315,0.8567964,-0.08933473,0.1921074,-60.52507,-16.69848,-7.870718
55.198838711,-48.43664,-47.76486,36.91,0.8358161,-0.1466479,0.129499,-60.52507,-16.69848,-7.870718
55.208750725,-58.5325399999999,-50.96872,35.98956,0.8154325,-0.1792601,0.1539583,-60.52507,-16.69848,-7.870718
55.218663693,-59.7713099999999,-56.67741,35.62138,0.7740794,-0.1821111,0.1711273,-60.52507,-16.69848,-7.870718
55.22857523,-53.82525,-65.0074500000001,35.13048,0.7655532,-0.1769606,0.1563556,-61.68851,-12.94373,-5.692101
55.238488197,-48.80827,-72.0559399999998,35.31457,0.7768587,-0.1275205,0.2199613,-61.68851,-12.94373,-5.692101
55.248400688,-53.70137,-75.4345500000001,33.16687,0.7804244,-0.0593589,0.2659974,-61.68851,-12.94373,-5.692101
55.258312702,-71.8492300000003,-79.6286899999998,31.20325,0.8084137,-0.0230989,0.2722222,-61.68851,-12.94373,-5.692101
55.268225193,-95.5715,-85.04612,28.62601,0.8265675,-0.0006491966,0.2568388,-61.68851,-12.94373,-5.692101
55.278137207,-117.9311,-91.5120900000001,24.69878,0.8966976,-0.03502645,0.2842905,-62.45048,-11.05853,-2.67448
55.288049698,-143.2638,-92.9683899999999,21.13973,1.103912,-0.1792969,0.2948575,-62.45048,-11.05853,-2.67448
55.297962666,-180.1169,-99.8421199999999,18.31704,1.370574,-0.2853926,0.04392287,-62.45048,-11.05853,-2.67448
55.30787468,-174.2948,-160.4241,13.34665,1.683432,-0.4198023,-0.07462377,-62.45048,-11.05853,-2.67448
55.31778717,-86.2807900000001,-175.9192,4.387662,2.705511,-0.5168338,0.8227765,-62.45048,-11.05853,-2.67448
55.330177307,63.3615400000001,-42.40568,0.460436,3.475317,-0.9762995,1.061798,-63.2014,-9.540859,2.078899
55.340089798,172.4344,75.3215299999997,-17.64162,2.697849,-0.3707633,0.8665545,-63.2014,-9.540859,2.078899
55.350002289,216.2247,137.3599,-62.0069999999998,1.787058,0.2124766,0.8999902,-63.2014,-9.540859,2.078899
55.359914303,198.0768,165.6703,-81.58176,0.9160116,0.4823956,0.7230625,-63.2014,-9.540859,2.078899
55.369826794,154.906,145.6317,-73.9727700000002,0.203321,0.6713273,0.3487064,-63.2014,-9.540859,2.078899
55.379738808,56.11479,65.12743,-49.79578,-0.3060939,0.8600413,-0.1826223,-63.59045,-8.037279,3.361123
55.389651775,-58.8422299999998,-10.07585,-38.93455,-0.2393701,0.4344451,-0.2302493,-63.59045,-8.037279,3.361123
55.399564266,-136.079,-67.62878,-24.02337,-0.07478467,0.04469083,-0.8014348,-63.59045,-8.037279,3.361123
55.40947628,-153.7313,-113.9391,-1.99408,0.2639755,-0.1086649,-0.8958592,-63.59045,-8.037279,3.361123
55.419388771,-140.6005,-134.8515,11.50576,0.7752395,-0.1549973,-0.4942021,-63.59045,-8.037279,3.361123
55.429300785,-120.2848,-83.9975899999998,12.18075,1.222999,-0.2186885,-0.2020296,-62.06543,-11.04621,0.343071
55.439213276,-71.78729,-41.99792,1.074065,1.016565,-0.0549788,-0.01849032,-62.06543,-11.04621,0.343071
55.449126244,-17.2818,-11.41564,-0.3372818,1.221037,-0.3642864,0.05582386,-62.06543,-11.04621,0.343071
55.459037781,-5.451635,-14.67775,0.0922585699999997,1.255342,-0.2272226,0.3190663,-62.06543,-11.04621,0.343071
55.468950749,-49.61346,-24.69709,2.055871,1.327855,-0.2501248,0.4968619,-62.06543,-11.04621,0.343071
55.478862763,-98.1728999999999,-28.77472,-2.239532,1.25773,-0.2525522,0.6650696,-61.67228,-11.78491,2.913218
55.488775253,-77.5475300000001,-26.5029,-11.25988,1.12077,-0.2972377,0.4177967,-61.67228,-11.78491,2.913218
55.498687744,-13.81327,-18.17287,-19.85069,1.018384,-0.1659701,0.1718564,-61.67228,-11.78491,2.913218
55.508599758,35.42748,-12.23117,-22.18248,0.9648398,0.02002754,-0.01559162,-61.67228,-11.78491,2.913218
55.518512249,55.30959,-8.61954700000002,-18.25525,0.9113629,0.2004639,-0.05999018,-61.67228,-11.78491,2.913218
55.528424263,44.28462,-5.706948,-12.91668,0.8751171,0.2555791,-0.09674013,-62.41273,-12.15591,3.817689
55.538337231,12.63428,-11.29914,-5.246314,0.7984314,0.1563806,-0.06164024,-62.41273,-12.15591,3.817689
55.548249722,-27.74933,-21.66799,0.951339199999998,0.7297773,-0.02042106,-0.1447704,-62.41273,-12.15591,3.817689
55.558161735,-61.93914,-37.80378,10.03305,0.781832,-0.2330478,-0.133704,-62.41273,-12.15591,3.817689
55.568074226,-81.2638099999998,-47.99787,17.64205,0.9040148,-0.3847001,-0.1267213,-62.41273,-12.15591,3.817689
55.57798624,-82.81226,-48.87165,22.61244,1.015714,-0.4190409,-0.09869347,-62.40813,-12.15068,5.102581
55.587898731,-68.1948900000002,-41.12414,24.33061,1.082494,-0.3366073,-0.07043255,-62.40813,-12.15068,5.102581
55.597811699,-41.62346,-28.42521,21.63064,1.139191,-0.2010435,-0.0570895,-62.40813,-12.15068,5.102581
55.607723236,-8.053034,-16.60007,14.32845,1.203449,-0.01868946,-0.01469516,-62.40813,-12.15068,5.102581
55.620114326,25.88902,3.72987,-3.46679,1.186766,0.2588639,0.1616056,-62.40813,-12.15068,5.102581
55.630025864,31.64926,11.65214,-10.95306,1.099717,0.282645,0.1884976,-62.03413,-11.77083,6.384373
55.639938831,14.43048,4.778405,-12.36441,0.9487705,0.209368,0.1649174,-62.03413,-11.77083,6.384373
55.649851322,-13.87521,-12.98844,-11.75078,0.8414628,0.06304046,0.06746285,-62.03413,-11.77083,6.384373
55.659763336,-36.91616,-28.94948,-12.42577,0.8275619,-0.05845547,-0.04749566,-62.03413,-11.77083,6.384373
55.669675827,-45.2778,-39.60959,-11.75078,0.9040332,-0.1632534,-0.1516549,-62.03413,-11.77083,6.384373
55.679587841,-38.65043,-42.58044,-12.36441,1.009679,-0.1765492,-0.1647245,-62.03574,-11.77266,5.93466
55.689500332,-25.89119,-33.72614,-11.93487,1.089494,-0.09232508,-0.1029611,-62.03574,-11.77266,5.93466
55.699413299,-18.52057,-21.49323,-10.03262,1.079571,0.01893636,-0.0344258,-62.03574,-11.77266,5.93466
55.709325314,-20.62646,-14.32824,-8.92808800000003,0.9962532,0.007798829,-0.0183644,-62.03574,-11.77266,5.93466
55.719237804,-27.74933,-18.23112,-7.148564,0.9656911,-0.09416377,-0.0662967,-62.03574,-11.77266,5.93466
55.729149818,-33.94314,-25.74562,-5.491766,0.9544467,-0.2103925,-0.1068202,-61.65043,-12.14016,7.668474
55.739062309,-32.085,-28.54172,-4.387233,0.9806457,-0.2796763,-0.1603414,-61.65043,-12.14016,7.668474
55.7489748,-18.21087,-26.44465,-5.184951,1.037433,-0.2372278,-0.151941,-61.65043,-12.14016,7.668474
55.758886814,1.547365,-20.50295,-4.878137,1.037433,-0.2525893,-0.1222735,-61.65043,-12.14016,7.668474
55.768799782,15.6073,-16.1923,-6.90311299999998,1.002788,-0.1629914,-0.0579753,-61.65043,-12.14016,7.668474
55.778711319,17.40351,-15.08551,-11.75078,0.97154,-0.1026321,-0.03039534,-61.64259,-12.51136,8.504808
55.788624287,10.59032,-18.9884,-15.00302,0.9294403,-0.1173306,-0.05219119,-61.64259,-12.51136,8.504808
55.798536777,5.697214,-25.80387,-16.16891,0.9133745,-0.1672525,-0.1037521,-61.64259,-12.51136,8.504808
55.808448791,4.458453,-31.97858,-16.10755,0.9056853,-0.1809391,-0.1066531,-61.64259,-12.51136,8.504808
55.818361282,8.36055000000001,-36.40573,-15.73937,0.9360703,-0.250519,-0.1338064,-61.64259,-12.51136,8.504808
55.828273296,16.96994,-37.16301,-15.43256,0.9694192,-0.2966319,-0.1305807,-61.62669,-13.25349,10.24172
55.838185787,26.13677,-35.41545,-15.24847,1.004481,-0.2616317,-0.103783,-61.62669,-13.25349,10.24172
55.848098755,34.62228,-33.84264,-17.88707,0.9827625,-0.2420071,-0.1005704,-61.62669,-13.25349,10.24172
55.858010769,42.36454,-35.88146,-19.11433,1.009031,-0.2058978,-0.119299,-61.62669,-13.25349,10.24172
55.86792326,47.31959,-35.06594,-20.03478,1.024852,-0.1246443,-0.1025786,-61.62669,-13.25349,10.24172
55.877835274,48.37253,-32.32809,-18.43934,1.018402,-0.02331802,-0.08839947,-60.48156,-14.3683,12.42366
55.890225887,45.95695,-31.97858,-18.31661,1.001917,0.08775747,-0.03997137,-60.48156,-14.3683,12.42366
55.900138378,39.14376,-31.39606,-19.35978,1.016173,0.1518771,0.04243101,-60.48156,-14.3683,12.42366
55.910050392,29.6053,-29.06598,-20.03478,1.013144,0.1878886,0.07534968,-60.48156,-14.3683,12.42366
55.919962883,19.63328,-27.20192,-19.78932,1.009826,0.1605831,0.05359134,-60.46913,-14.73427,14.54489
55.929875851,9.35155899999998,-33.14362,-12.91668,0.9978772,0.09179264,-5.399622e-05,-60.46913,-14.73427,14.54489
55.939787865,-5.699387,-37.74553,-7.27128999999997,0.9648852,0.04809555,-0.02596853,-60.46913,-14.73427,14.54489
55.949700356,-26.75833,-38.6193,-5.000863,0.9748169,-0.01462958,-0.08457741,-60.46913,-14.73427,14.54489
55.95961237,-49.6754,-37.92028,-3.589516,0.9859253,-0.09236094,-0.1413765,-60.46913,-14.73427,14.54489
55.96952486,-67.6374399999998,-35.00768,-1.56454,0.98939,-0.1710724,-0.181786,-60.09489,-14.35415,15.89092
55.979437351,-76.3087699999998,-33.08537,-0.03046724,0.9762959,-0.2333724,-0.1964847,-60.09489,-14.35415,15.89092
55.989349365,-73.0260499999997,-32.79411,0.1536215,0.9619025,-0.2592664,-0.1998852,-60.09489,-14.35415,15.89092
55.999262333,-56.73634,-33.37663,-0.3986447,0.9783927,-0.2810795,-0.2385957,-60.09489,-14.35415,15.89092
56.00917387,-31.65143,-35.76496,-0.766822200000002,1.012339,-0.2646995,-0.2469632,-60.09489,-14.35415,15.89092
56.019086838,-7.557528,-34.19216,-1.687266,1.024743,-0.214945,-0.2188973,-60.06467,-16.22033,17.56705
56.028999329,6.87403699999997,-24.69709,-5.79858000000001,1.024479,-0.1619115,-0.1825297,-60.06467,-16.22033,17.56705
56.038911343,9.47543500000001,-15.37677,-8.98945100000001,1.00295,-0.1312172,-0.1955705,-60.06467,-16.22033,17.56705
56.048823833,3.219692,-12.05641,-8.43718500000001,0.9527041,-0.1259334,-0.1777849,-60.06467,-16.22033,17.56705
56.058735847,-6.194891,-14.03698,-7.76219299999999,0.9027246,-0.1090519,-0.1680873,-60.06467,-16.22033,17.56705
56.068648338,-12.69839,-19.62917,-9.66444299999998,0.8747903,-0.09577541,-0.1586175,-59.30809,-16.5912,18.46374
56.078560352,-13.87521,-29.29899,-11.50533,0.8853574,-0.08403227,-0.1634385,-59.30809,-16.5912,18.46374
56.08847332,-11.5835,-38.67756,-12.18032,0.897765,-0.04159293,-0.1435841,-59.30809,-16.5912,18.46374
56.098385811,-9.78729900000003,-39.49308,-12.36441,0.9320152,-0.01262015,-0.1552316,-59.30809,-16.5912,18.46374
56.108297825,-10.96412,-35.5902,-13.10077,0.9528623,0.01510699,-0.1878904,-59.30809,-16.5912,18.46374
56.118210316,-14.43265,-32.09509,-14.38939,0.9680098,0.01601866,-0.2355601,-58.55174,-16.96234,19.29618
56.12812233,-19.44963,-32.38634,-15.06438,0.9717301,0.01304128,-0.2577016,-58.55174,-16.96234,19.29618
56.138034821,-22.36072,-35.82321,-15.92346,0.9599603,0.03043726,-0.2406714,-58.55174,-16.96234,19.29618
56.147947788,-20.56452,-36.87175,-17.33481,0.962255,0.05868242,-0.2222584,-58.55174,-16.96234,19.29618
56.157859325,-13.50358,-37.62902,-19.48251,0.9686109,0.09583494,-0.1788554,-58.55174,-16.96234,19.29618
56.167772293,-4.150936,-35.99797,-21.50749,0.9689633,0.1121159,-0.1254527,-58.15512,-18.07721,21.48201
56.180162907,4.520391,-33.78439,-24.02337,0.9676849,0.09293176,-0.08187424,-58.15512,-18.07721,21.48201
56.190074921,1.547365,-33.14362,-23.34837,0.9635243,0.04056691,-0.07210129,-58.15512,-18.07721,21.48201
56.199987412,-13.19389,-32.32809,-23.10292,0.9344032,0.002751206,-0.0951315,-58.15512,-18.07721,21.48201
56.209899426,-33.81926,-31.45431,-24.14609,0.9050232,-0.03349634,-0.1892123,-58.15512,-18.07721,21.48201
56.219811916,-52.46262,-33.55138,-24.45291,0.8958742,-0.03672322,-0.322153,-57.37939,-19.56664,23.66705
56.229724407,-63.5495299999999,-39.31833,-24.57563,0.8867108,-0.02142097,-0.4348035,-57.37939,-19.56664,23.66705
56.239636421,-66.2128700000001,-49.51242,-24.08473,0.8762486,-0.02019593,-0.5475358,-57.37939,-19.56664,23.66705
56.249549389,-58.6564199999999,-58.01721,-28.50286,0.8598117,-0.02006695,-0.5766725,-57.37939,-19.56664,23.66705
56.259461403,-43.72935,-55.10461,-34.82323,0.893924,-0.04286449,-0.5670565,-57.37939,-19.56664,23.66705
56.269373894,-21.12196,-54.34734,-37.58457,0.9521723,-0.08429433,-0.5621094,-56.23909,-20.68694,24.49986
56.279286385,2.414498,-56.61916,-38.93455,0.9783403,-0.081878,-0.4394148,-56.23909,-20.68694,24.49986
56.289198399,18.89002,-56.56091,-41.87997,0.997687,-0.09392073,-0.2836225,-56.23909,-20.68694,24.49986
56.29911089,23.47343,-53.53181,-43.04586,0.9921264,-0.1352802,-0.1114698,-56.23909,-20.68694,24.49986
56.309022904,15.04986,-46.48332,-42.61633,0.9849952,-0.1633018,0.01853234,-56.23909,-20.68694,24.49986
56.318935871,-3.531555,-39.60959,-38.62774,0.9798692,-0.174209,0.0780467,-54.33089,-22.92547,26.68137
56.328848362,-23.28979,-36.58049,-34.70051,0.9725718,-0.1462371,0.06677674,-54.33089,-22.92547,26.68137
56.338760376,-37.65942,-37.45427,-33.41189,0.9797223,-0.1067376,-0.0002483902,-54.33089,-22.92547,26.68137
56.348672867,-43.9771,-38.85231,-34.33233,0.9847551,-0.1458746,-0.07978178,-54.33089,-22.92547,26.68137
56.358584881,-49.24184,-43.62897,-29.05512,1.183931,-0.2762263,-0.2644722,-54.33089,-22.92547,26.68137
56.368497372,-57.5415299999998,-58.7744800000002,-10.33944,1.47817,-0.4677134,-0.4057943,-52.80203,-24.7897,28.79942
56.378410339,-58.9041700000001,-51.60949,8.43761400000001,1.5138,-0.4638767,-0.3124674,-52.80203,-24.7897,28.79942
56.388321877,-51.47161,0.9920276,12.11939,1.467186,-0.2926047,-0.270562,-52.80203,-24.7897,28.79942
56.398234844,-37.04004,45.03051,20.83292,1.452514,-0.1374462,-0.3274918,-52.80203,-24.7897,28.79942
56.408146858,-27.3777,54.64209,31.93961,1.228519,0.1601937,-0.173628,-52.80203,-24.7897,28.79942
56.418059349,-39.02206,49.0499,21.75336,0.9338316,0.419758,0.1943064,-51.26758,-27.78791,28.4154
56.42797184,-77.0520199999999,48.81689,2.117234,0.9132555,0.5356044,0.6120458,-51.26758,-27.78791,28.4154
56.437883854,-115.1439,45.38002,-9.90989499999997,1.003531,0.3707798,0.3056925,-51.26758,-27.78791,28.4154
56.447796345,-125.2398,37.86552,-14.88029,1.089018,0.2040037,0.1021244,-51.26758,-27.78791,28.4154
56.460186958,-104.057,46.77807,-18.62343,1.212588,0.1357255,0.008336313,-51.26758,-27.78791,28.4154
56.470098972,-71.5395399999998,60.1177699999999,-21.13931,1.293647,0.1137673,0.06698,-52.04305,-26.6783,24.94662
56.48001194,-34.93415,76.0787999999999,-18.93024,1.371593,0.08314727,0.1457614,-52.04305,-26.6783,24.94662
56.489923477,-9.78729900000003,89.4767500000002,-10.95306,1.409149,0.07333473,0.2202534,-52.04305,-26.6783,24.94662
56.499836445,0.1847278,104.2145,-4.325871,1.429553,0.1040154,0.2908523,-52.04305,-26.6783,24.94662
56.509748936,2.35256,118.8357,-0.2759189,1.424068,0.09926277,0.3225619,-52.04305,-26.6783,24.94662
56.51966095,3.157754,131.3599,0.767250500000003,1.390247,0.128305,0.3009809,-52.40496,-29.32508,18.91765
56.529573441,-1.859228,136.2531,1.074065,1.340229,0.1207762,0.2783457,-52.40496,-29.32508,18.91765
56.539485455,-10.90218,137.4764,2.178597,1.320909,0.1121144,0.2438953,-52.40496,-29.32508,18.91765
56.549397945,-21.9891,138.1754,0.3990731,1.230184,0.06596457,0.1642404,-52.40496,-29.32508,18.91765
56.559310913,-32.33275,124.894,-6.65766099999999,1.108248,0.04481384,-0.06860986,-52.40496,-29.32508,18.91765
56.569222927,-41.43764,104.6805,-4.448596,1.064497,-0.006344686,-0.1986689,-55.03828,-30.10088,12.44488
56.579135418,-57.4176600000001,95.82622,7.27171900000003,1.097147,0.1232763,-0.05790115,-55.03828,-30.10088,12.44488
56.589047432,-90.7403300000002,92.7388699999998,18.62386,1.211652,0.05963721,-0.07666978,-55.03828,-30.10088,12.44488
56.598959923,-119.046,83.0107899999998,28.56465,1.286612,0.09502846,-0.1640359,-55.03828,-30.10088,12.44488
56.608872414,-116.3827,79.1661599999998,34.63958,1.344079,0.03319215,-0.2590903,-55.03828,-30.10088,12.44488
56.618784428,-71.4776000000001,81.55449,40.83723,1.363501,-0.04591563,-0.5080388,-56.93737,-30.13267,4.681007
56.628697395,-3.221865,92.2145999999998,47.03488,1.353576,-0.1583089,-0.6537035,-56.93737,-30.13267,4.681007
56.638609409,52.15075,113.1853,48.50759,1.307722,-0.1907751,-0.633329,-56.93737,-30.13267,4.681007
56.6485219,76.30659,134.2725,45.00991,1.223318,-0.1946556,-0.5240586,-56.93737,-30.13267,4.681007
56.658434391,75.0678300000003,151.0491,40.28496,1.090588,-0.1749577,-0.4266682,-56.93737,-30.13267,4.681007
56.668346405,61.5653400000002,161.3597,33.96458,0.9663439,-0.1233673,-0.3704374,-57.36531,-27.9131,-2.198145
56.678258896,54.19471,158.5053,29.301,0.9019915,-0.06066166,-0.2781945,-57.36531,-27.9131,-2.198145
56.68817091,63.3615400000001,154.0782,29.85327,0.8872827,0.0247481,-0.1344023,-57.36531,-27.9131,-2.198145
56.698083877,87.45544,153.0296,30.03736,0.8662889,0.07913539,-0.06758399,-57.36531,-27.9131,-2.198145
56.707996368,110.2486,148.1947,31.14189,0.8811002,0.1249986,-0.04772894,-57.36531,-27.9131,-2.198145
56.717908382,113.4075,137.8259,34.02594,0.9436503,0.2240516,0.01669368,-57.79508,-25.69562,-9.591254
56.727820873,90.5523500000002,121.5736,43.5372,0.9755179,0.2861968,0.04994389,-57.79508,-25.69562,-9.591254
56.737732887,58.9639400000003,109.3407,46.11444,1.015714,0.2718692,-0.004781185,-57.79508,-25.69562,-9.591254
56.750123501,31.71119,104.2728,47.52578,1.071273,0.2217405,-0.08149397,-57.79508,-25.69562,-9.591254
56.760035992,27.49941,107.3019,48.99849,1.069833,0.1678379,-0.09432385,-57.79508,-25.69562,-9.591254
56.769948006,36.97593,110.098,51.51437,1.036837,0.1529194,-0.08691572,-56.3259,-24.96696,-14.67667
56.779860496,48.68222,107.0688,52.55754,0.9762242,0.1387594,-0.05379874,-56.3259,-24.96696,-14.67667
56.789773464,53.63727,98.6805600000003,51.39165,0.8910037,0.1578687,0.002815067,-56.3259,-24.96696,-14.67667
56.799685478,53.32758,90.1175300000003,47.15761,0.8398712,0.1373342,-0.0006901147,-56.3259,-24.96696,-14.67667
56.809597969,55.12378,84.1175799999999,45.62354,0.8305626,0.1715942,-0.009978952,-56.3259,-24.96696,-14.67667
56.819509983,53.6992,79.8069300000001,45.99171,0.8161905,0.2237513,-0.01526046,-56.00258,-22.36411,-19.4408
56.829422474,40.75415,71.4186500000001,49.36667,0.8016357,0.2953255,-0.01560935,-56.00258,-22.36411,-19.4408
56.839334965,20.93398,63.1468699999999,50.04166,0.7697266,0.2953494,-0.0277982,-56.00258,-22.36411,-19.4408
56.849246979,7.24566599999997,57.37993,49.67349,0.7379746,0.2396057,-0.04228066,-56.00258,-22.36411,-19.4408
56.859159946,8.11279800000001,54.81684,48.26214,0.7437254,0.1857204,-0.06910153,-56.00258,-22.36411,-19.4408
56.869071484,17.46544,55.39936,46.60534,0.7663236,0.173862,-0.07275064,-54.53896,-20.88156,-23.37212
56.878984451,20.12878,54.93335,46.35989,0.764762,0.2015993,-0.04950381,-54.53896,-20.88156,-23.37212
56.888896942,6.06884200000002,49.34116,48.69168,0.7382265,0.183648,0.01208226,-54.53896,-20.88156,-23.37212
56.898808956,-18.5825,39.26357,50.90075,0.6750802,0.112347,0.06500864,-54.53896,-20.88156,-23.37212
56.908721447,-38.46461,27.38017,52.98708,0.6645078,0.01451668,0.1115102,-54.53896,-20.88156,-23.37212
56.918633461,-45.33974,19.05013,52.92572,0.6470222,-0.04904868,0.1438992,-53.45771,-18.26793,-25.50611
56.928545952,-44.10098,12.46766,54.15298,0.6555239,-0.08567094,0.1671043,-53.45771,-18.26793,-25.50611
56.93845892,-43.04803,6.40946000000002,56.97567,0.6363205,-0.1391502,0.09154081,-53.45771,-18.26793,-25.50611
56.948370934,-47.69339,0.1765001,59.12337,0.6356689,-0.1004561,0.1686299,-53.45771,-18.26793,-25.50611
56.958283424,-57.7892899999998,-9.90108999999998,62.9892399999998,0.6151774,-0.1577631,0.1060171,-53.45771,-18.26793,-25.50611
56.968195438,-65.3457299999998,-22.0175,66.8551,0.6109674,-0.1496747,0.08642343,-52.7415,-16.02396,-26.41635
56.978107929,-68.1948900000002,-32.15334,68.3891800000003,0.6145751,-0.1680721,0.08290639,-52.7415,-16.02396,-26.41635
56.98802042,-67.88519,-40.42512,67.40737,0.6280767,-0.1911655,0.08502846,-52.7415,-16.02396,-26.41635
56.997932434,-64.9121599999999,-45.9008,65.1983000000001,0.6510084,-0.1850498,0.08725791,-52.7415,-16.02396,-26.41635
57.007845402,-60.9481299999999,-49.62893,61.8846999999997,0.6738064,-0.1594915,0.0992213,-52.7415,-16.02396,-26.41635
57.017757416,-59.6474299999999,-52.94929,57.7120299999998,0.6966298,-0.1290419,0.1193797,-54.30132,-11.53416,-27.7073
57.030148029,-64.0450400000001,-58.3084700000001,53.47799,0.7120582,-0.09432535,0.1386747,-54.30132,-11.53416,-27.7073
57.04006052,-70.7962799999999,-62.56086,48.69168,0.7305062,-0.08464502,0.1846637,-54.30132,-11.53416,-27.7073
57.049972534,-79.2198600000003,-65.0656999999997,43.16902,0.7456904,-0.1105346,0.2045175,-54.30132,-11.53416,-27.7073
57.059885025,-86.2188600000001,-68.2695499999997,38.81225,0.7469468,-0.1235482,0.2164231,-55.86328,-5.906463,-25.53251
57.069797516,-90.61646,-70.6578900000002,34.63958,0.7721851,-0.1667333,0.2427909,-55.86328,-5.906463,-25.53251
57.07970953,-95.8192500000002,-72.2306899999998,33.04414,0.7781454,-0.1878267,0.2747658,-55.86328,-5.906463,-25.53251
57.089622498,-102.6944,-75.2598000000001,30.22145,0.7844476,-0.2143562,0.2860546,-55.86328,-5.906463,-25.53251
57.099534035,-109.5076,-78.7549100000002,26.60103,0.8288528,-0.2670079,0.3107415,-55.86328,-5.906463,-25.53251
57.109447002,-113.038,-79.68694,23.90107,0.8911586,-0.3429471,0.2894928,-57.03184,-1.397291,-22.07131
57.119359493,-110.5605,-79.7451900000002,21.692,0.9506065,-0.4559479,0.3275631,-57.03184,-1.397291,-22.07131
57.129271507,-102.6324,-76.2500800000001,19.60566,1.090456,-0.5424684,0.4169234,-57.03184,-1.397291,-22.07131
57.139183998,-90.3687099999997,-67.2210200000001,19.60566,1.27004,-0.6408607,0.5524126,-57.03184,-1.397291,-22.07131
57.149096012,-69.5575200000002,-49.45417,21.2011,1.456346,-0.7106991,0.661621,-57.03184,-1.397291,-22.07131
57.159008503,-44.28679,-34.94943,24.20788,1.486022,-0.6911399,0.6221039,-58.18068,1.93063,-17.3858
57.168921471,-22.67041,-29.00773,28.44192,1.364395,-0.8401566,0.5079583,-58.18068,1.93063,-17.3858
57.178833485,-4.894192,-35.00768,19.29885,1.289902,-0.6865593,0.4808609,-58.18068,1.93063,-17.3858
57.188745976,9.22768300000001,-39.66784,-2.178169,1.426105,-0.4161924,0.6801881,-58.18068,1.93063,-17.3858
57.19865799,34.3126,-8.32828599999997,-24.94381,1.971325,-0.1398068,1.337685,-58.18068,1.93063,-17.3858
57.20857048,93.0918000000002,110.0397,-47.64808,3.113567,-0.02808692,2.371729,-59.32287,3.809007,-16.0366
57.218482971,165.7451,170.5635,-78.8204299999998,2.406473,-0.180961,1.237355,-59.32287,3.809007,-16.0366
57.228394985,199.5014,76.4283100000002,-93.54753,0.7134129,0.3541142,0.03313387,-59.32287,3.809007,-16.0366
57.238307953,156.1447,-10.83312,-98.2111100000001,0.06121595,0.9695435,-0.3322182,-59.32287,3.809007,-16.0366
57.24821949,47.75315,-40.77463,-79.1886100000002,-0.01052848,0.8906458,-0.6019292,-59.32287,3.809007,-16.0366
57.258132458,-16.29079,-72.11419,-63.1729000000002,0.2891045,0.5860808,-0.6835546,-58.59485,4.54597,-19.06229
57.268044949,-25.14794,-57.3181799999998,-27.95059,0.7787315,-0.1222266,-0.3538099,-58.59485,4.54597,-19.06229
57.277956963,-97.5535200000001,-29.29899,-16.29164,1.174966,-0.2166342,0.1230153,-58.59485,4.54597,-19.06229
57.287869453,-265.0959,15.43851,-18.99161,0.9958778,-0.212113,0.116539,-58.59485,4.54597,-19.06229
57.297781468,-290.5525,12.1764,-7.946282,0.6328063,-0.7562881,-0.3538035,-58.59485,4.54597,-19.06229
57.310172081,-50.29478,-33.37663,-15.37119,0.6962139,-0.891379,-0.003333886,-58.13784,-1.378296,-17.37561
57.320084572,13.93497,-53.93957,-27.88923,1.006822,-0.5057353,0.3151878,-58.13784,-1.378296,-17.37561
57.329996586,-45.33974,-68.9685799999999,-36.90958,1.190423,-0.03190747,0.272952,-58.13784,-1.378296,-17.37561
57.339909554,-115.5775,-59.7647699999999,-49.36625,1.353982,0.08926409,0.1522071,-58.13784,-1.378296,-17.37561
57.349822044,-119.3557,-37.57077,-48.62989,1.239913,-0.04832538,0.07311929,-58.13784,-1.378296,-17.37561
57.359734058,-77.4855899999998,-27.26017,-42.9845,1.035479,-0.1245593,0.07546239,-57.76522,-1.00001,-16.47929
57.369646549,-50.41866,-26.96891,-34.57779,0.9200249,-0.06286901,0.09470697,-57.76522,-1.00001,-16.47929
57.379558563,-50.4806,-33.72614,-28.31877,0.8498254,-0.03877177,0.04846122,-57.76522,-1.00001,-16.47929
57.389471054,-66.2748000000001,-42.40568,-26.78469,0.8395972,-0.01010787,-0.009352374,-57.76522,-1.00001,-16.47929
57.399384022,-85.7233499999999,-47.82312,-26.29379,0.8777681,-0.01108593,-0.1028626,-57.76522,-1.00001,-16.47929
57.409296036,-95.50957,-49.74543,-24.88245,0.9454029,-0.02162649,-0.1477329,-58.1222,-1.740603,-14.35496
57.419208527,-92.9701,-46.0173,-22.36657,1.012504,-0.06169559,-0.0886006,-58.1222,-1.740603,-14.35496
57.429120541,-82.81226,-38.26979,-19.35978,1.051555,-0.1161046,-0.01586002,-58.1222,-1.740603,-14.35496
57.439033032,-72.0350400000002,-33.55138,-16.78254,1.055277,-0.1161453,0.06093059,-58.1222,-1.740603,-14.35496
57.448945522,-66.1509200000002,-30.11452,-15.30983,1.070986,-0.06567332,0.1259429,-58.1222,-1.740603,-14.35496
57.458857536,-68.5045699999999,-27.60969,-14.75756,1.079871,0.02106132,0.1878988,-58.49025,-1.733574,-12.61841
57.468770504,-77.1758999999999,-24.23107,-15.73937,1.054318,0.08140423,0.1986205,-58.49025,-1.733574,-12.61841
57.478682995,-86.2807900000001,-23.7068,-17.88707,1.029296,0.07592145,0.1363948,-58.49025,-1.733574,-12.61841
57.488595009,-94.5185500000002,-27.26017,-19.42115,0.99328,0.04896557,0.07364757,-58.49025,-1.733574,-12.61841
57.4985075,-103.1279,-31.86208,-20.21886,0.9896748,-0.01628985,0.02715099,-58.49025,-1.733574,-12.61841
57.508419514,-110.4366,-35.99797,-18.43934,0.9592444,-0.06843659,-0.04493872,-58.47596,-2.477536,-11.33121
57.518332005,-114.4626,-40.13386,-18.56207,0.9342107,-0.106848,-0.09922098,-58.47596,-2.477536,-11.33121
57.528244972,-115.7633,-44.79401,-19.78932,0.9444425,-0.1574702,-0.1620734,-58.47596,-2.477536,-11.33121
57.53815651,-113.3477,-49.22116,-15.92346,0.968223,-0.2355514,-0.2233135,-58.47596,-2.477536,-11.33121
57.548069477,-105.4197,-49.16291,-10.95306,0.9981949,-0.3197321,-0.2601633,-58.47596,-2.477536,-11.33121
57.557981491,-90.1828900000001,-42.8717,-7.45537899999998,1.04908,-0.4054109,-0.262165,-58.84263,-2.468939,-9.209189
57.567893982,-68.3807000000002,-30.69704,-4.509959,1.083205,-0.4686808,-0.2033625,-58.84263,-2.468939,-9.209189
57.577806473,-42.98609,-16.36706,-1.380451,1.076422,-0.4101882,-0.03341425,-58.84263,-2.468939,-9.209189
57.590196609,-11.89319,-1.105043,-5.062225,1.038261,-0.2818969,0.1147218,-58.84263,-2.468939,-9.209189
57.6001091,12.94397,3.555114,-6.78038700000001,1.02934,-0.2596394,0.03380581,-58.84263,-2.468939,-9.209189
57.610021591,24.40251,4.545397,-9.41899200000002,1.016105,-0.08886784,-0.007668192,-58.46863,-2.089085,-7.927397
57.619933605,21.73917,3.380358,-10.21671,0.9910929,0.01149924,-0.0403793,-58.46863,-2.089085,-7.927397
57.629846573,8.732179,0.293004,-9.23490300000001,0.9701061,0.05344666,-0.03510417,-58.46863,-2.089085,-7.927397
57.639758587,-8.36272300000002,-3.202114,-8.06900800000002,0.9552908,0.08928438,-0.00735939,-58.46863,-2.089085,-7.927397
57.649671078,-27.50158,-5.124428,-6.65766099999999,0.9777348,0.07125272,0.01440019,-58.46863,-2.089085,-7.927397
57.659583568,-44.65842,-7.39625499999999,-5.859943,0.9732323,0.03968555,0.01519185,-58.84774,-1.71452,-7.926604
57.669495583,-55.18789,-11.35739,-4.203145,0.9793953,-0.03057064,0.009385065,-58.84774,-1.71452,-7.926604
57.679408073,-58.7802999999998,-15.84279,-2.300895,0.981172,-0.1028258,0.002645214,-58.84774,-1.71452,-7.926604
57.689320087,-59.1519199999998,-20.44469,-1.687266,0.9903916,-0.1581077,-0.02133609,-58.84774,-1.71452,-7.926604
57.699232578,-59.7713099999999,-22.94953,-2.239532,0.9933352,-0.1985537,-0.06772796,-58.84774,-1.71452,-7.926604
57.709145546,-57.4795999999999,-22.25051,-3.344064,0.9935877,-0.2059877,-0.09947027,-58.46863,-2.089085,-7.927397
57.71905756,-50.41866,-18.11462,-4.509959,1.008249,-0.174349,-0.1109189,-58.46863,-2.089085,-7.927397
57.728970051,-40.8802,-10.01759,-4.571322,1.013688,-0.06499037,-0.07230813,-58.46863,-2.089085,-7.927397
57.738882065,-33.19988,2.564831,-8.80536299999997,1.014031,0.043472,-0.00724752,-58.46863,-2.089085,-7.927397
57.748794556,-34.62445,11.01136,-12.30305,0.9956098,0.08673686,0.05899275,-58.46863,-2.089085,-7.927397
57.758707046,-45.95912,8.79779099999998,-12.36441,0.9427547,0.02801093,0.08117761,-58.83344,-2.458482,-6.639404
57.76861906,-59.52355,-1.804067,-11.68942,0.9125034,-0.08305827,0.05286827,-58.83344,-2.458482,-6.639404
57.778532028,-68.0710100000003,-13.1632,-9.54171799999998,0.9115664,-0.181577,0.03685553,-58.83344,-2.458482,-6.639404
57.788444042,-69.1239499999998,-21.02721,-7.88491900000001,0.9538331,-0.331661,-0.02263436,-58.83344,-2.458482,-6.639404
57.798356533,-65.0360399999998,-24.23107,-6.044032,0.969068,-0.3324067,-0.01605801,-58.83344,-2.458482,-6.639404
57.808269024,-57.16991,-23.41554,-5.98266900000002,0.995246,-0.3660917,-0.02996895,-58.83344,-2.458482,-6.639404
57.818181038,-48.49858,-20.32819,-7.27128999999997,0.9970064,-0.3666567,-0.04967549,-58.83344,-2.458482,-6.639404
57.828093529,-39.51756,-18.75539,-7.27128999999997,0.9697921,-0.3491119,-0.06035056,-58.83344,-2.458482,-6.639404
57.838005543,-31.89918,-20.6777,-7.51674200000002,0.9458961,-0.3203591,-0.0681007,-58.83344,-2.458482,-6.639404
57.84791851,-25.95313,-24.17282,-9.41899200000002,0.941538,-0.2796647,-0.06394802,-58.83344,-2.458482,-6.639404
57.857831001,-18.76832,-24.87184,-11.68942,0.9588481,-0.2366697,-0.04221456,-58.82699,-2.831247,-6.188538
57.867743015,-9.16791799999997,-19.45441,-14.94165,0.9880295,-0.1729689,0.0169994,-58.82699,-2.831247,-6.188538
57.880133629,4.272639,-7.27975100000002,-18.56207,0.9947793,-0.102689,0.08990908,-58.82699,-2.831247,-6.188538
57.89004612,11.95296,0.875523700000001,-21.75294,0.9766815,-0.09218705,0.1016702,-58.82699,-2.831247,-6.188538
57.899958134,14.12079,-0.930287099999998,-21.56885,0.9314691,-0.05506849,0.07544676,-58.83347,-2.078396,-5.291421
57.909870625,9.84706299999998,-7.97877500000003,-19.97341,0.9215605,-0.02428707,0.0512554,-58.83347,-2.078396,-5.291421
57.919782639,1.113798,-18.17287,-16.59845,0.9164568,-0.005923116,0.0519051,-58.83347,-2.078396,-5.291421
57.929695129,-5.82326300000003,-24.28932,-15.30983,0.9126425,-0.01323849,0.05285196,-58.83347,-2.078396,-5.291421
57.939608097,-8.48660000000001,-25.68737,-15.43256,0.9083256,-0.04714809,0.06899136,-58.83347,-2.078396,-5.291421
57.949520111,-9.35373199999999,-25.62912,-16.90527,0.9127584,-0.1280431,0.07273287,-58.43358,-3.949775,-4.90213
57.959432602,-12.26482,-27.9592,-16.53709,0.9197541,-0.1678792,0.04071233,-58.43358,-3.949775,-4.90213
57.969344616,-14.6804,-30.34753,-16.53709,0.9202538,-0.1637256,-0.001038382,-58.43358,-3.949775,-4.90213
57.979257107,-15.42366,-29.6485,-16.72118,0.9332947,-0.1626685,-0.01555669,-58.43358,-3.949775,-4.90213
57.989169598,-14.74234,-28.42521,-15.92346,0.9365916,-0.1765891,0.003526407,-58.43358,-3.949775,-4.90213
57.999081612,-12.63645,-28.25046,-14.75756,0.9336918,-0.2022136,0.02450947,-58.42414,-4.31914,-3.616084
58.008994579,-10.03505,-28.42521,-14.75756,0.9300857,-0.2208796,0.08011682,-58.42414,-4.31914,-3.616084
58.01890707,-6.13295399999998,-26.26989,-15.67801,0.9305005,-0.2118832,0.1310697,-58.42414,-4.31914,-3.616084
58.028819084,-2.354732,-23.53205,-16.353,0.9289293,-0.1687896,0.1236888,-58.42414,-4.31914,-3.616084
58.038731575,0.742170199999999,-23.00778,-16.8439,0.912729,-0.0912335,0.06529583,-58.42414,-4.31914,-3.616084
58.048643589,-4.460626,-23.5903,-17.15072,0.9069825,-0.03296453,0.002356275,-58.78735,-4.686707,-1.878379
58.05855608,-16.97211,-27.31843,-17.39617,0.8972504,-0.01355913,-0.06560691,-58.78735,-4.686707,-1.878379
58.068469048,-31.34174,-31.68732,-18.86888,0.8917074,-0.01956574,-0.08864326,-58.78735,-4.686707,-1.878379
58.078380585,-43.41966,-34.54167,-21.93703,0.9117703,-0.0400339,-0.06351678,-58.78735,-4.686707,-1.878379
58.088293552,-49.86122,-36.58049,-25.74153,0.9388685,-0.07104935,-0.03228357,-58.78735,-4.686707,-1.878379
58.098205566,-52.09098,-39.78434,-29.17785,0.9391963,-0.1216105,-0.0595123,-59.15354,-5.057673,-0.9758539
58.108118057,-48.56052,-48.05612,-32.12327,0.961681,-0.1430533,-0.2283986,-59.15354,-5.057673,-0.9758539
58.118030548,-37.65942,-57.4929400000001,-32.98235,1.061597,-0.1529543,-0.4147297,-59.15354,-5.057673,-0.9758539
58.127942562,-23.90917,-54.40559,-27.21424,1.160965,-0.09581394,-0.4805696,-59.15354,-5.057673,-0.9758539
58.137855053,-18.89219,-21.55148,-21.56885,1.195777,0.0358726,-0.5078634,-59.15354,-5.057673,-0.9758539
58.147767067,-25.39569,21.32196,-20.34159,1.151136,0.0971818,-0.5454547,-58.76014,-6.1762,0.3105545
58.160157681,-20.75033,23.88505,-32.18463,1.00383,0.05358669,-0.3700854,-58.76014,-6.1762,0.3105545
58.170070648,2.35256,2.040563,-40.3459,1.100163,-0.0332206,-0.1377176,-58.76014,-6.1762,0.3105545
58.179982662,36.6043,-13.51271,-42.73905,1.284019,0.07082321,0.3174255,-58.76014,-6.1762,0.3105545
58.189895153,56.11479,-5.240932,-47.27991,1.501095,0.0103906,0.5771818,-58.76014,-6.1762,0.3105545
58.199807644,67.57333,4.312389,-48.69125,1.455199,-0.156732,0.4358065,-58.74075,-7.674581,0.3151703
58.209719658,76.0588399999998,7.16673599999998,-44.6413,1.333428,-0.2034019,0.2368759,-58.74075,-7.674581,0.3151703
58.219632149,76.0588399999998,10.83661,-43.6595,1.209371,-0.1544101,0.1653655,-58.74075,-7.674581,0.3151703
58.229544163,62.49441,15.14725,-48.01626,1.219573,-0.1430967,0.1720688,-58.74075,-7.674581,0.3151703
58.23945713,36.41849,22.66176,-49.30488,1.300287,-0.1659618,0.2436739,-58.74075,-7.674581,0.3151703
58.249369621,7.05985200000002,34.89467,-48.32307,1.390599,-0.17953,0.3085299,-57.97768,-8.798308,0.3147392
58.259281635,-13.6894,49.63242,-47.52536,1.460223,-0.1863658,0.3188842,-57.97768,-8.798308,0.3147392
58.269194126,-20.00708,59.3022399999999,-44.82539,1.49744,-0.2256226,0.325961,-57.97768,-8.798308,0.3147392
58.279106617,-11.70738,65.5934499999997,-38.56637,1.483056,-0.2571261,0.2692254,-57.97768,-8.798308,0.3147392
58.289018631,5.077834,70.0205999999999,-33.2278,1.400445,-0.2735189,0.2050589,-57.97768,-8.798308,0.3147392
58.298931599,22.91599,73.16621,-27.82787,1.316672,-0.3036788,0.1067201,-57.19471,-12.18006,-2.248554
58.308843136,34.12678,74.0982399999998,-20.1575,1.232014,-0.3128265,0.04214058,-57.19471,-12.18006,-2.248554
58.318756104,36.79012,76.8943299999999,-15.55528,1.18264,-0.3705122,-0.02404893,-57.19471,-12.18006,-2.248554
58.328668594,35.3036,74.5060000000003,-8.37582199999997,1.135422,-0.4514845,-0.09809605,-57.19471,-12.18006,-2.248554
58.338580608,33.13577,63.7876400000002,4.326299,1.143041,-0.5302687,-0.1625524,-57.19471,-12.18006,-2.248554
58.348493099,19.81909,51.67124,18.25568,1.214613,-0.5434259,-0.160421,-56.44405,-13.31791,-5.718195
58.358405113,2.600312,39.61308,29.54645,1.192462,-0.6074498,-0.3925591,-56.44405,-13.31791,-5.718195
58.368317604,7.369542,34.19565,39.54861,1.182753,-0.6592698,-0.7322865,-56.44405,-13.31791,-5.718195
58.378230572,41.37353,38.27328,49.9803,1.15721,-0.6550371,-0.9769028,-56.44405,-13.31791,-5.718195
58.388142586,99.0378599999999,64.2536499999997,47.28033,1.186333,-0.6403955,-1.028452,-56.44405,-13.31791,-5.718195
58.398055077,156.0209,93.61265,42.30994,1.193582,-0.5937583,-0.9345769,-54.59165,-12.57902,-8.300018
58.407967091,191.1397,117.9037,34.88503,1.11765,-0.4462407,-0.7278643,-54.59165,-12.57902,-8.300018
58.417879582,201.7311,136.8356,24.82151,1.04562,-0.3813577,-0.5711946,-54.59165,-12.57902,-8.300018
58.427792072,197.5813,143.8841,22.73517,0.9915286,-0.3707135,-0.4453022,-54.59165,-12.57902,-8.300018
58.440182209,195.909,140.2725,23.10335,1.001767,-0.3493765,-0.3756318,-54.59165,-12.57902,-8.300018
58.4500947,214.1188,128.2726,21.87609,1.010592,-0.2907175,-0.3047394,-53.13451,-10.34362,-11.33422
58.460007668,237.0358,113.8843,22.30563,1.030322,-0.2299041,-0.3121993,-53.13451,-10.34362,-11.33422
58.469919682,247.0698,97.7485400000001,27.82829,1.075108,-0.1377456,-0.3192019,-53.13451,-10.34362,-11.33422
58.479832173,234.8061,88.5447199999998,33.1055,1.112551,-0.04080488,-0.3213031,-53.13451,-10.34362,-11.33422
58.489744663,208.7921,85.22437,39.0577,1.096941,-0.02513255,-0.3469829,-53.13451,-10.34362,-11.33422
58.499656677,186.5563,76.4283100000002,37.40091,1.06552,-0.04851793,-0.3867012,-50.13807,-11.48102,-14.7513
58.509569168,169.5234,74.0982399999998,44.70309,1.138431,-0.05758061,-0.4397731,-50.13807,-11.48102,-14.7513
58.519481182,167.2936,78.5836400000002,48.63032,1.083905,-0.1247242,-0.4473987,-50.13807,-11.48102,-14.7513
58.529393673,171.5054,82.1952599999998,49.55076,1.050172,-0.1375781,-0.4140414,-50.13807,-11.48102,-14.7513
58.539306641,173.6732,80.7389599999999,50.59393,0.9864314,-0.08627048,-0.3708563,-50.13807,-11.48102,-14.7513
58.549218655,173.0538,77.7098599999999,47.58715,0.9324067,0.0004882803,-0.3400088,-47.9498,-12.23527,-16.04524
58.559131145,170.7621,67.6322700000003,46.1758,0.8819097,0.07514936,-0.3131159,-47.9498,-12.23527,-16.04524
58.569043159,171.4434,62.2730900000003,44.15083,0.8625461,0.132558,-0.3221575,-47.9498,-12.23527,-16.04524
58.57895565,173.4874,62.73911,42.00312,0.8587915,0.1347815,-0.3518777,-47.9498,-12.23527,-16.04524
58.588868141,174.0448,64.1954000000001,40.77586,0.8390808,0.1368963,-0.3641655,-47.9498,-12.23527,-16.04524
58.598780155,174.6023,63.8458899999999,38.68953,0.8019912,0.1596345,-0.3780757,-46.07848,-12.6152,-17.40295
58.608693123,176.5224,61.92358,35.31457,0.7652484,0.1723092,-0.369969,-46.07848,-12.6152,-17.40295
58.618605137,180.1767,58.4284600000002,31.08053,0.7314005,0.205976,-0.3411023,-46.07848,-12.6152,-17.40295
58.628517628,180.1767,53.76831,28.25783,0.703775,0.2586771,-0.3030434,-46.07848,-12.6152,-17.40295
58.638430118,172.9919,44.38974,25.55787,0.6660306,0.3084005,-0.2538671,-46.07848,-12.6152,-17.40295
58.648342132,159.7372,32.73935,22.24427,0.6300455,0.3556071,-0.2268111,-44.56368,-13.73521,-16.50785
58.658254623,148.0928,18.75887,20.28065,0.6060777,0.4048103,-0.2176188,-44.56368,-13.73521,-16.50785
58.668167591,136.7581,4.836657,17.21251,0.6075186,0.4082297,-0.2161689,-44.56368,-13.73521,-16.50785
58.678079605,127.2197,-4.250649,14.75799,0.6402977,0.4188937,-0.2019962,-44.56368,-13.73521,-16.50785
58.687992096,119.9729,-11.41564,12.73302,0.6390545,0.4775195,-0.2068759,-44.56368,-13.73521,-16.50785
58.69790411,110.7441,-18.11462,10.09441,0.6628127,0.4123579,-0.2075297,-43.41853,-15.2301,-15.67389
58.707816601,98.6662299999997,-24.46408,10.89213,0.6610331,0.3992544,-0.2056799,-43.41853,-15.2301,-15.67389
58.720207214,83.1817200000001,-31.33781,12.05803,0.6766973,0.3621467,-0.19983,-43.41853,-15.2301,-15.67389
58.730119228,76.1827199999997,-35.29894,11.9353,0.6827303,0.304018,-0.2041143,-43.41853,-15.2301,-15.67389
58.740031719,75.4394599999999,-39.66784,11.01486,0.7178333,0.2553857,-0.2234891,-43.04131,-14.84659,-13.49268
58.749944687,84.7921100000001,-43.68723,9.91032400000003,0.7646117,0.2088205,-0.2463192,-43.04131,-14.84659,-13.49268
58.759856224,103.0019,-48.05612,8.80579200000003,0.8456082,0.1673177,-0.2166146,-43.04131,-14.84659,-13.49268
58.769769192,121.893,-50.03669,6.78081600000001,0.998724,0.136597,-0.1510132,-43.04131,-14.84659,-13.49268
58.779681206,133.2896,-46.19206,6.90354199999998,1.129843,0.1499944,-0.03305731,-43.04131,-14.84659,-13.49268
58.789593697,129.9449,-38.15329,9.66487199999998,1.212837,0.114161,0.1503172,-43.39045,-15.95838,-10.53201
58.799506187,111.6732,-28.48347,14.14436,1.223393,0.09469625,0.2984588,-43.39045,-15.95838,-10.53201
58.809418201,93.4014900000001,-21.49323,18.86931,1.175049,0.03120507,0.3258519,-43.39045,-15.95838,-10.53201
58.819330692,84.7921100000001,-19.57092,23.96243,1.085707,-0.02593267,0.3680713,-43.39045,-15.95838,-10.53201
58.82924366,80.7661300000001,-21.20197,29.97599,0.9953641,-0.04480587,0.4052731,-43.39045,-15.95838,-10.53201
58.839155674,69.8030900000001,-23.18254,36.23501,0.8908526,-0.03141639,0.4336978,-42.99569,-16.69525,-7.512156
58.849068165,44.84206,-29.06598,41.08268,0.8604247,-0.0113578,0.5416684,-42.99569,-16.69525,-7.512156
58.858980179,-11.02606,-26.03688,50.16439,1.121942,-0.07245895,1.033406,-42.99569,-16.69525,-7.512156
58.86889267,-121.2758,-9.085562,75.9981799999998,1.608087,-0.2723429,1.523582,-42.99569,-16.69525,-7.512156
58.87880516,-192.6904,-42.05617,106.6183,2.064351,-1.031884,1.496536,-42.99569,-16.69525,-7.512156
58.888717175,-0.3727147,-54.28908,103.0592,3.116913,-1.131233,1.311362,-43.37804,-15.94426,-7.062805
58.898630142,104.3026,27.67143,38.68953,3.07376,-0.1721822,1.325833,-43.37804,-15.94426,-7.062805
58.908541679,68.1927000000002,81.4962399999998,-40.10044,1.316017,0.2369301,0.3897798,-43.37804,-15.94426,-7.062805
58.918454647,57.4154900000001,53.18579,-63.6638000000002,0.1721922,0.8009106,-0.6748002,-43.37804,-15.94426,-7.062805
58.928367138,72.5903100000003,-6.81373500000001,-55.44117,0.03010286,1.117201,-1.142414,-43.37804,-15.94426,-7.062805
58.938279152,74.4484499999999,-36.8135,-47.70945,-0.227112,1.389056,-1.206407,-43.43,-11.82214,-6.690029
58.948191643,68.8740200000003,-41.18239,-24.82108,-0.1100804,1.016036,-0.9598117,-43.43,-11.82214,-6.690029
58.958103657,102.1348,-58.4832200000001,-10.52352,0.2381107,0.4931838,-0.7105908,-43.43,-11.82214,-6.690029
58.968016148,137.9969,-62.0948499999999,-8.86672600000002,0.3866335,0.2338464,-0.1211768,-43.43,-11.82214,-6.690029
58.977929115,58.4065000000001,4.195886,16.04661,1.309818,-0.1047177,0.6247593,-43.43,-11.82214,-6.690029
58.987841129,-77.0520199999999,19.5744,8.86715399999999,1.236404,0.1147446,0.1126508,-42.26734,-14.05734,-3.669447
58.99775362,-160.6065,9.72982099999999,9.84896099999999,1.221179,-0.1730545,-0.3736054,-42.26734,-14.05734,-3.669447
59.010144234,-134.6544,-27.55143,20.34202,1.273574,-0.1867456,-0.3348082,-42.26734,-14.05734,-3.669447
59.020056248,-47.25982,-43.68723,30.22145,1.318138,-0.1660905,0.3630673,-42.26734,-14.05734,-3.669447
59.029968739,-9.53954700000003,-49.80368,32.6146,1.13651,-0.08553392,0.62697,-42.26734,-14.05734,-3.669447
59.039880753,-39.88919,-63.3763900000001,20.83292,0.9481976,-0.08940502,0.4265392,-42.64458,-14.06076,-4.502681
59.049793243,-64.7882900000002,-76.2500800000001,11.07622,0.9366361,-0.2316791,0.03869069,-42.64458,-14.06076,-4.502681
59.059706211,-50.79029,-74.2112600000002,4.694477,0.9390274,-0.2929092,-0.1811716,-42.64458,-14.06076,-4.502681
59.069618225,-15.23785,-59.3569999999998,2.055871,0.9657617,-0.2531339,-0.05487229,-42.64458,-14.06076,-4.502681
59.079530716,21.36754,-41.82316,-1.135,0.9559301,-0.08306609,-0.1467991,-42.64458,-14.06076,-4.502681
59.089443207,42.98392,-26.32814,-3.282701,0.9703344,0.02844792,0.005540621,-42.64509,-13.30112,-1.935204
59.099355221,47.93896,-16.89132,-1.809992,0.971671,0.07596397,0.09611456,-42.64509,-13.30112,-1.935204
59.109267712,40.69221,-17.99811,0.705887599999999,0.9512976,0.1194457,0.1153188,-42.64509,-13.30112,-1.935204
59.119179726,23.59731,-26.09513,1.994509,0.9350073,0.1096555,0.1365312,-42.64509,-13.30112,-1.935204
59.129092693,0.927984400000002,-35.76496,1.319517,0.8983387,0.05578779,0.1216266,-42.64509,-13.30112,-1.935204
59.139005184,-14.92816,-44.91052,0.828613499999998,0.9172697,-0.03232939,0.1002176,-42.27593,-12.54667,-0.6545649
59.148917198,-21.1839,-48.98816,2.178597,0.9507468,-0.1110584,0.07777642,-42.27593,-12.54667,-0.6545649
59.158829689,-18.5825,-50.67746,4.571751,0.9750559,-0.1759422,0.03582574,-42.27593,-12.54667,-0.6545649
59.16874218,-13.25583,-49.80368,7.578534,1.002253,-0.244955,0.03223351,-42.27593,-12.54667,-0.6545649
59.178654194,-9.29179500000003,-45.26003,9.11260599999998,1.022883,-0.2922055,0.03364857,-42.27593,-12.54667,-0.6545649
59.188567162,-6.318768,-39.8426,7.76262199999999,1.02106,-0.3143605,-0.02698211,-42.26003,-13.2888,1.082348
59.198478699,0.866046300000002,-37.74553,4.264936,0.9891397,-0.3194689,-0.09394308,-42.26003,-13.2888,1.082348
59.208391666,10.96195,-38.03679,1.503605,0.9666775,-0.2541295,-0.06208977,-42.26003,-13.2888,1.082348
59.218304157,20.56235,-35.76496,0.2763473,0.9463791,-0.1940322,-0.1114381,-42.26003,-13.2888,1.082348
59.228216171,25.2077,-32.73586,-0.214556,0.972766,-0.1398124,-0.09739637,-42.26003,-13.2888,1.082348
59.238128662,25.76514,-30.46403,0.0922585699999997,1.001834,-0.1156829,-0.0955838,-41.13914,-12.53063,3.258519
59.248040676,25.64127,-29.4155,0.583161800000002,1.013385,-0.1095296,-0.05867746,-41.13914,-12.53063,3.258519
59.257953167,27.25166,-28.71647,0.889976299999999,1.021744,-0.169641,-0.07692108,-41.13914,-12.53063,3.258519
59.267866135,32.02089,-27.84269,0.03089567,0.9688728,-0.1596034,-0.0710835,-41.13914,-12.53063,3.258519
59.277778149,34.99392,-26.21164,-2.914524,0.9431438,-0.1469087,-0.08564589,-41.13914,-12.53063,3.258519
59.290168762,35.55136,-29.99801,-4.755411,0.9244952,-0.1005958,-0.08564505,-41.50881,-12.52543,4.545357
59.300081253,32.33058,-33.26012,-6.41221000000002,0.9416424,-0.07573432,-0.1010031,-41.50881,-12.52543,4.545357
59.309993267,28.61429,-37.80378,-6.596298,0.985977,-0.09916333,-0.1443032,-41.50881,-12.52543,4.545357
59.319905758,27.37553,-39.9591,-7.82355600000003,1.009689,-0.1028944,-0.1728767,-41.50881,-12.52543,4.545357
59.329818249,29.6053,-39.26008,-11.13715,1.021909,-0.1446947,-0.2222444,-41.50881,-12.52543,4.545357
59.339730263,35.61329,-39.8426,-13.40758,1.021996,-0.1817224,-0.2570632,-40.7654,-11.77095,5.824049
59.349643231,43.04586,-39.37658,-17.5189,1.018443,-0.1876869,-0.2767566,-40.7654,-11.77095,5.824049
59.359554768,50.16874,-38.6193,-18.80752,1.039997,-0.2088601,-0.2977438,-40.7654,-11.77095,5.824049
59.369467735,56.85805,-36.05622,-17.82571,1.034083,-0.172621,-0.307531,-40.7654,-11.77095,5.824049
59.379380226,60.8840200000001,-31.22131,-18.86888,1.019943,-0.140343,-0.3134272,-40.7654,-11.77095,5.824049
59.38929224,62.9899099999999,-29.12424,-18.31661,1.005994,-0.1211366,-0.3160512,-39.62996,-12.13657,8.003683
59.399204731,64.1047999999999,-29.24074,-17.58026,0.9979792,-0.1042609,-0.3149044,-39.62996,-12.13657,8.003683
59.409116745,64.9719199999998,-30.11452,-15.43256,1.002666,-0.07406151,-0.2993815,-39.62996,-12.13657,8.003683
59.419029236,64.1667299999999,-28.01745,-15.98482,0.9988729,-0.0216139,-0.2740287,-39.62996,-12.13657,8.003683
59.428942204,62.8660400000002,-26.79416,-15.98482,0.9900799,0.0248612,-0.2664354,-39.62996,-12.13657,8.003683
59.438854218,61.9369699999999,-25.1631,-17.82571,0.973404,0.06511421,-0.2242393,-39.24327,-12.50251,10.12296
59.448766708,59.08781,-24.9301,-18.56207,0.9808389,0.05501445,-0.226296,-39.24327,-12.50251,10.12296
59.458679199,54.75215,-30.34753,-14.88029,0.9808801,0.08332863,-0.1891355,-39.24327,-12.50251,10.12296
59.468591213,49.92098,-34.94943,-14.45075,0.9724269,0.123639,-0.1556579,-39.24327,-12.50251,10.12296
59.478503704,45.46144,-35.00768,-15.98482,0.9809281,0.1421297,-0.1632958,-39.24327,-12.50251,10.12296
59.488415718,41.68322,-36.34748,-16.47573,0.9857562,0.1431345,-0.1681354,-38.49639,-12.12419,11.01734
59.498328686,37.03787,-36.28923,-16.10755,0.9923136,0.1238065,-0.1712057,-38.49639,-12.12419,11.01734
59.508241177,31.09181,-37.68727,-15.73937,0.9929944,0.1019612,-0.1780798,-38.49639,-12.12419,11.01734
59.518153191,25.02188,-40.36686,-16.53709,0.9864261,0.06640984,-0.1926606,-38.49639,-12.12419,11.01734
59.528065682,20.19072,-41.5319,-17.39617,0.9663791,0.02591953,-0.1922648,-38.49639,-12.12419,11.01734
59.537977696,16.72219,-43.51247,-16.16891,0.9620949,0.002262027,-0.2562439,-38.1097,-12.49013,13.13662
59.547890186,15.23567,-48.75515,-13.16213,0.9250646,-0.01472067,-0.2632169,-38.1097,-12.49013,13.13662
59.557803154,14.98792,-51.14348,-10.83034,0.8862053,-0.03653991,-0.263483,-38.1097,-12.49013,13.13662
59.567715168,19.0139,-48.28913,-16.16891,0.9109105,-0.04610441,-0.2973863,-38.1097,-12.49013,13.13662
59.580105781,29.29561,-49.04641,-21.87566,0.9306768,-0.0384342,-0.2682284,-38.1097,-12.49013,13.13662
59.590018272,37.34756,-47.3571,-23.4711,0.933868,-0.01875126,-0.2201109,-36.60646,-12.48295,14.86344
59.599930286,43.85106,-43.86198,-22.85747,0.9210453,-0.0004309654,-0.2093068,-36.60646,-12.48295,14.86344
59.609842777,48.12478,-44.91052,-23.28701,0.9009115,0.01390716,-0.2008624,-36.60646,-12.48295,14.86344
59.619755268,48.24866,-48.40564,-25.1279,0.8823409,0.01563086,-0.1977982,-36.60646,-12.48295,14.86344
59.629667282,45.77113,-53.2988,-27.03015,0.8785365,-0.007776956,-0.2147245,-36.60646,-12.48295,14.86344
59.63958025,42.98392,-60.05603,-29.36194,0.8975782,-0.04193847,-0.2098465,-35.85174,-12.47583,16.59415
59.649491787,41.68322,-64.7744400000002,-31.01874,0.9311585,-0.09134552,-0.1879187,-35.85174,-12.47583,16.59415
59.659404755,44.4085,-66.6384999999999,-31.14146,0.9837945,-0.1405208,-0.167126,-35.85174,-12.47583,16.59415
59.669317245,51.46944,-64.9491999999999,-29.23921,1.036876,-0.158254,-0.161493,-35.85174,-12.47583,16.59415
59.679229259,61.4414600000003,-61.04631,-28.50286,1.067498,-0.1547878,-0.1276619,-35.85174,-12.47583,16.59415
59.68914175,71.47543,-53.53181,-29.23921,1.069695,-0.1448817,-0.09256466,-34.33582,-13.21444,19.15846
59.699053764,78.1647300000001,-44.328,-28.56422,1.049872,-0.1367236,-0.06111669,-34.33582,-13.21444,19.15846
59.708966255,77.2976000000001,-36.75524,-25.6188,1.025396,-0.1141171,-0.03721198,-34.33582,-13.21444,19.15846
59.718879223,66.14875,-31.74557,-22.36657,1.012499,-0.08705525,-0.02346798,-34.33582,-13.21444,19.15846
59.728791237,44.03687,-30.17277,-19.23706,1.008606,-0.06051314,-0.03814007,-34.33582,-13.21444,19.15846
59.738703728,15.48343,-32.21159,-18.13253,0.9924346,-0.06609976,-0.04811105,-32.83746,-12.45258,22.23211
59.748616219,-11.14994,-34.1339,-17.21208,0.9784255,-0.0964324,-0.06690974,-32.83746,-12.45258,22.23211
59.758528233,-29.23585,-37.0465,-17.5189,1.002037,-0.1594799,-0.1270877,-32.83746,-12.45258,22.23211
59.768440723,-33.01406,-42.40568,-18.80752,1.091393,-0.2367117,-0.1822064,-32.83746,-12.45258,22.23211
59.778352737,-23.59948,-44.09499,-19.35978,1.218,-0.2809974,-0.2379302,-31.33744,-12.44906,23.05951
59.788265705,-5.203883,-36.69699,-18.07116,1.372105,-0.2722056,-0.3156419,-31.33744,-12.44906,23.05951
59.798178196,17.40351,-22.07575,-11.93487,1.529829,-0.2091311,-0.4059898,-31.33744,-12.44906,23.05951
59.80809021,39.94896,-2.328334,-4.9395,1.603234,-0.01234882,-0.4082387,-31.33744,-12.44906,23.05951
59.818002701,60.8220799999999,26.91415,-4.387233,1.549001,0.2199067,-0.2751067,-31.33744,-12.44906,23.05951
59.827914715,81.8190799999999,65.1856800000002,-12.30305,1.363593,0.3638888,-0.01938936,-30.20335,-13.19633,23.50569
59.837827206,90.6762199999998,102.2922,-23.16428,1.177895,0.3087223,0.2609324,-30.20335,-13.19633,23.50569
59.847740173,74.0768200000002,112.1368,-21.20067,0.9659923,0.1740377,0.2293441,-30.20335,-13.19633,23.50569
59.860129833,30.4105,86.1563900000002,-19.60524,0.7201972,0.07445149,0.1286801,-30.20335,-13.19633,23.50569
59.870042324,0.804108299999999,61.4575600000002,-20.40295,0.6733792,-0.1309421,-0.004298726,-30.20335,-13.19633,23.50569
59.879955292,2.724188,29.82675,-25.68016,0.7266735,-0.2336907,-0.1250355,-29.46589,-12.82874,21.76604
59.889867306,31.4015,22.54525,-25.43471,0.8923509,-0.1836036,-0.02732146,-29.46589,-12.82874,21.76604
59.899779797,66.8300700000002,34.48691,-22.18248,1.006306,-0.0485397,-0.2483483,-29.46589,-12.82874,21.76604
59.909692287,88.3845099999998,45.67128,-20.40295,1.046224,-0.01813393,-0.2778046,-29.46589,-12.82874,21.76604
59.919604301,84.3585400000002,53.24404,-21.69157,1.063552,0.03291502,-0.2925096,-29.46589,-12.82874,21.76604
59.929516792,59.7691300000001,56.38964,-29.30058,1.052188,0.08099671,-0.342981,-29.47235,-12.45597,21.31517
59.939428806,27.93297,60.1177699999999,-35.31414,1.106113,0.1156318,-0.4320782,-29.47235,-12.45597,21.31517
59.949341774,-1.735352,69.1468200000003,-33.47325,1.086428,0.1289709,-0.5239977,-29.47235,-12.45597,21.31517
59.959254265,-18.64444,74.9137600000002,-33.53461,1.067014,0.112943,-0.5762622,-29.47235,-12.45597,21.31517
59.969166279,-17.40568,77.7681100000001,-32.0619,1.023903,0.08236574,-0.5722259,-29.47235,-12.45597,21.31517
59.97907877,0.5563561,76.66132,-28.62558,0.998602,0.05748252,-0.5414276,-29.47049,-12.83397,20.48114
59.988990784,22.73018,74.3312499999997,-24.82108,0.9834283,0.052903,-0.4529686,-29.47049,-12.83397,20.48114
59.998903275,36.48043,67.8652800000002,-19.6666,0.9683499,-0.008451763,-0.3740119,-29.47049,-12.83397,20.48114
60.008816242,36.48043,62.6808500000001,-18.31661,0.9315064,-0.01972308,-0.3084447,-29.47049,-12.83397,20.48114
60.018728256,30.47243,60.4672800000002,-21.44612,0.9339398,-0.05384479,-0.349508,-29.47049,-12.83397,20.48114
60.028640747,29.23367,54.05957,-22.18248,0.9561892,-0.09466513,-0.4210491,-30.21875,-13.21385,19.2013
60.038553238,36.04686,44.97226,-19.11433,1.004982,-0.1204482,-0.4615252,-30.21875,-13.21385,19.2013
60.048465252,48.92997,39.20531,-15.37119,1.06279,-0.1196679,-0.4500507,-30.21875,-13.21385,19.2013
60.058377743,62.8660400000002,42.00141,-13.28485,1.103998,-0.085673,-0.4449236,-30.21875,-13.21385,19.2013
60.068289757,74.2007000000002,49.45766,-11.99623,1.078684,-0.06252751,-0.5021542,-30.21875,-13.21385,19.2013
60.078202724,81.38551,52.83628,-12.0576,1.009892,-0.08818972,-0.5170541,-29.46998,-13.59362,17.91367
60.088115215,82.37652,51.72949,-8.74399900000002,0.9610831,-0.1014398,-0.5238934,-29.46998,-13.59362,17.91367
60.098027229,77.8550400000002,46.42856,-3.834968,0.9123844,-0.08146156,-0.4810559,-29.46998,-13.59362,17.91367
60.10793972,73.0858100000002,41.41889,-0.2759189,0.922554,-0.1262536,-0.4478373,-29.46998,-13.59362,17.91367
60.117852211,72.6522400000003,38.8558,5.430832,0.9663846,-0.1643217,-0.414405,-29.46998,-13.59362,17.91367
60.127764225,79.7131799999998,44.97226,9.84896099999999,0.9858238,-0.1673052,-0.3819539,-30.22196,-13.21751,18.30187
60.140154839,99.4094799999999,53.59355,11.9353,0.9851457,-0.1522878,-0.3828079,-30.22196,-13.21751,18.30187
60.150067806,116.6283,56.04013,11.38303,0.9544109,-0.1211782,-0.387118,-30.22196,-13.21751,18.30187
60.159979343,133.909,57.14692,11.26031,0.9114321,-0.1148618,-0.3746745,-30.22196,-13.21751,18.30187
60.169892311,151.2516,53.82656,13.22392,0.9159243,-0.1042758,-0.4010543,-30.22196,-13.21751,18.30187
60.179804325,165.4974,52.13725,13.71482,0.905832,-0.06358544,-0.3838843,-30.98179,-12.47021,17.85375
60.189716816,172.7441,51.03046,11.9353,0.9517355,-0.0118209,-0.3292259,-30.98179,-12.47021,17.85375
60.199629307,168.5323,51.03046,12.97847,1.028182,0.02775883,-0.2667685,-30.98179,-12.47021,17.85375
60.209541321,154.9679,57.4381800000002,15.7398,1.077338,0.05240885,-0.212801,-30.98179,-12.47021,17.85375
60.219453812,133.7851,62.9721100000002,21.81473,1.096115,0.0639631,-0.1802469,-30.98179,-12.47021,17.85375
60.229365826,110.3725,59.0109799999998,24.26924,1.077764,0.01727777,-0.06947169,-32.14175,-9.471708,18.30006
60.239278793,94.7021900000001,56.97216,18.99203,1.118606,-0.02231941,-0.04322435,-32.14175,-9.471708,18.30006
60.249191284,96.9319599999998,57.26342,16.90569,1.167854,-0.0793245,-0.02821435,-32.14175,-9.471708,18.30006
60.259103298,117.9909,61.5158200000001,20.46474,1.214782,-0.1148404,-0.07113888,-32.14175,-9.471708,18.30006
60.269015789,142.2087,66.4089799999998,23.22607,1.216303,-0.06772497,-0.05835496,-32.14175,-9.471708,18.30006
60.27892828,152.2426,73.8652299999999,23.10335,1.196821,-0.003788237,-0.0236576,-33.67433,-6.85149,17.85006
60.288840294,146.1108,80.03994,21.38519,1.115846,0.1011402,0.02292519,-33.67433,-6.85149,17.85006
60.298753262,130.5643,82.4282700000002,14.45118,1.038376,0.229321,0.05714634,-33.67433,-6.85149,17.85006
60.308664799,113.7172,82.7195300000003,8.56033999999998,1.014974,0.295156,0.09333307,-33.67433,-6.85149,17.85006
60.318577766,98.5423499999998,80.7972100000001,9.91032400000003,1.048705,0.3014282,0.09978512,-33.67433,-6.85149,17.85006
60.328490257,88.1367600000002,80.9719699999998,13.53074,1.088216,0.2967571,0.1325195,-35.20804,-4.612666,15.73085
60.338402271,81.4474500000003,83.18555,17.21251,1.100688,0.2411899,0.1392364,-35.20804,-4.612666,15.73085
60.348314762,77.2356599999998,84.40884,20.52611,1.121519,0.1357556,0.1397818,-35.20804,-4.612666,15.73085
60.35822773,72.2186800000001,88.1369599999999,21.26246,1.134894,0.08601546,0.1460489,-35.20804,-4.612666,15.73085
60.368139267,63.4234799999998,88.95249,21.87609,1.127679,0.0562297,0.1228696,-35.20804,-4.612666,15.73085
60.378052235,50.78812,85.92339,22.73517,1.080579,0.1045787,0.116425,-36.74683,-1.999507,13.54624
60.387964249,39.14376,81.8457500000001,23.04198,1.042976,0.1004688,0.0687295,-36.74683,-1.999507,13.54624
60.39787674,34.8081,78.8749000000003,23.96243,1.04948,0.04111257,0.01353589,-36.74683,-1.999507,13.54624
60.40778923,39.26764,79.3409099999998,26.11013,1.059344,0.001767067,-0.0242698,-36.74683,-1.999507,13.54624
60.417701244,49.23967,83.7098099999997,27.33739,1.047861,-0.03288305,-0.04023966,-36.74683,-1.999507,13.54624
60.430091858,60.5743300000002,85.4573700000002,24.33061,0.9990668,-0.041247,-0.03984413,-37.91111,0.2338576,10.07594
60.440004349,62.2466500000001,83.4185500000003,20.15793,0.9552471,-0.02731501,-0.05279049,-37.91111,0.2338576,10.07594
60.449916363,66.14875,74.5642499999999,18.3784,0.9020572,-0.02768733,-0.09023356,-37.91111,0.2338576,10.07594
60.459829331,73.5193800000001,66.0012100000002,15.7398,0.8989773,-0.04389774,-0.123444,-37.91111,0.2338576,10.07594
60.469741345,83.1817200000001,63.0303599999998,12.30348,0.8822306,-0.07197436,-0.1681309,-37.91111,0.2338576,10.07594
60.479653835,94.4544399999998,62.5061000000001,9.17396900000002,0.8466641,-0.07674512,-0.1611115,-38.68336,1.347126,7.506592
60.489566326,102.2586,61.5740699999997,6.044461,0.832392,-0.05453157,-0.144026,-38.68336,1.347126,7.506592
60.49947834,101.8251,56.38964,3.958122,0.7924248,0.004784419,-0.1096501,-38.68336,1.347126,7.506592
60.509390831,94.7641299999998,47.18584,3.835396,0.7700233,0.04771632,-0.0981133,-38.68336,1.347126,7.506592
60.519303799,85.5353600000002,37.45776,4.14221,0.7397894,0.0910333,-0.08698164,-38.68336,1.347126,7.506592
60.529215813,76.43047,27.67143,5.553557,0.7037221,0.1162458,-0.09368248,-39.82745,2.399762,5.389088
60.539128304,68.8740200000003,19.05013,6.596727,0.6604679,0.1204676,-0.11054,-39.82745,2.399762,5.389088
60.549040317,64.6002999999998,12.35116,7.51716999999999,0.6193513,0.1082231,-0.1289675,-39.82745,2.399762,5.389088
60.558952808,61.8130899999999,5.94344499999998,7.578534,0.5808308,0.1114495,-0.1622009,-39.82745,2.399762,5.389088
60.568865299,58.902,-0.930287099999998,7.27171900000003,0.5701057,0.123766,-0.1922696,-39.82745,2.399762,5.389088
60.578777313,53.45145,-10.42536,7.27171900000003,0.5703871,0.1668305,-0.2097511,-40.21463,3.145263,4.489302
60.588689804,46.2047,-21.20197,5.614921,0.5987772,0.2084165,-0.2058954,-40.21463,3.145263,4.489302
60.598601818,38.40051,-32.50285,4.326299,0.6359615,0.2215769,-0.1883857,-40.21463,3.145263,4.489302
60.608514786,32.08282,-41.82316,2.546775,0.6774226,0.2222934,-0.1498716,-40.21463,3.145263,4.489302
60.618427277,27.87104,-47.93962,0.03089567,0.6702041,0.2159204,-0.146006,-40.21463,3.145263,4.489302
60.628339291,26.5084,-54.46384,-2.300895,0.6791586,0.2170859,-0.1297557,-40.60019,3.892594,4.039227
60.638251781,25.39351,-60.1142800000002,-5.36904,0.6909953,0.2246029,-0.1110889,-40.60019,3.892594,4.039227
60.648164272,22.04886,-66.0559799999998,-6.22812100000001,0.7297367,0.2285603,-0.09557562,-40.60019,3.892594,4.039227
60.658076286,13.56335,-69.0268300000001,-4.203145,0.8060212,0.2209867,-0.05647844,-40.60019,3.892594,4.039227
60.667989254,1.237675,-65.24046,-0.5213705,0.9059092,0.1918253,-0.02974732,-40.60019,3.892594,4.039227
60.677901268,-6.00907800000001,-62.3278599999998,2.424049,1.046209,0.127721,-0.0132259,-40.22943,4.648873,5.769579
60.687813759,-4.894192,-56.79392,3.651307,1.138788,0.1099489,0.07702958,-40.22943,4.648873,5.769579
60.69772625,5.325586,-47.06584,3.099041,1.281517,0.02880265,0.1673594,-40.22943,4.648873,5.769579
60.710116386,22.23467,-29.24074,7.701259,1.326627,-0.006648586,0.3285193,-40.22943,4.648873,5.769579
60.720028877,26.69421,-12.58068,10.33986,1.331612,-0.038227,0.4915166,-39.83121,3.535836,8.405123
60.729941368,10.09482,26.04037,20.95565,1.647637,-0.1043371,1.476319,-39.83121,3.535836,8.405123
60.739853382,-48.49858,144.0006,54.45979,2.520381,-0.7115278,2.901316,-39.83121,3.535836,8.405123
60.74976635,-1.611476,155.185,145.1542,3.211679,-1.867399,3.204127,-39.83121,3.535836,8.405123
60.759678841,35.67523,137.7676,136.1338,2.383199,-0.4218272,1.594163,-39.83121,3.535836,8.405123
60.769590855,-20.62646,69.0885700000001,0.889976299999999,0.6051268,0.3840936,-0.09626799,-39.08591,3.532236,7.501806
60.779503345,-37.34973,-16.94958,-87.53397,-0.3098787,1.136556,-0.7996691,-39.08591,3.532236,7.501806
60.789415359,-73.6454300000001,-96.28875,-92.8725399999997,-0.3027672,1.390146,-1.001153,-39.08591,3.532236,7.501806
60.79932785,-159.2438,-117.143,-62.6820000000003,0.04719748,1.678355,-0.7734334,-39.08591,3.532236,7.501806
60.809240818,-206.8742,-88.0169800000001,-14.45075,0.3669932,1.039263,-0.8065771,-39.08591,3.532236,7.501806
60.819152355,-124.063,-66.4637499999999,8.43761400000001,0.5907765,0.0138137,-0.6891967,-39.87321,6.528938,7.496468
60.829065323,18.33258,-46.19206,42.00312,0.9423082,-0.9103867,0.3212513,-39.87321,6.528938,7.496468
60.838977814,42.3026,31.63256,57.34385,1.728391,-0.9069248,0.7821587,-39.87321,6.528938,7.496468
60.848889828,17.15575,62.4478499999999,32.06233,1.24637,-0.6117948,0.04289704,-39.87321,6.528938,7.496468
60.858802319,4.210701,39.43832,7.39444499999999,1.281067,-0.0565492,0.07124343,-39.87321,6.528938,7.496468
60.868714333,2.66225,22.77826,21.07837,1.428413,0.4875645,0.5810329,-39.46825,4.283227,7.951159
60.878626823,6.254657,10.37059,27.09194,1.27101,0.6048786,0.6754605,-39.46825,4.283227,7.951159
60.888539791,-8.176909,-8.44479099999997,20.52611,0.9623024,0.5596833,0.3687925,-39.46825,4.283227,7.951159
60.898451805,-35.92516,-22.71652,13.28528,0.8945168,0.3001495,0.1304922,-39.46825,4.283227,7.951159
60.908364296,-70.48659,-25.97863,16.59888,0.9208413,0.1536271,0.1417567,-39.46825,4.283227,7.951159
60.918276787,-107.9591,-14.03698,19.5443,0.9191834,0.1457044,0.1138701,-39.48926,5.779778,7.49683
60.928188801,-122.5765,-2.386586,16.72161,0.843071,0.08142064,0.05508631,-39.48926,5.779778,7.49683
60.938101292,-106.8442,0.1765001,17.70341,0.8084649,-0.1299105,0.05687941,-39.48926,5.779778,7.49683
60.948013306,-82.4406400000001,-5.124428,20.89428,0.8412428,-0.2677618,0.1353642,-39.48926,5.779778,7.49683
60.957926273,-69.9910900000001,-12.11466,23.90107,0.8752403,-0.2813509,0.1445624,-39.48926,5.779778,7.49683
60.967838764,-71.0440399999999,-17.29909,26.6624,0.9494565,-0.3029143,0.1086808,-39.11525,6.159632,8.778624
60.977750778,-68.3807000000002,-21.84274,24.14652,0.9937984,-0.2434214,0.06785362,-39.11525,6.159632,8.778624
60.990141392,-58.3467299999999,-24.23107,21.26246,1.004927,-0.2211509,0.03476816,-39.11525,6.159632,8.778624
61.000053883,-44.34873,-20.91071,18.31704,1.013822,-0.222704,-0.00565774,-39.11525,6.159632,8.778624
61.009965897,-35.11996,-17.82336,15.55571,0.9911668,-0.2408707,0.004994229,-39.11525,6.159632,8.778624
61.019878387,-39.39368,-19.33791,13.1012,0.9473088,-0.2320762,0.0299465,-39.11367,6.541548,10.57632
61.029791355,-47.19788,-26.79416,10.7694,0.9131639,-0.24636,0.06905993,-39.11367,6.541548,10.57632
61.039702892,-47.8792,-34.36691,8.92851700000003,0.9214016,-0.2753147,0.07551307,-39.11367,6.541548,10.57632
61.04961586,-42.73834,-38.6193,7.82398500000003,0.9639149,-0.2964986,0.09562557,-39.11367,6.541548,10.57632
61.059527874,-36.60647,-39.8426,7.701259,0.9688962,-0.3041945,0.09552823,-39.11367,6.541548,10.57632
61.069440365,-28.30678,-40.36686,7.946711,0.9432923,-0.3143616,0.06640764,-38.35893,6.168581,10.95905
61.079352856,-20.75033,-42.34743,8.49897699999999,0.9210526,-0.2981748,0.06239972,-38.35893,6.168581,10.95905
61.08926487,-17.40568,-44.561,9.35805800000003,0.9067575,-0.2901196,0.06066496,-38.35893,6.168581,10.95905
61.099177361,-14.80428,-46.48332,9.97168700000001,0.8988101,-0.3012533,0.08323173,-38.35893,6.168581,10.95905
61.109090328,-10.46862,-48.17263,9.84896099999999,0.9039076,-0.3369333,0.1093556,-38.35893,6.168581,10.95905
61.119002342,-8.79629,-50.21144,9.66487199999998,0.9432052,-0.3463538,0.06811594,-38.35918,6.548405,12.24279
61.128914833,-4.33675,-52.71628,8.19216299999999,0.9618431,-0.3139049,0.01630266,-38.35918,6.548405,12.24279
61.138826847,3.343568,-53.00754,5.062654,0.9672024,-0.2597101,-0.01747709,-38.35918,6.548405,12.24279
61.148739338,10.83807,-49.68718,2.792227,0.963185,-0.2056765,-0.05981405,-38.35918,6.548405,12.24279
61.158651829,20.06684,-46.30856,2.792227,0.9525045,-0.1962636,-0.08894221,-38.35918,6.548405,12.24279
61.168563843,24.46444,-46.25031,3.589944,1.000778,-0.152312,-0.05068319,-37.598,6.182758,14.42436
61.17847681,21.3056,-48.28913,4.019485,1.028819,-0.1145619,-0.03772676,-37.598,6.182758,14.42436
61.188388825,18.7042,-50.03669,2.178597,1.049111,-0.05321692,-0.03750574,-37.598,6.182758,14.42436
61.198301315,19.44746,-49.10466,0.6445247,1.05466,-0.01623609,-0.02530673,-37.598,6.182758,14.42436
61.208213806,22.66824,-45.7843,0.460436,1.060741,-0.005319426,0.008320824,-37.598,6.182758,14.42436
61.21812582,23.28762,-40.25036,0.460436,1.057092,-0.02767102,0.007725513,-37.23071,7.315203,16.53903
61.228038311,22.04886,-38.85231,0.583161800000002,1.029299,-0.03822329,0.003110662,-37.23071,7.315203,16.53903
61.237951279,17.7132,-40.19211,0.583161800000002,1.016019,-0.03452675,-0.0001030024,-37.23071,7.315203,16.53903
61.247863293,11.7052,-41.47365,-0.2759189,0.9886273,-0.02902127,0.005468742,-37.23071,7.315203,16.53903
61.257775784,9.66124900000002,-42.23093,-1.687266,0.9742834,-0.04245494,-0.02617854,-37.23071,7.315203,16.53903
61.270166397,9.53737299999999,-43.74548,-0.3986447,0.9513781,-0.09708909,-0.03497353,-36.48059,7.317092,16.98485
61.280078411,6.13078099999997,-44.73576,0.889976299999999,0.9647747,-0.1316962,-0.008919274,-36.48059,7.317092,16.98485
61.289990902,0.0608516599999998,-46.30856,1.135428,0.9914774,-0.1709617,0.02178247,-36.48059,7.317092,16.98485
61.299902916,-4.64644,-48.34738,1.258154,1.018178,-0.1963304,0.02088637,-36.48059,7.317092,16.98485
61.309815407,-2.726361,-48.17263,-0.889547900000002,1.014137,-0.1920566,0.01326969,-36.48059,7.317092,16.98485
61.319728375,3.405506,-49.57067,-3.957693,0.9938351,-0.1858589,-0.05180279,-35.72911,7.700637,19.16412
61.329639912,12.13877,-52.36677,-6.22812100000001,0.9705342,-0.1782687,-0.1216398,-35.72911,7.700637,19.16412
61.339552879,19.44746,-53.06579,-7.88491900000001,0.9741715,-0.1866553,-0.1582214,-35.72911,7.700637,19.16412
61.34946537,21.18173,-52.71628,-7.76219299999999,0.9763636,-0.16602,-0.1110487,-35.72911,7.700637,19.16412
61.359377384,19.44746,-51.66774,-7.946282,0.9843507,-0.17389,-0.1519884,-35.72911,7.700637,19.16412
61.369289875,16.16475,-54.6386,-5.675855,0.9786234,-0.1509636,-0.1114494,-34.22263,7.331389,20.44238
61.379201889,12.5104,-57.7842000000002,-5.491766,0.9778641,-0.08086649,-0.05575721,-34.22263,7.331389,20.44238
61.38911438,8.79411600000002,-60.05603,-5.246314,0.9810891,-0.03214596,-0.01801011,-34.22263,7.331389,20.44238
61.399027348,6.31659499999999,-61.57058,-4.9395,1.005305,-0.03635069,-0.0456311,-34.22263,7.331389,20.44238
61.408939362,4.024887,-63.4929000000001,-2.853161,1.028722,-0.03901128,-0.05402808,-34.22263,7.331389,20.44238
61.418851853,0.3086039,-62.0948499999999,-0.2759189,1.058886,-0.04700366,-0.0783682,-33.84863,7.711245,21.72417
61.428764343,-4.64644,-57.72595,0.6445247,1.060165,-0.02513154,-0.07103194,-33.84863,7.711245,21.72417
61.438676357,-12.45063,-50.67746,-0.889547900000002,1.035588,-0.0008753644,-0.1028137,-33.84863,7.711245,21.72417
61.448588848,-21.67941,-45.43478,-2.239532,0.9786888,-0.01533743,-0.1369552,-33.84863,7.711245,21.72417
61.458500862,-27.12995,-45.08527,-1.871354,0.9319661,-0.04727994,-0.2005969,-33.84863,7.711245,21.72417
61.46841383,-28.12096,-51.08522,-1.748629,0.9266359,-0.07854164,-0.2324463,-32.34079,7.723652,24.73589
61.478326321,-26.94414,-56.50266,-0.3372818,0.9448223,-0.1233833,-0.2281117,-32.34079,7.723652,24.73589
61.488238335,-26.32476,-58.7744800000002,1.074065,0.967953,-0.1798425,-0.2320628,-32.34079,7.723652,24.73589
61.498150826,-24.40468,-61.1628200000001,-0.214556,0.9563625,-0.2013778,-0.2431428,-32.34079,7.723652,24.73589
61.508063316,-17.03405,-62.6191199999999,-4.9395,0.9342836,-0.2643712,-0.2764892,-32.34079,7.723652,24.73589
61.51797533,-4.584502,-61.57058,-7.45537899999998,0.9040442,-0.2949552,-0.3047426,-31.57799,6.97975,26.0192
61.527888298,11.64327,-60.7550499999999,-10.95306,0.9042014,-0.2878046,-0.3287043,-31.57799,6.97975,26.0192
61.537799835,26.88003,-61.6288300000002,-12.30305,0.9288992,-0.240548,-0.3444631,-31.57799,6.97975,26.0192
61.547712803,36.17074,-60.8133000000001,-14.38939,0.9428422,-0.1373273,-0.2944481,-31.57799,6.97975,26.0192
61.560103416,36.66624,-53.59006,-17.02799,0.9320276,-0.0440816,-0.2385087,-30.07314,6.988758,28.19572
61.57001543,29.48143,-52.42502,-16.8439,0.9041694,-0.02686309,-0.2170094,-30.07314,6.988758,28.19572
61.579927921,18.51839,-56.61916,-16.59845,0.8624693,-0.05037355,-0.1625225,-30.07314,6.988758,28.19572
61.589840412,5.635276,-60.7550499999999,-17.39617,0.8409696,-0.1111144,-0.1367997,-30.07314,6.988758,28.19572
61.599752426,-6.07101500000003,-63.4929000000001,-18.07116,0.8419804,-0.155227,-0.1375831,-30.07314,6.988758,28.19572
61.609664917,-11.70738,-64.25018,-18.86888,0.8507956,-0.140236,-0.1663743,-28.95062,7.368672,29.47363
61.619577885,-8.98210400000001,-62.2695999999999,-18.99161,0.853254,-0.1058123,-0.1724097,-28.95062,7.368672,29.47363
61.629489899,0.43248,-57.9007,-17.45753,0.8674503,-0.08733799,-0.196906,-28.95062,7.368672,29.47363
61.639402389,11.76714,-58.7744800000002,-14.32802,0.8993681,-0.110772,-0.2112819,-28.95062,7.368672,29.47363
61.649314403,16.66025,-61.7453400000002,-10.27807,0.9506482,-0.1513759,-0.2173084,-28.95062,7.368672,29.47363
61.659226894,7.18372799999999,-64.7161900000001,-6.596298,1.003144,-0.1647749,-0.2159625,-27.43768,6.62666,31.20275
61.669139385,-16.04304,-65.7647200000003,-5.307677,1.032731,-0.1120917,-0.2254883,-27.43768,6.62666,31.20275
61.679051399,-43.79129,-66.6384999999999,-5.430403,1.056922,-0.03729367,-0.2583447,-27.43768,6.62666,31.20275
61.688964367,-75.4416400000003,-61.04631,19.97384,1.121181,0.1523781,-0.2072587,-27.43768,6.62666,31.20275
61.698876858,-85.7852900000002,-50.5027,50.71666,1.041936,0.3047525,-0.3654034,-27.43768,6.62666,31.20275
61.708788872,-73.4596200000002,-40.01735,67.16192,1.014013,0.2219463,-0.3719389,-25.19563,7.38309,32.92337
61.718701363,-66.7703099999997,-34.25041,72.19368,0.9882482,-0.04999012,-0.484909,-25.19563,7.38309,32.92337
61.728613377,-47.38369,-34.30866,40.95995,0.836252,-0.2786782,-0.6497211,-25.19563,7.38309,32.92337
61.738525867,-26.07701,-26.6194,-3.03725,0.9201732,-0.6130629,-0.8207803,-25.19563,7.38309,32.92337
61.748438835,-10.84025,-54.69685,-0.950910899999997,1.025906,-0.678748,-0.8390012,-25.19563,7.38309,32.92337
61.758350372,-5.327759,-77.18211,13.77619,1.109501,-0.5169829,-0.6994508,-24.41827,5.515402,34.21014
61.76826334,-26.26282,-83.0655599999999,6.84217800000002,1.138366,-0.2685774,-0.5501741,-24.41827,5.515402,34.21014
61.778175831,-75.2558200000001,-73.62874,-29.73012,1.196911,-0.002561775,-0.4423482,-24.41827,5.515402,34.21014
61.788087845,-124.8682,-87.0266899999998,-24.57563,1.565728,-0.1029897,-0.5002059,-24.41827,5.515402,34.21014
61.798000336,-139.4856,-59.5900100000002,5.92173499999998,1.381835,0.1393245,-0.172304,-24.41827,5.515402,34.21014
61.80791235,-106.1629,10.77836,8.00807399999998,1.075793,0.2440481,-0.09147047,-21.78257,4.77348,35.93343
61.817824841,-41.31377,48.17612,-4.203145,0.8672582,0.1432763,-0.1363084,-21.78257,4.77348,35.93343
61.827737808,10.46644,45.96254,4.019485,0.702026,0.03879549,-0.1590041,-21.78257,4.77348,35.93343
61.840127468,25.95096,10.89486,3.896759,0.6403345,0.105786,-0.08836436,-21.78257,4.77348,35.93343
61.850040436,2.724188,-23.7068,-10.03262,0.8497175,0.1660238,-0.008272577,-21.78257,4.77348,35.93343
61.859952927,-41.93315,-35.18244,-14.94165,1.143217,0.1926971,0.1289168,-19.88565,2.902222,36.31494
61.869864941,-86.7763000000003,-19.33791,-16.78254,1.347632,0.1974717,0.184197,-19.88565,2.902222,36.31494
61.879777431,-111.8612,10.95311,-18.19389,1.369846,0.158593,0.2067801,-19.88565,2.902222,36.31494
61.889689922,-112.2328,46.1373,-28.74831,1.26182,-0.01296878,0.2003942,-19.88565,2.902222,36.31494
61.899601936,-96.3147599999998,73.4574700000001,-34.94596,1.193374,-0.2372275,0.03435872,-19.88565,2.902222,36.31494
61.909514904,-71.78729,84.9913600000001,-36.90958,1.108271,-0.3609929,-0.1601428,-21.00171,2.149543,35.48791
61.919427395,-45.71137,88.7194800000001,-42.4936,1.044819,-0.407841,-0.3466496,-21.00171,2.149543,35.48791
61.929339409,-24.2808,90.5835399999997,-49.97987,0.9641852,-0.3415286,-0.4549382,-21.00171,2.149543,35.48791
61.9392519,-7.43365200000003,91.6320800000002,-55.25708,0.8992275,-0.3001225,-0.5419306,-21.00171,2.149543,35.48791
61.949163914,7.98892199999997,88.0787099999997,-52.61848,0.9013525,-0.2361164,-0.5458453,-21.00171,2.149543,35.48791
61.959076405,15.42149,75.67104,-43.47541,0.9216204,-0.2106242,-0.4469503,-22.07494,-1.912063,34.67106
61.968989372,12.07683,67.28276,-38.62774,1.023305,-0.2559329,-0.3593633,-22.07494,-1.912063,34.67106
61.978901386,2.228683,64.3701599999998,-33.35052,1.153193,-0.3519388,-0.2987835,-22.07494,-1.912063,34.67106
61.988813877,-6.814272,66.0012100000002,-25.74153,1.259348,-0.4625219,-0.2808155,-22.07494,-1.912063,34.67106
61.998725891,-0.992095199999997,66.75849,-13.53031,1.282852,-0.5912214,-0.2852513,-22.07494,-1.912063,34.67106
62.008638382,25.45545,78.0593700000002,-16.16891,1.270716,-0.6513289,-0.3469998,-24.31562,-2.666923,33.33591
62.018550873,69.4314700000002,93.2048799999999,-21.87566,1.260732,-0.6757087,-0.4431016,-24.31562,-2.666923,33.33591
62.028462887,119.3535,104.4475,-21.01658,1.197883,-0.6085935,-0.5328231,-24.31562,-2.666923,33.33591
62.038375855,159.4894,112.1368,-20.46432,1.094738,-0.4559911,-0.5894319,-24.31562,-2.666923,33.33591
62.048288345,180.0528,108.5834,-19.97341,1.036387,-0.3380385,-0.6101937,-24.31562,-2.666923,33.33591
62.058200359,178.3805,97.3407699999999,-16.78254,0.9943003,-0.2349294,-0.5404549,-26.56066,-3.426752,30.78011
62.06811285,158.8081,90.1175300000003,-16.72118,1.01594,-0.1055746,-0.4245553,-26.56066,-3.426752,30.78011
62.078025341,128.9539,92.5058599999999,-22.05975,1.093882,-0.09449378,-0.3450159,-26.56066,-3.426752,30.78011
62.087937355,99.4094799999999,98.1563,-18.62343,1.153659,-0.09733669,-0.288929,-26.56066,-3.426752,30.78011
62.097850323,79.2796200000002,104.8553,-18.19389,1.157057,-0.0343889,-0.3130291,-26.56066,-3.426752,30.78011
62.10776186,74.8820100000001,107.0688,-16.59845,1.127281,-0.05449657,-0.3791495,-29.61726,0.6830999,28.2132
62.120152473,90.5523500000002,103.9815,-8.25309699999997,1.056174,-0.2937719,-0.5361374,-29.61726,0.6830999,28.2132
62.130065441,112.4165,97.1077699999998,11.01486,1.189654,-0.4601306,-0.4938254,-29.61726,0.6830999,28.2132
62.139977455,123.5653,99.2048300000002,20.09657,1.125102,-0.1582822,-0.3793407,-29.61726,0.6830999,28.2132
62.149889946,128.6442,104.797,2.178597,1.049712,-0.2446295,-0.3936234,-29.61726,0.6830999,28.2132
62.159802437,122.0169,102.8165,5.676283,1.094288,-0.3440126,-0.3116304,-31.9035,2.853942,24.74894
62.169714451,116.6902,104.9135,15.00345,1.028929,-0.2620792,-0.3426507,-31.9035,2.853942,24.74894
62.179626942,120.4065,96.4087400000001,12.30348,1.008618,-0.2134472,-0.3589444,-31.9035,2.853942,24.74894
62.189539909,120.6542,92.9136199999998,6.84217800000002,1.024581,-0.2850338,-0.3643705,-31.9035,2.853942,24.74894
62.199451923,119.911,94.9524399999997,6.96490399999999,1.058326,-0.3050958,-0.3873837,-31.9035,2.853942,24.74894
62.209364414,128.3965,101.4767,4.571751,1.082087,-0.3207565,-0.4726958,-34.57264,5.458383,20.4501
62.219276428,146.7301,107.7679,2.730864,1.071661,-0.316577,-0.483135,-34.57264,5.458383,20.4501
62.229188919,166.86,113.8843,1.442243,1.067881,-0.2894889,-0.4862807,-34.57264,5.458383,20.4501
62.23910141,186.3705,118.5445,0.3990731,1.061804,-0.2652814,-0.4783807,-34.57264,5.458383,20.4501
62.249013424,201.6692,123.3212,-1.012274,1.034859,-0.1736981,-0.4237437,-34.57264,5.458383,20.4501
62.258926392,212.1987,124.4862,-1.99408,0.9940106,-0.1055635,-0.3696144,-35.74823,8.439109,16.52778
62.268838883,219.5693,122.0979,-0.4600076,0.9803421,-0.06572316,-0.3207266,-35.74823,8.439109,16.52778
62.278750897,224.1527,119.7095,1.012702,0.9612161,-0.008918189,-0.2596713,-35.74823,8.439109,16.52778
62.288663387,223.4095,116.1562,-0.3986447,0.9262393,0.06709691,-0.1959407,-35.74823,8.439109,16.52778
62.298575401,216.5963,109.2242,-3.03725,0.9341081,0.1157508,-0.1822449,-35.74823,8.439109,16.52778
62.308487892,204.4564,100.4864,-4.325871,0.9295608,0.1453755,-0.1618388,-37.30241,11.03475,10.03878
62.31840086,192.9979,95.0106899999999,-3.221339,0.9232626,0.172395,-0.1721641,-37.30241,11.03475,10.03878
62.328312397,185.5653,92.79712,-4.509959,0.8909543,0.2136746,-0.1749514,-37.30241,11.03475,10.03878
62.338225365,181.5393,89.4767500000002,-7.63946799999999,0.8658672,0.2759628,-0.1642211,-37.30241,11.03475,10.03878
62.348137856,180.6103,87.61269,-11.3826,0.8516659,0.3472331,-0.130484,-37.30241,11.03475,10.03878
62.35804987,178.9999,85.6321299999999,-17.15072,0.8511326,0.4215898,-0.09541235,-38.4918,14.37987,3.609774
62.36796236,171.6912,84.7001,-22.3052,0.8420569,0.4706051,-0.06475191,-38.4918,14.37987,3.609774
62.377874374,160.3565,83.0107899999998,-26.41652,0.8212715,0.5068038,-0.04655267,-38.4918,14.37987,3.609774
62.387786865,149.2696,78.4671300000001,-30.89601,0.7865136,0.5087864,-0.04813865,-38.4918,14.37987,3.609774
62.400177479,140.2886,69.7293399999998,-34.76188,0.7695188,0.4910729,-0.05722249,-38.4918,14.37987,3.609774
62.410090447,136.2007,63.61288,-37.64593,0.7749135,0.3553082,-0.07162128,-39.25569,13.98221,-2.038707
62.420002461,135.0858,58.7197199999997,-42.80042,0.7569284,0.5631639,-0.05614563,-39.25569,13.98221,-2.038707
62.429914951,126.9719,54.58384,-47.21854,0.7320194,0.6031057,-0.05420869,-39.25569,13.98221,-2.038707
62.439826965,112.6023,51.37997,-51.51395,0.7357031,0.6469386,-0.02514125,-39.25569,13.98221,-2.038707
62.449739456,94.9499399999997,46.2538,-53.72301,0.7188466,0.6627073,-0.02920173,-39.26623,13.5901,-6.341943
62.459651947,80.27062,39.20531,-56.91388,0.744785,0.6528,-0.03863063,-39.26623,13.5901,-6.341943
62.469563961,65.9009999999998,33.26361,-60.0433900000001,0.7405633,0.6411308,-0.03482806,-39.26623,13.5901,-6.341943
62.479476929,50.23067,26.7394,-59.8592999999999,0.7880892,0.5476375,-0.03973171,-39.26623,13.5901,-6.341943
62.48938942,30.4105,19.28314,-57.4047900000002,0.8246749,0.5063488,-0.04898797,-39.26623,13.5901,-6.341943
62.499301434,8.05085899999999,11.71039,-52.67984,0.8830975,0.4206193,-0.0789089,-39.61897,11.33387,-8.453146
62.509213925,-15.17591,4.428894,-44.82539,0.9032215,0.2504356,-0.1277644,-39.61897,11.33387,-8.453146
62.519125939,-31.89918,-3.143862,-38.1982,0.885408,0.1966951,-0.1634894,-39.61897,11.33387,-8.453146
62.529038429,-42.92416,-10.1341,-26.23243,0.8348852,0.14501,-0.1916958,-39.61897,11.33387,-8.453146
62.538951397,-53.51556,-17.00783,-16.8439,0.7481626,0.1038432,-0.1613982,-39.61897,11.33387,-8.453146
62.548863411,-74.5125699999999,-24.46408,-8.98945100000001,0.6553689,0.05664327,-0.1579736,-39.95929,8.711675,-8.443123
62.558775902,-99.16391,-34.42516,-0.582733500000001,0.5870152,-0.09951425,-0.1876714,-39.95929,8.711675,-8.443123
62.568688393,-122.5765,-44.03674,15.37162,0.5193121,-0.2524063,-0.1501313,-39.95929,8.711675,-8.443123
62.578600407,-134.7783,-50.67746,28.44192,0.5443788,-0.3924968,-0.1109632,-39.95929,8.711675,-8.443123
62.588512897,-137.6894,-53.70656,43.16902,0.6060328,-0.4397374,-0.01917752,-39.95929,8.711675,-8.443123
62.598424911,-134.9022,-53.06579,56.30068,0.7439605,-0.5755242,0.111166,-39.94686,8.345707,-6.321897
62.608337402,-132.9202,-45.84255,68.14372,0.8982798,-0.5844033,0.2719731,-39.94686,8.345707,-6.321897
62.61825037,-128.7703,-30.81354,78.1458800000002,0.956772,-0.5054668,0.3939182,-39.94686,8.345707,-6.321897
62.628162384,-123.1959,-18.34762,87.96394,0.9356632,-0.3374982,0.3918713,-39.94686,8.345707,-6.321897
62.638074875,-108.083,-17.70685,86.7980499999998,0.8676522,-0.06669194,0.4187925,-39.94686,8.345707,-6.321897
62.647987366,-116.0111,-25.0466,74.1572900000002,0.7432942,0.1733629,0.5415814,-39.59735,10.97836,-3.762135
62.65789938,-159.8013,-43.51247,50.16439,0.6511042,0.1998874,0.6424836,-39.59735,10.97836,-3.762135
62.66781187,-198.6984,-58.4249699999999,25.37378,0.8935795,0.1580384,0.7782479,-39.59735,10.97836,-3.762135
62.677724838,-185.3197,-52.36677,1.319517,1.39077,0.5575889,0.7114902,-39.59735,10.97836,-3.762135
62.690114498,-140.6624,-41.12414,-25.92562,1.882378,0.6845484,0.5440556,-39.59735,10.97836,-3.762135
62.700027466,-83.9271500000001,-28.71647,-41.20498,2.387269,0.5542255,0.8458193,-38.87522,13.9893,-0.3060484
62.709939957,-6.07101500000003,7.45799500000003,-10.4008,2.954831,-0.427848,1.302182,-38.87522,13.9893,-0.3060484
62.719851971,51.09781,41.18588,38.13726,2.744484,-1.129954,1.425251,-38.87522,13.9893,-0.3060484
62.729764461,136.0768,52.71977,57.22112,2.027974,-1.524882,0.853057,-38.87522,13.9893,-0.3060484
62.739676475,296.3725,97.5737799999998,16.72161,1.578945,-0.8740546,1.029121,-38.87522,13.9893,-0.3060484
62.749588966,370.6362,154.719,-7.08720199999999,0.9837998,0.06565491,0.8848336,-38.87037,13.61471,-0.3048944
62.759501934,296.1247,109.9232,-5.062225,0.1607062,1.153373,0.1909787,-38.87037,13.61471,-0.3048944
62.769413948,173.4255,29.24423,4.571751,-0.3535976,1.728093,-0.2220151,-38.87037,13.61471,-0.3048944
62.779326439,28.11879,-15.84279,-16.59845,-0.3479838,1.35316,-0.6379811,-38.87037,13.61471,-0.3048944
62.78923893,-62.3727000000002,-22.83302,-19.54387,-0.01233429,1.086531,-0.5962861,-38.87037,13.61471,-0.3048944
62.799150944,-40.63245,-3.493374,-15.43256,0.5797094,0.3118062,-0.4182205,-37.77083,13.96848,-5.451458
62.809063435,-16.7863,30.17626,-4.694048,0.3791841,0.04910018,0.08028807,-37.77083,13.96848,-5.451458
62.818975449,-34.93415,36.93349,4.203574,1.344363,-0.02683724,0.4132088,-37.77083,13.96848,-5.451458
62.828888416,-63.6114700000001,25.69086,16.35343,1.004532,-0.1815782,0.2808765,-37.77083,13.96848,-5.451458
62.838800907,-64.9121599999999,5.76868899999999,22.42836,1.035393,-0.4816245,0.2209731,-37.77083,13.96848,-5.451458
62.848712921,-45.2778,-6.58072700000001,17.21251,0.9304743,-0.7320838,0.1391282,-39.26786,13.96836,-5.443673
62.858625412,-5.513573,-12.63893,6.596727,0.8407708,-0.5679635,0.2145153,-39.26786,13.96836,-5.443673
62.868537903,22.17274,-26.67765,0.951339199999998,0.8393441,-0.3443243,0.241947,-39.26786,13.96836,-5.443673
62.878449917,28.98592,-32.15334,-2.239532,0.8919325,-0.2135508,0.1827922,-39.26786,13.96836,-5.443673
62.888362884,16.78412,-30.11452,-1.441814,0.9315187,-0.09088309,0.1813227,-39.26786,13.96836,-5.443673
62.898275375,2.104807,-26.32814,4.019485,1.01349,0.02419278,0.2034185,-38.52905,14.71761,-5.449872
62.908187389,-9.911175,-20.09518,11.01486,1.03633,-0.0092427,0.2457186,-38.52905,14.71761,-5.449872
62.91809988,-28.43065,-24.75534,19.66702,1.01006,0.0246426,0.2985246,-38.52905,14.71761,-5.449872
62.928011894,-54.50657,-33.78439,26.84649,0.9845291,-0.03400992,0.3627111,-38.52905,14.71761,-5.449872
62.937924385,-68.4426300000002,-43.33772,32.24642,0.9370177,-0.1263541,0.2468172,-38.52905,14.71761,-5.449872
62.947836876,-55.43564,-48.58039,31.57143,0.8790582,-0.2767209,0.09318099,-38.52307,14.7244,-3.779512
62.95774889,-26.32476,-52.07551,29.97599,0.8753774,-0.2912928,0.003328374,-38.52307,14.7244,-3.779512
62.970139503,-11.64544,-58.4832200000001,31.32598,0.932969,-0.09063389,0.1323348,-38.52307,14.7244,-3.779512
62.980052471,-21.67941,-56.3279,29.301,0.9419643,-0.03750029,0.1657365,-38.52307,14.7244,-3.779512
62.989964485,-32.45662,-52.07551,24.88287,0.9680567,-0.03050247,0.1434545,-38.52307,14.7244,-3.779512
62.999876976,-28.49259,-49.10466,20.34202,0.977025,-0.01348049,0.1319612,-38.1604,16.23171,-1.601756
63.009789467,-16.35273,-46.25031,17.94886,0.9983621,0.05376554,0.1456563,-38.1604,16.23171,-1.601756
63.019701481,-17.77731,-45.14352,15.92389,1.007795,0.1315083,0.15521,-38.1604,16.23171,-1.601756
63.029613972,-31.21786,-47.76486,14.38982,0.992799,0.169691,0.1680872,-38.1604,16.23171,-1.601756
63.039525986,-41.68539,-50.2697,11.81257,0.9928686,0.116317,0.1600484,-38.1604,16.23171,-1.601756
63.049438953,-49.1799,-49.80368,7.45580799999998,0.9897571,0.07253356,0.1391387,-37.77832,16.24063,0.5806141
63.059351444,-54.56851,-51.20173,3.651307,0.9708626,-0.009804959,0.1075546,-37.77832,16.24063,0.5806141
63.069263458,-50.72835,-51.60949,2.792227,0.9896755,-0.07359332,0.1031144,-37.77832,16.24063,0.5806141
63.079175949,-47.38369,-51.55124,4.939929,1.007675,-0.1309667,0.1222522,-37.77832,16.24063,0.5806141
63.08908844,-47.32175,-52.13376,6.596727,0.9780338,-0.2063571,0.1474725,-37.77832,16.24063,0.5806141
63.099000454,-42.11896,-53.00754,6.65808999999999,0.9595787,-0.2389679,0.07396166,-37.77884,17.00027,3.148092
63.108913422,-32.33275,-54.40559,9.17396900000002,0.986563,-0.2044461,0.02784691,-37.77884,17.00027,3.148092
63.118825913,-20.87421,-53.24055,11.01486,1.02161,-0.1955467,0.07031615,-37.77884,17.00027,3.148092
63.128737927,-12.32676,-50.96872,13.22392,1.051616,-0.1892263,0.09504899,-37.77884,17.00027,3.148092
63.138650417,-6.50458200000001,-47.93962,16.04661,1.036551,-0.1725426,0.07609313,-37.77884,17.00027,3.148092
63.148562431,3.591321,-44.09499,17.76477,1.021667,-0.1391798,0.0942189,-37.39192,16.6346,5.331617
63.158474922,15.54536,-39.9591,15.43299,0.9876717,-0.09803306,0.06983918,-37.39192,16.6346,5.331617
63.16838789,18.82808,-38.03679,14.88072,0.9772809,-0.08895716,0.06855527,-37.39192,16.6346,5.331617
63.178299427,11.39551,-37.51252,16.96706,0.9685943,-0.1072959,0.1059658,-37.39192,16.6346,5.331617
63.188212395,0.989922399999999,-41.47365,18.25568,0.9447781,-0.1455704,0.07520092,-37.39192,16.6346,5.331617
63.198124886,-2.540546,-50.5027,14.75799,0.899892,-0.1741358,0.003882158,-36.65011,17.38725,6.160597
63.2080369,8.79411600000002,-60.5220499999998,6.47400099999998,0.8601091,-0.1291274,-0.1034857,-36.65011,17.38725,6.160597
63.21794939,32.08282,-62.7356199999997,-4.203145,1.00222,0.0001100228,-0.113062,-36.65011,17.38725,6.160597
63.227861404,51.65525,-55.51237,-8.06900800000002,1.141033,0.09400839,-0.104117,-36.65011,17.38725,6.160597
63.237773895,59.2116899999999,-41.24064,-6.35084600000001,1.235543,0.1338001,-0.04422606,-36.65011,17.38725,6.160597
63.247686863,55.37153,-26.79416,-3.773605,1.153847,0.1166679,0.02747878,-36.65845,18.51809,7.891741
63.260077477,45.46144,-25.22136,-3.528153,1.010629,0.04417574,0.04320525,-36.65845,18.51809,7.891741
63.269989491,44.34656,-29.76501,-3.528153,0.987664,-0.007562396,0.03202931,-36.65845,18.51809,7.891741
63.279901981,47.38152,-30.17277,-2.791798,1.004689,-0.02202868,0.006327105,-36.65845,18.51809,7.891741
63.289813995,45.95695,-29.88151,0.583161800000002,0.9949762,-0.03089679,0.002516583,-36.65845,18.51809,7.891741
63.299726486,42.79811,-30.52228,2.669501,0.982724,-0.06984065,0.001890291,-36.28606,18.89612,8.723822
63.309638977,42.11679,-31.92033,5.124017,0.9957808,-0.0875513,0.01461582,-36.28606,18.89612,8.723822
63.319550991,44.09881,-33.84264,7.45580799999998,0.9753436,-0.141655,0.008682493,-36.28606,18.89612,8.723822
63.329463959,48.12478,-34.25041,8.74442899999999,0.980116,-0.1765284,0.004084606,-36.28606,18.89612,8.723822
63.33937645,53.26564,-35.3572,11.13758,1.001419,-0.1783201,-0.01869178,-36.28606,18.89612,8.723822
63.349288464,59.3355699999999,-33.95915,13.28528,1.023072,-0.1494466,-0.01917983,-35.16168,18.89804,9.167692
63.359200955,64.8480500000001,-28.01745,14.26709,1.025338,-0.07414753,0.003868288,-35.16168,18.89804,9.167692
63.369112969,68.0068900000002,-25.27961,15.49435,0.9970666,-0.02689988,0.02028973,-35.16168,18.89804,9.167692
63.379025459,63.7331699999997,-28.71647,15.92389,0.9659486,0.02669772,0.05262503,-35.16168,18.89804,9.167692
63.388938427,50.6023,-33.84264,16.2307,0.9550676,0.05454295,0.02554214,-35.16168,18.89804,9.167692
63.398849964,36.41849,-40.0756,15.86252,0.9451374,0.03629307,-0.01049947,-35.54403,19.64903,9.617044
63.408762932,27.06584,-45.26003,15.55571,0.9639721,-0.01528884,0.00146682,-35.54403,19.64903,9.617044
63.418675423,20.56235,-47.4736,14.69663,0.979973,-0.06564036,-0.02302451,-35.54403,19.64903,9.617044
63.428587437,18.2087,-49.33767,14.38982,0.9693254,-0.09498639,-0.0466493,-35.54403,19.64903,9.617044
63.438499928,19.38552,-49.27942,12.97847,0.9975201,-0.08788784,-0.05454529,-35.54403,19.64903,9.617044
63.448412895,18.76614,-48.28913,11.75121,0.9979311,-0.05939011,-0.07644652,-34.81005,20.77287,9.60969
63.458324432,19.13777,-47.88137,10.33986,0.9792687,-0.008206373,-0.07209168,-34.81005,20.77287,9.60969
63.4682374,20.74816,-45.9008,8.00807399999998,0.9776833,0.01440103,-0.009505829,-34.81005,20.77287,9.60969
63.478149414,20.12878,-43.45422,6.28991200000003,0.9740987,0.005502208,0.05961083,-34.81005,20.77287,9.60969
63.488061905,14.86405,-44.09499,5.062654,0.9635952,-0.03230098,0.08778545,-34.81005,20.77287,9.60969
63.497974396,8.60830200000001,-46.30856,4.571751,0.9520237,-0.08772428,0.08656292,-34.05534,20.77999,11.3404
63.50788641,2.538374,-45.84255,3.467218,0.9687699,-0.1389119,0.08606704,-34.05534,20.77999,11.3404
63.517798901,-2.540546,-44.67751,4.080848,0.9699233,-0.1758816,0.05988153,-34.05534,20.77999,11.3404
63.530189514,-1.549538,-44.09499,4.326299,0.9588197,-0.1810746,0.02009649,-34.05534,20.77999,11.3404
63.540101528,2.228683,-43.16296,3.099041,0.9458573,-0.1460022,-0.01076026,-33.69103,21.90904,12.61989
63.550014496,3.715197,-43.92023,-0.3372818,0.9178095,-0.09084233,-0.05862938,-33.69103,21.90904,12.61989
63.559926987,-1.177909,-50.15319,-2.730435,0.9076205,-0.06752388,-0.1188797,-33.69103,21.90904,12.61989
63.569839001,-11.14994,-58.8327400000001,-2.607709,0.8927848,-0.0512179,-0.2113044,-33.69103,21.90904,12.61989
63.579751491,-16.7863,-67.3375199999999,-0.828185100000001,0.8912461,-0.007867783,-0.2628585,-33.69103,21.90904,12.61989
63.589663982,-13.00808,-71.2404099999998,-1.073637,0.9126012,0.01817242,-0.2479976,-32.93792,21.91432,13.90089
63.599575996,-1.859228,-70.0171100000002,-4.325871,0.9279113,-0.009602875,-0.2180743,-32.93792,21.91432,13.90089
63.609488964,11.82908,-67.62878,-6.16675799999997,0.9390203,-0.03416314,-0.2125787,-32.93792,21.91432,13.90089
63.619400978,22.04886,-67.92004,-8.49854900000003,0.9194853,-0.06048902,-0.1933671,-32.93792,21.91432,13.90089
63.629313469,26.63227,-71.5899200000001,-10.46216,0.9550278,-0.11158,-0.2204449,-32.93792,21.91432,13.90089
63.63922596,23.907,-75.4928000000003,-6.10539499999999,0.9912673,-0.1210931,-0.1785895,-32.18159,21.92327,16.08131
63.649137974,16.35056,-69.25984,-5.79858000000001,1.015324,-0.1048932,-0.1979104,-32.18159,21.92327,16.08131
63.659050465,13.19172,-53.64831,-9.97125800000001,1.029209,-0.08804394,-0.2545852,-32.18159,21.92327,16.08131
63.668963432,9.72318700000001,-42.58044,-11.99623,1.009842,0.005948367,-0.2211292,-32.18159,21.92327,16.08131
63.678875446,-1.673414,-41.99792,-2.484983,1.017474,0.09375157,-0.1370673,-32.18159,21.92327,16.08131
63.688787937,-19.32576,-48.05612,6.53536400000002,0.994213,0.1684402,-0.07681496,-31.42202,21.5558,17.81318
63.698700428,-37.65942,-54.11433,11.87394,1.005448,0.1202822,-0.1343785,-31.42202,21.5558,17.81318
63.708612442,-47.81726,-60.5220499999998,19.23748,0.9622993,0.04578313,-0.1853725,-31.42202,21.5558,17.81318
63.718524933,-43.85323,-59.4152600000002,17.76477,0.9395387,-0.1699911,-0.3210438,-31.42202,21.5558,17.81318
63.728436947,-21.80328,-51.8425,13.34665,0.9494061,-0.5246878,-0.5847042,-31.42202,21.5558,17.81318
63.738349914,13.93497,-56.09489,12.18075,0.9814155,-0.7444292,-0.9629082,-29.91901,21.56271,19.47575
63.748262405,49.98292,-69.25984,8.74442899999999,1.172607,-0.6471751,-1.087429,-29.91901,21.56271,19.47575
63.758174419,70.9799199999998,-66.6967500000001,0.5217989,1.32541,-0.29004,-0.931852,-29.91901,21.56271,19.47575
63.76808691,80.5183799999999,-38.09504,-14.75756,1.326166,0.004961234,-0.7988106,-29.91901,21.56271,19.47575
63.777999401,88.0128800000002,-9.90108999999998,-32.49145,1.245995,0.1612705,-0.7566946,-29.91901,21.56271,19.47575
63.787911415,99.4714200000001,0.293004,-40.89816,1.131582,0.2422788,-0.6609857,-29.53993,21.56824,20.82294
63.797823906,108.7621,-3.260366,-42.37087,1.005095,0.3010301,-0.4337502,-29.53993,21.56824,20.82294
63.807736874,101.8251,-8.91080699999998,-44.33449,0.9751193,0.3059717,-0.1563887,-29.53993,21.56824,20.82294
63.820126533,61.6892099999999,-22.42526,-32.24599,1.035913,0.2302653,0.1517666,-29.53993,21.56824,20.82294
63.830039501,22.42049,-25.0466,-21.26203,1.002758,0.1784479,0.2434382,-29.53993,21.56824,20.82294
63.839951992,-6.93814800000003,-24.23107,-17.5189,0.9961016,0.1399241,0.2168345,-28.80433,22.31383,19.91732
63.849864006,-23.59948,-22.60002,-13.7144,1.085552,0.1120005,0.1332339,-28.80433,22.31383,19.91732
63.859776497,-29.42166,-17.47384,-6.90311299999998,1.192008,0.009857624,0.0950769,-28.80433,22.31383,19.91732
63.869688511,-18.27281,-2.852602,-11.44397,1.236986,-0.1598085,0.08632825,-28.80433,22.31383,19.91732
63.879601002,13.43947,19.39965,-22.67338,1.268486,-0.2468569,0.1473974,-28.80433,22.31383,19.91732
63.889513969,53.63727,43.04995,-31.93918,1.244935,-0.2157252,0.2236876,-28.43653,22.68662,19.46451
63.899425983,93.2776199999998,63.3216199999999,-42.24815,1.156337,-0.1788347,0.2578837,-28.43653,22.68662,19.46451
63.909338474,124.4325,76.9525800000001,-57.28206,1.044252,-0.08982086,0.2086165,-28.43653,22.68662,19.46451
63.919250965,138.3066,86.4476500000002,-71.8250699999998,0.9321178,0.09184127,0.1676496,-28.43653,22.68662,19.46451
63.929162979,131.8031,90.5835399999997,-90.11121,0.8787338,0.2723261,0.1323735,-28.43653,22.68662,19.46451
63.93907547,104.4265,84.8165999999999,-100.1747,0.8915636,0.3391182,0.07892206,-29.56551,22.67947,17.73574
63.948988438,60.32658,64.4866600000002,-93.05663,0.9568045,0.288334,0.03956771,-29.56551,22.67947,17.73574
63.958900452,4.644268,47.24409,-80.4772300000002,1.017051,0.1603694,-0.005056198,-29.56551,22.67947,17.73574
63.968812942,-52.21486,36.40922,-67.5296599999998,1.126763,-0.09034039,-0.09032828,-29.56551,22.67947,17.73574
63.978724957,-93.7753000000001,34.77817,-57.5888700000002,1.251677,-0.2854672,-0.05869222,-29.56551,22.67947,17.73574
63.988637447,-107.5255,46.07905,-54.76618,1.367334,-0.4594871,-0.1420679,-32.57012,22.28712,13.44807
63.998549938,-89.5635100000002,65.5934499999997,-50.22533,1.475141,-0.6958089,-0.2531551,-32.57012,22.28712,13.44807
64.008461952,-51.34773,79.0496500000003,-35.43687,1.495685,-0.865535,-0.3082535,-32.57012,22.28712,13.44807
64.01837492,-11.83125,88.95249,-21.20067,1.426859,-0.9204835,-0.3608004,-32.57012,22.28712,13.44807
64.028287411,32.39252,102.3504,-14.75756,1.29177,-0.9739602,-0.5313239,-32.57012,22.28712,13.44807
64.038199425,98.91398,116.9717,-23.10292,1.168954,-0.899959,-0.7385638,-34.03481,19.663,13.01423
64.048111916,179.9909,120.059,-26.47788,1.103825,-0.8686377,-0.8064155,-34.03481,19.663,13.01423
64.058024406,236.4165,117.6125,-22.36657,1.027565,-0.6937255,-0.5519817,-34.03481,19.663,13.01423
64.06793642,239.5753,125.7677,-26.29379,1.040686,-0.4945686,-0.2314711,-34.03481,19.663,13.01423
64.077849388,202.4125,140.5637,-33.84143,1.066285,-0.3375744,-0.03091612,-34.03481,19.663,13.01423
64.087760925,158.9939,150.6413,-39.97772,1.039336,-0.2698963,-0.00476762,-35.9164,18.89091,7.436981
64.100151539,135.7671,144.6414,-38.62774,1.093654,-0.2714024,-0.1454862,-35.9164,18.89091,7.436981
64.110064507,134.9,122.2144,-21.26203,1.174387,-0.2320753,-0.1421296,-35.9164,18.89091,7.436981
64.119976997,134.7761,111.0882,-8.00764499999998,1.221879,-0.2541273,-0.1143864,-35.9164,18.89091,7.436981
64.129889011,130.3785,107.1271,0.951339199999998,1.253404,-0.3380053,-0.1901414,-35.9164,18.89091,7.436981
64.139801502,125.0518,109.7484,6.41263799999999,1.267144,-0.4036619,-0.2622495,-37.06858,18.85736,-0.7804918
64.149713516,125.2996,113.5348,13.96028,1.268617,-0.4655921,-0.3342192,-37.06858,18.85736,-0.7804918
64.159626007,130.9979,123.3212,20.09657,1.233585,-0.4535078,-0.3506203,-37.06858,18.85736,-0.7804918
64.169538975,136.4484,127.7483,25.68059,1.175218,-0.4265258,-0.3364563,-37.06858,18.85736,-0.7804918
64.179450989,140.5983,128.2143,33.1055,1.144093,-0.4202487,-0.3601345,-37.06858,18.85736,-0.7804918
64.18936348,146.1108,126.0007,39.97815,1.147735,-0.4117992,-0.3289016,-37.45798,18.45999,-6.366675
64.199275971,147.7212,127.0493,46.29853,1.131624,-0.3315092,-0.3277376,-37.45798,18.45999,-6.366675
64.209187985,140.4125,125.0687,48.20078,1.111305,-0.3509175,-0.2815838,-37.45798,18.45999,-6.366675
64.219100475,129.8211,124.0784,51.69846,1.067363,-0.3846057,-0.3145328,-37.45798,18.45999,-6.366675
64.229013443,129.5114,118.8357,50.10303,1.013594,-0.4286852,-0.3642656,-37.45798,18.45999,-6.366675
64.238925457,145.3675,111.0882,49.61213,0.9659432,-0.4718334,-0.4361361,-35.99821,19.17793,-14.08612
64.248837948,170.2666,103.399,49.67349,0.9358697,-0.4364862,-0.4663526,-35.99821,19.17793,-14.08612
64.258749962,187.7951,99.4378400000001,46.72807,0.9022544,-0.3412436,-0.4380382,-35.99821,19.17793,-14.08612
64.268662453,189.2197,95.1854500000002,44.39628,0.8784485,-0.2734195,-0.391271,-35.99821,19.17793,-14.08612
64.278574944,181.7252,84.8165999999999,42.06449,0.827338,-0.2210201,-0.3549175,-35.99821,19.17793,-14.08612
64.288486958,182.0968,74.0399900000002,40.16224,0.8333361,-0.1972245,-0.3620169,-34.51471,18.78254,-19.23232
64.298399925,196.3425,67.98178,40.03951,0.8364419,-0.163688,-0.3536595,-34.51471,18.78254,-19.23232
64.308312416,211.2077,62.91386,39.79406,0.8225545,-0.08518556,-0.32852,-34.51471,18.78254,-19.23232
64.31822443,213.8091,56.09838,39.91679,0.7754251,0.008514126,-0.2847258,-34.51471,18.78254,-19.23232
64.328136921,207.6153,47.65185,40.2236,0.7243863,0.08265376,-0.2635932,-34.51471,18.78254,-19.23232
64.338049412,200.3685,38.56454,41.63494,0.7107857,0.1483742,-0.2731129,-33.0185,17.26127,-24.88902
64.347961426,193.4314,30.17626,42.24857,0.7091288,0.2167892,-0.2591974,-33.0185,17.26127,-24.88902
64.357874394,182.2826,22.25399,41.26677,0.7136744,0.2756958,-0.2237955,-33.0185,17.26127,-24.88902
64.367785931,165.6213,15.20551,39.7327,0.7042286,0.3267181,-0.1791936,-33.0185,17.26127,-24.88902
64.377698898,146.5443,8.15701899999998,38.19862,0.6880763,0.3794299,-0.1666891,-33.0185,17.26127,-24.88902
64.390089512,128.7062,-0.2312636,38.13726,0.6698958,0.3762302,-0.1790264,-31.86612,14.25414,-27.45541
64.400002003,122.0169,-8.32828599999997,36.78728,0.721287,0.4073828,-0.1855362,-31.86612,14.25414,-27.45541
64.409914017,119.849,-15.55153,35.68274,0.7327245,0.4737076,-0.2322556,-31.86612,14.25414,-27.45541
64.419826508,118.4245,-22.30876,32.55323,0.7186959,0.4019101,-0.2061955,-31.86612,14.25414,-27.45541
64.429738522,120.7162,-32.85236,26.35558,0.7278337,0.4460891,-0.2170293,-30.72852,12.37053,-30.08951
64.439651013,125.3615,-41.5319,17.15115,0.7167451,0.4970015,-0.1896988,-30.72852,12.37053,-30.08951
64.44956398,128.7062,-45.49304,9.66487199999998,0.7104372,0.5379229,-0.1370306,-30.72852,12.37053,-30.08951
64.459475994,127.1577,-44.73576,6.41263799999999,0.7101966,0.5682899,-0.07728641,-30.72852,12.37053,-30.08951
64.469388485,121.893,-40.42512,4.633114,0.7239723,0.550705,-0.04199925,-30.72852,12.37053,-30.08951
64.479300976,118.9819,-36.93,6.28991200000003,0.7333107,0.4767088,-0.02865399,-31.43663,9.375543,-29.62668
64.48921299,124.5563,-35.88146,5.676283,0.7562382,0.3794164,-0.05256179,-31.43663,9.375543,-29.62668
64.499125481,139.917,-39.55134,2.914952,0.8439121,0.2718187,-0.06897434,-31.43663,9.375543,-29.62668
64.509038448,159.4275,-44.38625,1.135428,0.9402024,0.1866741,-0.0771543,-31.43663,9.375543,-29.62668
64.518950462,177.6992,-47.99787,-1.319088,1.024108,0.1554393,-0.03780507,-31.43663,9.375543,-29.62668
64.528862953,185.9369,-48.05612,-4.387233,1.074662,0.1593445,0.03281682,-31.76888,6.382409,-28.71607
64.538774967,179.5573,-41.2989,-8.00764499999998,1.047825,0.1963583,0.1293433,-31.76888,6.382409,-28.71607
64.548687458,159.9849,-29.70676,-9.41899200000002,1.034272,0.3152829,0.2819909,-31.76888,6.382409,-28.71607
64.558599949,126.2906,-18.34762,-0.4600076,1.021389,0.3908937,0.401693,-31.76888,6.382409,-28.71607
64.568511963,85.16373,-13.57096,16.41479,1.018722,0.3271021,0.4483482,-31.76888,6.382409,-28.71607
64.57842493,52.52238,-20.09518,32.00097,1.009559,0.2197436,0.430432,-32.84503,3.01436,-27.86467
64.588337421,27.56135,-32.26984,45.25536,0.9707475,0.1545433,0.4793327,-32.84503,3.01436,-27.86467
64.598249435,4.830081,-42.05617,53.96889,1.016611,0.1553245,0.613358,-32.84503,3.01436,-27.86467
64.608161926,-30.10298,-33.84264,60.6574499999997,1.16432,0.1991739,0.9541568,-32.84503,3.01436,-27.86467
64.618074417,-104.1809,26.15688,75.1390999999999,1.857677,0.1287129,2.156313,-32.84503,3.01436,-27.86467
64.627986431,-170.9501,107.2436,121.2226,2.355877,-0.1555225,2.245364,-33.55719,0.458225,-26.95347
64.637899399,-81.9451299999999,21.67147,126.9907,2.851074,0.3429019,1.146943,-33.55719,0.458225,-26.95347
64.647810936,-40.38469,-89.0655099999997,75.3231900000001,3.685703,0.5147591,0.8652386,-33.55719,0.458225,-26.95347
64.660201549,-122.0191,67.8652800000002,16.59888,2.530954,0.6108723,0.9524233,-33.55719,0.458225,-26.95347
64.670114517,-124.1869,142.3695,-58.8774900000002,0.5339596,0.3566983,-0.4400658,-33.55719,0.458225,-26.95347
64.680027008,-64.9741099999998,100.5446,-35.68232,-0.1780676,-0.1485534,-0.4186007,-33.61457,4.890937,-26.96712
64.689939022,2.166745,71.65166,-3.46679,-0.8885489,0.2190095,-1.226331,-33.61457,4.890937,-26.96712
64.699851513,62.5563499999997,29.65199,4.203574,-1.121225,0.7167878,-1.446057,-33.61457,4.890937,-26.96712
64.709763527,114.2127,-18.9884,-3.46679,-1.093458,0.8322051,-1.321184,-33.61457,4.890937,-26.96712
64.719676018,155.7112,-84.8131199999998,3.344493,-0.2575784,0.4782112,-1.191066,-33.61457,4.890937,-26.96712
64.729588985,133.1038,-132.9292,-8.74399900000002,0.6264886,0.2647537,-0.441534,-31.77373,6.757005,-28.71723
64.739500999,-57.6654099999998,-52.19201,18.3784,1.789199,-0.2620458,0.2673217,-31.77373,6.757005,-28.71723
64.74941349,-192.7523,-22.94953,16.90569,2.008719,0.5198232,-0.298007,-31.77373,6.757005,-28.71723
64.759325981,-184.081,-11.41564,7.88534800000001,1.866331,-0.5155202,0.1011858,-31.77373,6.757005,-28.71723
64.769237995,7.49341799999997,-4.89142,43.59856,2.151179,-0.795132,0.8476561,-31.77373,6.757005,-28.71723
64.779150486,107.7711,8.62303400000002,53.66208,1.645361,-0.4423466,0.9065413,-33.24517,5.265562,-26.97022
64.789063454,48.55835,-10.48361,29.05555,0.8178518,-0.3489548,0.4293766,-33.24517,5.265562,-26.97022
64.798975468,-16.04304,-58.01721,8.56033999999998,0.5745954,-0.402182,-0.2750411,-33.24517,5.265562,-26.97022
64.808887958,-36.11097,-95.9392399999997,7.21035599999999,0.6954641,-0.3955113,-0.4014357,-33.24517,5.265562,-26.97022
64.818800449,-23.22786,-93.9004199999998,12.97847,0.8333343,-0.3420947,-0.4364462,-33.24517,5.265562,-26.97022
64.828712463,-0.8682191,-60.3472900000001,19.66702,0.9376463,-0.2753397,-0.3428551,-34.002,6.016262,-26.58317
64.838624954,15.42149,-27.08542,20.21929,1.015216,-0.2154238,-0.1948045,-34.002,6.016262,-26.58317
64.848536968,25.76514,-13.68747,25.80332,1.015644,-0.1732501,-0.1037776,-34.002,6.016262,-26.58317
64.858449936,36.23267,-14.736,30.09872,1.013517,-0.07189987,-0.001769317,-34.002,6.016262,-26.58317
64.868362427,45.7092,-19.2214,29.301,1.072666,0.02444287,0.109242,-34.002,6.016262,-26.58317
64.878274441,43.72718,-23.41554,26.04877,1.091215,0.069537,0.1588272,-35.51223,7.521582,-24.8454
64.888186932,31.02988,-30.11452,23.53289,1.034781,0.08677599,0.159464,-35.51223,7.521582,-24.8454
64.898099422,16.84606,-35.70671,21.81473,0.997207,0.1017055,0.1368633,-35.51223,7.521582,-24.8454
64.908011436,4.582329,-35.53195,19.48294,0.9724936,0.1546715,0.1254408,-35.51223,7.521582,-24.8454
64.917924404,-7.43365200000003,-32.38634,18.68522,0.9748194,0.1304894,0.03786938,-35.51223,7.521582,-24.8454
64.927836895,-13.50358,-29.59025,18.68522,0.9789591,0.01894967,-0.07046742,-34.76882,8.276061,-23.5667
64.937748909,-16.7863,-24.40583,19.17612,0.9932855,-0.06908045,-0.063984,-34.76882,8.276061,-23.5667
64.950139523,-24.09499,-18.17287,18.19431,0.9949182,-0.1657919,-0.01806804,-34.76882,8.276061,-23.5667
64.960052013,-29.17391,-20.44469,17.64205,0.9869807,-0.2244771,-0.002540373,-34.76882,8.276061,-23.5667
64.969964027,-26.75833,-25.39611,17.51932,1.001022,-0.2509528,0.0005144998,-34.76882,8.276061,-23.5667
64.979876518,-15.05203,-27.49318,16.78297,1.022842,-0.2546751,-0.02179937,-35.51088,7.903235,-23.11195
64.989789486,0.927984400000002,-27.60969,16.2307,1.010422,-0.2273736,-0.05655418,-35.51088,7.903235,-23.11195
64.9997015,14.3066,-27.49318,15.2489,1.002164,-0.1723359,-0.08203969,-35.51088,7.903235,-23.11195
65.009613991,18.58033,-27.08542,14.94208,0.9947433,-0.1117454,-0.06716266,-35.51088,7.903235,-23.11195
65.019526005,11.64327,-26.56115,15.2489,0.9614573,-0.06974182,-0.02144012,-35.51088,7.903235,-23.11195
65.029438496,-2.664423,-28.25046,16.2307,0.9385749,-0.06802692,-0.009693282,-36.28065,9.779552,-22.27864
65.039350986,-13.25583,-33.55138,16.16934,0.9199963,-0.08801031,0.01483348,-36.28065,9.779552,-22.27864
65.049263,-14.24684,-37.92028,14.02164,0.9600263,-0.1568015,0.02312799,-36.28065,9.779552,-22.27864
65.059175491,-7.18590000000003,-38.6193,11.87394,0.9873139,-0.1689422,0.04728281,-36.28065,9.779552,-22.27864
65.069088459,2.66225,-35.76496,8.62170300000002,1.024418,-0.170458,0.0397272,-36.28065,9.779552,-22.27864
65.079000473,11.82908,-34.07565,6.10582399999999,1.037146,-0.1515145,0.01572777,-36.27444,9.786611,-20.54404
65.088912964,19.32359,-33.84264,3.589944,1.022745,-0.1183969,-0.01464854,-36.27444,9.786611,-20.54404
65.098825455,24.21669,-33.31838,1.749057,0.9986986,-0.08777123,-0.03486893,-36.27444,9.786611,-20.54404
65.108737469,24.58832,-33.02712,0.951339199999998,0.9801677,-0.07359225,-0.06101179,-36.27444,9.786611,-20.54404
65.11864996,18.95196,-33.43488,1.258154,0.9621869,-0.04474114,-0.06401441,-36.27444,9.786611,-20.54404
65.128561974,9.04186800000002,-35.3572,1.933146,0.9531943,-0.05178022,-0.09086699,-37.02784,10.54123,-19.19332
65.138474941,-2.41667,-38.6193,3.221767,0.9599615,-0.05514991,-0.1024758,-37.02784,10.54123,-19.19332
65.148387432,-10.84025,-40.54162,5.124017,0.9947437,-0.05175394,-0.09221139,-37.02784,10.54123,-19.19332
65.158299446,-14.6804,-40.25036,7.148993,1.018173,-0.02611564,-0.06632872,-37.02784,10.54123,-19.19332
65.168211937,-13.37971,-39.26008,7.82398500000003,1.018192,-0.007081327,-0.04219418,-37.02784,10.54123,-19.19332
65.178124428,-8.42466199999997,-40.25036,7.51716999999999,0.9961544,0.008235213,-0.02748359,-37.39265,10.17183,-17.90532
65.188036442,-5.327759,-43.80373,6.53536400000002,0.9887916,0.02178712,-0.01436094,-37.39265,10.17183,-17.90532
65.19794941,-7.24783800000001,-47.29885,6.65808999999999,1.004918,0.01466721,-0.02368052,-37.39265,10.17183,-17.90532
65.2078619,-13.50358,-49.62893,8.06943700000002,1.007425,0.007412941,-0.02615282,-37.39265,10.17183,-17.90532
65.217773914,-21.36971,-48.98816,9.35805800000003,0.9938164,0.0009431475,-0.02558991,-37.39265,10.17183,-17.90532
65.227686405,-28.49259,-47.70661,10.58532,0.9773426,-0.02894269,-0.0458033,-37.38805,10.17706,-16.62043
65.240077019,-34.25283,-50.5027,12.05803,0.9537593,-0.07392527,-0.06173009,-37.38805,10.17706,-16.62043
65.249989033,-35.73934,-52.36677,12.30348,0.9509156,-0.1248863,-0.06492425,-37.38805,10.17706,-16.62043
65.259901524,-35.36771,-54.58034,12.79438,0.9724979,-0.1372645,-0.07288884,-37.38805,10.17706,-16.62043
65.269814491,-33.19988,-53.47356,12.05803,0.9939976,-0.1394417,-0.07694345,-37.38805,10.17706,-16.62043
65.279726505,-27.87321,-50.2697,10.46259,0.9965231,-0.1622959,-0.09584522,-38.51295,10.93479,-14.49683
65.289638996,-21.74134,-49.80368,11.56712,0.9823643,-0.1697796,-0.1024864,-38.51295,10.93479,-14.49683
65.299551487,-16.91018,-48.34738,10.70804,0.9584439,-0.1832303,-0.1143587,-38.51295,10.93479,-14.49683
65.309463501,-12.69839,-47.3571,8.98988099999998,0.9505661,-0.2116492,-0.1528878,-38.51295,10.93479,-14.49683
65.319375992,-8.42466199999997,-50.15319,7.82398500000003,0.9195625,-0.2043337,-0.163596,-38.51295,10.93479,-14.49683
65.329288006,-4.274812,-52.48327,6.10582399999999,0.9102967,-0.1720027,-0.1709774,-38.89879,12.44203,-12.31518
65.339200974,-0.682404900000003,-55.22112,4.449025,0.918034,-0.1317101,-0.1799036,-38.89879,12.44203,-12.31518
65.349113464,1.299613,-59.1240000000002,3.037678,0.9089831,-0.08560862,-0.1502231,-38.89879,12.44203,-12.31518
65.359025478,0.494418,-60.1142800000002,1.871783,0.9170132,-0.06613914,-0.1549692,-38.89879,12.44203,-12.31518
65.368937969,-2.41667,-60.9880599999998,2.485412,0.9298586,-0.07810616,-0.1561281,-38.89879,12.44203,-12.31518
65.37885046,-7.681405,-60.4055400000003,3.835396,0.9355946,-0.07371093,-0.1638344,-40.01398,12.45057,-10.18927
65.388762474,-13.50358,-59.9395300000002,3.099041,0.9403871,-0.08004168,-0.1807264,-40.01398,12.45057,-10.18927
65.398674965,-18.89219,-59.5900100000002,2.730864,0.94549,-0.07182514,-0.1980046,-40.01398,12.45057,-10.18927
65.408587933,-21.9891,-57.9007,0.951339199999998,0.9206139,-0.07064223,-0.1905642,-40.01398,12.45057,-10.18927
65.418499947,-21.36971,-56.38615,-1.380451,0.8992171,-0.1006066,-0.2140937,-40.00479,12.46103,-7.619482
65.428412438,-16.35273,-58.9492399999999,-1.99408,0.8864802,-0.1497984,-0.2263076,-39.99509,11.71184,-7.617174
65.438324928,-10.03505,-60.87156,-2.423621,0.8736784,-0.2138974,-0.2146123,-39.99509,11.71184,-7.617174
65.448236942,-5.451635,-62.0365999999998,-3.098613,0.8754653,-0.2729765,-0.2049391,-39.99509,11.71184,-7.617174
65.458149433,-5.76132499999998,-59.88128,-4.571322,0.8888186,-0.2919963,-0.164856,-39.99509,11.71184,-7.617174
65.468061447,-11.14994,-58.6579799999998,-2.116806,0.9234796,-0.2491512,-0.1202364,-40.36155,11.72069,-5.430911
65.477974415,-18.087,-57.72595,0.951339199999998,0.9578102,-0.1442873,-0.08288311,-40.36155,11.72069,-5.430911
65.487886906,-25.82925,-56.73566,5.124017,0.989461,-0.02591779,-0.05261744,-40.36155,11.72069,-5.430911
65.49779892,-40.94214,-59.2405,22.98062,0.914125,0.1943093,-0.1316003,-40.36155,11.72069,-5.430911
65.507711411,-15.23785,-53.82307,64.4005899999997,0.9510024,0.2660596,-0.4089948,-40.36155,11.72069,-5.430911
65.520102024,-20.81227,-64.8909499999997,119.0136,0.8897074,0.04230266,-0.4017559,-40.3669,12.85494,-2.864587
65.530014038,-37.53555,-51.8425,109.5637,0.9355149,-0.2569189,-0.3383913,-40.3669,12.85494,-2.864587
65.539926529,-79.34373,-18.46413,105.9433,1.142418,-0.4513205,-0.08327476,-40.3669,12.85494,-2.864587
65.549839497,-98.6683999999998,-1.338051,95.2661300000003,1.159407,-0.369237,-0.1899603,-40.3669,12.85494,-2.864587
65.559751511,-90.2448299999998,-24.52233,78.2686100000001,0.8922207,-0.4509798,-0.2576568,-40.3669,12.85494,-2.864587
65.569664001,-26.32476,-39.49308,55.87114,0.7478997,-0.450893,-0.455107,-40.00124,14.36564,0.1483488
65.579576492,39.94896,-59.4152600000002,44.64173,0.7045324,-0.8837948,-0.8993356,-40.00124,14.36564,0.1483488
65.589488506,94.82607,-62.38611,47.40306,0.9210237,-1.225765,-1.169143,-40.00124,14.36564,0.1483488
65.599400997,120.5923,-50.5027,50.53257,1.296292,-0.9948706,-1.115858,-40.00124,14.36564,0.1483488
65.609313965,121.2117,-22.83302,38.68953,1.309371,-0.6269815,-0.8878533,-40.00124,14.36564,0.1483488
65.619225979,117.3715,2.739586,21.692,1.21926,-0.4035611,-0.7827776,-38.90942,16.99129,0.969614
65.62913847,114.4604,-6.11471200000003,17.15115,1.171652,-0.148656,-0.69229,-38.90942,16.99129,0.969614
65.63905096,91.23366,-11.00788,16.66024,1.236054,-0.0452336,-0.5375856,-38.90942,16.99129,0.969614
65.648962974,67.3255700000001,-8.15353100000001,6.16718700000003,1.162282,0.05362533,-0.4632608,-38.90942,16.99129,0.969614
65.658875465,24.65026,-19.39616,-1.99408,0.9614527,0.2111609,-0.4555524,-38.90942,16.99129,0.969614
65.668787479,-18.21087,-32.21159,-7.27128999999997,0.8646856,0.2870375,-0.4570329,-38.5527,18.11171,0.1290255
65.678700447,-47.75532,-42.40568,-6.35084600000001,0.7940053,0.293838,-0.2844373,-38.5527,18.11171,0.1290255
65.688612938,-55.62146,-49.16291,6.65808999999999,0.8102494,0.2538657,-0.1777785,-38.5527,18.11171,0.1290255
65.698524952,-28.92616,-45.43478,3.71267,0.9861888,0.1009294,-0.08007146,-38.5527,18.11171,0.1290255
65.708437443,7.617294,-25.10485,-7.76219299999999,1.023594,-0.03065571,-0.01983375,-38.5527,18.11171,0.1290255
65.718349934,32.64027,-13.45446,-20.46432,0.8909344,-0.05580838,-0.06342918,-38.56104,19.24256,1.860168
65.728261948,49.67323,-5.76519999999999,-29.97557,0.9286694,-0.1352751,0.04228757,-38.56104,19.24256,1.860168
65.738174438,54.93797,18.05985,-35.74368,1.059545,-0.2068738,0.1323104,-38.56104,19.24256,1.860168
65.748087406,50.78812,36.87524,-42.9845,1.105264,-0.2083671,0.2019808,-38.56104,19.24256,1.860168
65.75799942,16.53637,48.9334,-58.6320499999999,1.021291,-0.153504,0.2314522,-38.56104,19.24256,1.860168
65.767911911,-72.4066699999998,40.07909,-97.7202100000001,0.6028616,-0.08380865,0.2790005,-38.93206,18.8661,1.413556
65.777824402,-143.1399,44.21498,-215.9052,0.7781174,0.1164963,0.05640084,-38.93206,18.8661,1.413556
65.787736416,-23.41367,105.9038,-205.4735,1.15769,-0.2806403,-0.4918539,-38.93206,18.8661,1.413556
65.800127029,41.49741,102.0009,-165.9558,1.196823,0.1786429,0.09471636,-38.93206,18.8661,1.413556
65.81003952,1.609303,70.7196300000001,-140.6743,1.149567,0.1312923,-0.1341975,-38.93206,18.8661,1.413556
65.819951534,12.38652,30.46752,-120.7313,0.8648694,-0.006720941,-0.2587657,-40.774,16.23856,0.146472
65.829864502,-23.59948,39.08881,-112.6314,1.277032,-0.2917487,0.1652653,-40.774,16.23856,0.146472
65.839776993,-90.2448299999998,57.26342,-88.88396,1.278325,-0.3933287,-0.4471449,-40.774,16.23856,0.146472
65.849689007,-79.03404,50.21494,-79.4340699999999,1.342073,-0.6458479,-0.6774919,-40.774,16.23856,0.146472
65.859601498,-5.947139,57.9042,-68.4501,1.338066,-0.7054414,-0.5659751,-40.774,16.23856,0.146472
65.869513988,83.8010900000003,85.9816400000002,-69.3705499999999,1.432484,-0.7820082,-0.317676,-42.19156,9.486829,-2.009291
65.879426002,145.8011,112.7775,-61.6388300000002,1.461711,-0.7299732,-0.0770404,-42.19156,9.486829,-2.009291
65.88933897,161.9669,124.7192,-58.2638700000001,1.335806,-0.614369,-0.1077566,-42.19156,9.486829,-2.009291
65.899250984,140.5983,125.7677,-69.6159999999999,1.205265,-0.4548093,-0.2528949,-42.19156,9.486829,-2.009291
65.909163475,104.7981,124.894,-83.05448,1.108076,-0.3064869,-0.4012975,-42.19156,9.486829,-2.009291
65.919075966,74.6962000000001,122.2726,-91.82938,1.043715,-0.278677,-0.4936677,-42.91346,6.47615,-5.401133
65.92898798,63.1137899999999,114.1173,-91.5839200000003,1.046421,-0.2985104,-0.491424,-42.91346,6.47615,-5.401133
65.938900471,70.1127900000003,110.9717,-83.9749200000002,1.054595,-0.4165094,-0.4524326,-42.91346,6.47615,-5.401133
65.948813438,90.11877,115.2824,-69.9841799999997,1.011188,-0.6562437,-0.4838783,-42.91346,6.47615,-5.401133
65.958725452,117.5573,113.5348,-58.3252299999999,1.024634,-0.6830202,-0.4438477,-42.91346,6.47615,-5.401133
65.968637943,140.3505,106.3698,-51.32986,1.075715,-0.1827957,-0.3127854,-42.50286,2.336285,-10.14449
65.978550434,145.1817,99.9038500000002,-57.5275099999998,1.114754,-0.4713399,-0.3246719,-42.50286,2.336285,-10.14449
65.988462448,131.7411,94.2534199999998,-40.77544,0.9816626,-0.6435289,-0.3918103,-42.50286,2.336285,-10.14449
65.998374939,107.5234,85.6903800000001,-27.70514,0.9521984,-0.7046895,-0.4279571,-42.50286,2.336285,-10.14449
66.008287907,90.8000900000001,77.8263599999998,-20.21886,0.8947502,-0.6952957,-0.5353989,-42.50286,2.336285,-10.14449
66.018199921,94.3925000000002,75.0885199999999,-16.29164,0.890861,-0.7507033,-0.6456882,-42.08664,-1.733828,-13.08919
66.028112412,119.1058,73.7487300000001,-11.44397,0.879683,-0.7639884,-0.7498677,-42.08664,-1.733828,-13.08919
66.038024902,155.7731,73.5739699999999,-5.184951,0.8702451,-0.7473566,-0.7924038,-42.08664,-1.733828,-13.08919
66.047936916,191.2017,71.7099100000002,-3.712242,0.8395979,-0.6557225,-0.8126367,-42.08664,-1.733828,-13.08919
66.057849407,219.879,60.0012599999998,-9.29626599999999,0.8859798,-0.499833,-0.8754081,-42.08664,-1.733828,-13.08919
66.067761421,239.7611,62.6225999999999,-3.712242,0.9081514,-0.4714255,-0.8735032,-41.6911,-3.990259,-15.26853
66.080152035,253.3875,74.4477500000001,-2.362258,0.862642,-0.3364125,-0.8140838,-41.6911,-3.990259,-15.26853
66.090065002,252.3345,77.9428699999998,-3.03725,0.8266038,-0.2782537,-0.7317361,-41.6911,-3.990259,-15.26853
66.099977493,245.5833,74.2147400000002,-0.644096300000003,0.7991167,-0.2549883,-0.6669857,-41.6911,-3.990259,-15.26853
66.109889507,235.9829,66.0012100000002,3.958122,0.7744651,-0.2739282,-0.6135863,-41.6911,-3.990259,-15.26853
66.119801998,224.2147,53.24404,9.60350899999999,0.8099312,-0.2860344,-0.6024712,-41.29234,-6.24303,-16.54844
66.129714489,212.0129,40.89462,13.5921,0.8029443,-0.3432582,-0.5879029,-41.29234,-6.24303,-16.54844
66.139626503,204.828,29.82675,15.80116,0.8152782,-0.3723162,-0.6112581,-41.29234,-6.24303,-16.54844
66.149539471,204.5803,20.21518,17.70341,0.8376467,-0.3925867,-0.6471317,-41.29234,-6.24303,-16.54844
66.159451008,208.916,10.89486,18.43977,0.8571426,-0.3716471,-0.6764622,-41.29234,-6.24303,-16.54844
66.169363976,212.6942,1.574547,20.40338,0.8719545,-0.3187148,-0.695933,-40.12593,-9.614299,-16.5439
66.179276466,213.871,-6.81373500000001,21.81473,0.8916439,-0.2515813,-0.6999893,-40.12593,-9.614299,-16.5439
66.18918848,212.1987,-12.81369,24.02379,0.9116434,-0.1906277,-0.681042,-40.12593,-9.614299,-16.5439
66.199100971,209.0398,-17.7651,25.4965,0.9398327,-0.1276828,-0.6717604,-40.12593,-9.614299,-16.5439
66.209013462,206.5623,-24.34758,24.88287,0.9094051,-0.1144621,-0.6670695,-40.12593,-9.614299,-16.5439
66.218925476,216.7821,-45.02702,5.86037199999999,0.8520453,0.01716857,-0.6704636,-39.71663,-11.47496,-13.52058
66.228838444,226.1347,-39.60959,5.124017,1.03636,0.07336265,-0.6554685,-39.71663,-11.47496,-13.52058
66.238750935,243.7251,-25.86213,13.16256,1.015144,0.2061534,-0.7091256,-39.71663,-11.47496,-13.52058
66.248662949,248.8041,-4.89142,14.45118,1.070661,0.3840476,-0.5706486,-39.71663,-11.47496,-13.52058
66.25857544,249.9809,16.60355,9.48078300000003,1.042243,0.4926823,-0.496678,-39.71663,-11.47496,-13.52058
66.26848793,249.5473,29.36073,3.651307,1.055472,0.5948126,-0.3746399,-39.3027,-13.71047,-10.56035
66.278399944,242.6722,36.17621,1.933146,1.052183,0.6826443,-0.2587864,-39.3027,-13.71047,-10.56035
66.288312912,228.3645,36.23447,-1.196362,1.040888,0.6741942,-0.1780716,-39.3027,-13.71047,-10.56035
66.298225403,211.5173,35.01117,-6.53493500000002,1.031789,0.8151447,-0.08965965,-39.3027,-13.71047,-10.56035
66.308137417,195.1657,31.63256,-8.55991099999998,1.063269,0.7914914,-0.05169571,-39.3027,-13.71047,-10.56035
66.318049908,181.3535,26.62289,-7.51674200000002,1.057856,0.7450737,-0.01402239,-39.66131,-14.07281,-7.537749
66.327961922,169.0278,19.39965,-5.307677,1.011137,0.6672879,-0.03571564,-39.66131,-14.07281,-7.537749
66.337874413,155.8351,12.00165,-5.98266900000002,0.9800183,0.583333,-0.06911808,-39.66131,-14.07281,-7.537749
66.34778738,138.1208,2.448327,-4.325871,0.9630685,0.501501,-0.1011969,-39.66131,-14.07281,-7.537749
66.357699394,116.876,-7.92052300000001,0.5217989,0.9172536,0.4468558,-0.1505936,-39.66131,-14.07281,-7.537749
66.370090008,89.9949000000003,-19.39616,2.853589,0.8661935,0.344656,-0.1949768,-38.89365,-15.19131,-6.253287
66.380002499,70.6082900000002,-28.01745,3.28313,0.8377668,0.271583,-0.2869109,-38.89365,-15.19131,-6.253287
66.38991499,54.13277,-34.71642,4.326299,0.8520586,0.2118187,-0.3460205,-38.89365,-15.19131,-6.253287
66.399827004,40.75415,-34.1339,7.946711,0.9070978,0.1504571,-0.3435772,-38.89365,-15.19131,-6.253287
66.409739494,29.29561,-27.66794,14.88072,0.966872,0.07932025,-0.3676515,-39.24071,-16.68083,-4.062407
66.419651508,18.33258,-25.97863,21.692,1.00464,0.02717033,-0.4173244,-39.24071,-16.68083,-4.062407
66.429564476,5.573338,-30.17277,27.58284,1.087295,-0.01714149,-0.3722888,-39.24071,-16.68083,-4.062407
66.439476967,-29.42166,11.47738,46.78943,1.753506,-0.3938718,1.018701,-39.24071,-16.68083,-4.062407
66.449388981,-122.7623,142.1365,92.75025,2.46831,-1.002218,0.8222167,-39.24071,-16.68083,-4.062407
66.459301472,-116.8163,181.3401,158.4086,2.914918,-1.496266,0.4983707,-39.98302,-16.67383,-2.323911
66.469213963,101.3296,123.4959,136.8702,1.244224,-0.5247786,0.8410394,-39.98302,-16.67383,-2.323911
66.479125977,152.7381,129.7289,14.5739,0.2763565,0.007286061,0.3988252,-39.98302,-16.67383,-2.323911
66.489038944,118.4864,72.8749499999999,-73.1750500000002,-0.3111045,0.4570164,-0.3802052,-39.98302,-16.67383,-2.323911
66.498951435,27.18972,-24.05632,-107.1701,0.006360133,0.5713457,0.241346,-39.98302,-16.67383,-2.323911
66.508863449,-107.092,-85.5121399999998,-81.8885800000001,-0.008227729,1.099586,-0.8003044,-40.41953,-13.32368,-7.536164
66.51877594,-180.055,-165.7251,-58.9388599999997,0.0541911,0.7395194,-1.572014,-40.41953,-13.32368,-7.536164
66.528688431,-164.5086,-210.9869,-9.90989499999997,0.6052639,0.4857263,-1.536547,-40.41953,-13.32368,-7.536164
66.538600445,-87.2098599999999,-210.8703,19.91248,0.821351,0.3140734,-1.217503,-40.41953,-13.32368,-7.536164
66.548512936,7.369542,-182.7929,10.58532,1.325746,0.2874211,-0.5568458,-40.41953,-13.32368,-7.536164
66.558425903,56.11479,-126.0555,-0.214556,1.678663,0.1996943,0.4716461,-40.00862,-15.18251,-4.063131
66.568337917,13.31559,-32.26984,5.308106,1.724437,0.0665222,0.3925499,-40.00862,-15.18251,-4.063131
66.578250408,-14.74234,5.186169,-13.10077,1.436817,-0.01447517,0.04991667,-40.00862,-15.18251,-4.063131
66.588162899,-13.93715,13.86571,-19.35978,1.175009,-0.1817736,-0.2608795,-40.00862,-15.18251,-4.063131
66.598074913,4.644268,-3.551625,-14.57348,1.045741,-0.2627581,-0.4205963,-40.00862,-15.18251,-4.063131
66.607987404,22.42049,-18.69714,-16.04619,1.104053,0.09217402,-0.08842219,-40.75118,-14.79569,-1.040895
66.617899418,30.84406,-15.66803,-24.26882,1.187235,0.3017689,0.01928013,-40.75118,-14.79569,-1.040895
66.627812385,47.07183,-14.38649,-29.79148,1.109269,0.3187204,-0.07735802,-40.75118,-14.79569,-1.040895
66.637724876,70.23666,-18.23112,-26.23243,0.9683501,0.2971451,-0.1592659,-40.75118,-14.79569,-1.040895
66.65011549,85.6592299999999,-28.01745,-23.10292,0.8724496,0.248355,-0.1745492,-40.75118,-14.79569,-1.040895
66.660027504,78.8460500000003,-35.12419,-18.86888,0.8483224,0.1945661,-0.1108234,-39.98998,-15.54142,-0.2072992
66.669939995,58.0968100000002,-40.19211,-12.97804,0.8463215,0.1457465,-0.07703889,-39.98998,-15.54142,-0.2072992
66.679852009,29.1098,-46.36682,-8.37582199999997,0.832123,0.1258075,-0.05447297,-39.98998,-15.54142,-0.2072992
66.6897645,-2.292794,-52.30852,-6.289484,0.8047644,0.1210865,-0.05761252,-39.98998,-15.54142,-0.2072992
66.699677467,-31.2798,-56.50266,-5.614491,0.7910377,0.08577443,-0.1023755,-39.98998,-15.54142,-0.2072992
66.709589481,-56.24084,-57.7842000000002,-3.773605,0.8228529,0.03545768,-0.1582232,-39.59822,-16.28169,1.97738
66.719501972,-78.7243500000001,-54.8716,-2.484983,0.8847458,-0.0397208,-0.218836,-39.59822,-16.28169,1.97738
66.729414463,-103.066,-49.97844,1.503605,0.9338268,-0.139988,-0.3183904,-39.59822,-16.28169,1.97738
66.739326477,-122.8862,-46.25031,2.669501,0.9377347,-0.2453069,-0.4420486,-39.59822,-16.28169,1.97738
66.749238968,-127.098,-47.82312,-2.300895,0.9122289,-0.3337201,-0.6008539,-39.59822,-16.28169,1.97738
66.759151936,-110.2508,-58.7744800000002,-5.98266900000002,0.9215046,-0.4021525,-0.7300781,-39.96143,-16.64926,3.715084
66.76906395,-75.7513300000002,-75.7840599999998,-0.1531931,0.9205533,-0.4928738,-0.7383562,-39.96143,-16.64926,3.715084
66.77897644,-30.35073,-82.0752700000002,5.369469,0.9281851,-0.4994476,-0.6217921,-39.96143,-16.64926,3.715084
66.788888931,11.64327,-62.6773700000001,0.889976299999999,1.027998,-0.4622977,-0.4294441,-39.96143,-16.64926,3.715084
66.798800945,37.905,-44.61926,-2.484983,1.07867,-0.3790671,-0.3021163,-39.96143,-16.64926,3.715084
66.808713436,47.62928,-31.97858,-3.773605,1.08548,-0.2882679,-0.1993007,-39.95198,-17.01862,5.001131
66.818626404,50.91199,-25.27961,-1.380451,1.069118,-0.1985921,-0.1639806,-39.95198,-17.01862,5.001131
66.828538418,53.76114,-25.74562,-0.950910899999997,1.036808,-0.1212161,-0.1247536,-39.95198,-17.01862,5.001131
66.838450909,58.7781299999997,-27.84269,-0.3372818,1.013176,-0.02793562,-0.03124308,-39.95198,-17.01862,5.001131
66.848363399,63.3615400000001,-29.18249,3.160404,0.9636178,0.1052542,0.0603723,-39.95198,-17.01862,5.001131
66.858275413,63.0518500000002,-33.72614,4.694477,0.9199199,0.2365624,0.14904,-39.94253,-17.38799,6.287178
66.868187904,53.94696,-40.48337,2.914952,0.9348033,0.2705163,0.2096285,-39.94253,-17.38799,6.287178
66.878099918,32.51639,-51.08522,5.001291,0.9645001,0.3117979,0.2451606,-39.94253,-17.38799,6.287178
66.888012886,4.086825,-52.77453,3.221767,1.038674,0.2931482,0.30389,-39.94253,-17.38799,6.287178
66.897925377,-19.75933,-43.86198,0.951339199999998,1.144946,0.1816414,0.2368628,-39.94253,-17.38799,6.287178
66.907837391,-30.7843,-32.61935,4.75584,1.214353,0.05835567,0.1374473,-39.19938,-16.25368,8.849609
66.917749882,-32.39468,-17.70685,7.51716999999999,1.263967,-0.005057653,0.03765338,-39.19938,-16.25368,8.849609
66.930140495,-32.45662,4.836657,8.49897699999999,1.271645,-0.06089345,-0.08955139,-39.19938,-16.25368,8.849609
66.940052986,-36.42066,23.30253,8.98988099999998,1.208338,-0.06839345,-0.168242,-39.19938,-16.25368,8.849609
66.949965,-40.44663,36.58398,7.33308200000001,1.096908,-0.08001459,-0.2714832,-39.19938,-16.25368,8.849609
66.959877968,-41.25183,41.06938,6.16718700000003,0.9803514,-0.1188892,-0.3820609,-38.82675,-15.8754,9.745934
66.969789505,-37.65942,36.23447,6.90354199999998,0.8922708,-0.1651529,-0.4900703,-38.82675,-15.8754,9.745934
66.979702473,-30.41267,25.98212,8.86715399999999,0.8400739,-0.1791637,-0.5420182,-38.82675,-15.8754,9.745934
66.989614964,-21.67941,13.92396,11.38303,0.8238502,-0.1857531,-0.5582374,-38.82675,-15.8754,9.745934
66.999526978,-13.25583,4.254138,12.61029,0.8337514,-0.1597134,-0.5159016,-38.82675,-15.8754,9.745934
67.009439468,-7.062024,-0.4642715,11.9353,0.868611,-0.1182284,-0.453527,-39.19751,-16.63168,8.015583
67.019351959,-3.841246,-0.4642715,10.7694,0.8813663,-0.08097401,-0.4058612,-39.19751,-16.63168,8.015583
67.029263973,-4.770316,0.700767799999999,8.74442899999999,0.8657216,-0.04385615,-0.4097906,-39.19751,-16.63168,8.015583
67.039176941,-9.22985600000001,-0.2312636,6.65808999999999,0.8539525,-0.01402529,-0.4258084,-39.19751,-16.63168,8.015583
67.049089432,-15.4856,-2.79435,4.203574,0.8441439,0.01290582,-0.4447446,-39.19751,-16.63168,8.015583
67.059001446,-19.44963,-5.415688,2.485412,0.8517671,0.03046063,-0.4437379,-39.95249,-16.25897,7.568609
67.068913937,-18.5825,-8.27003499999999,1.074065,0.8773777,0.05501702,-0.4447714,-39.95249,-16.25897,7.568609
67.078826427,-12.45063,-11.00788,0.460436,0.9139739,0.07690017,-0.4267181,-39.95249,-16.25897,7.568609
67.088738441,-3.283803,-11.47389,-0.3372818,0.9499359,0.09309634,-0.3818079,-39.95249,-16.25897,7.568609
67.098651409,6.87403699999997,-10.60011,-0.4600076,0.9717228,0.09204419,-0.356568,-39.95249,-16.25897,7.568609
67.1085639,15.91699,-8.73605099999999,0.583161800000002,0.9803784,0.05696549,-0.3165485,-39.58147,-15.88252,8.015221
67.118475914,21.55335,-7.221499,1.994509,0.9779839,0.03038011,-0.2950963,-39.58147,-15.88252,8.015221
67.128388405,22.48243,-6.17296399999999,3.037678,0.9774772,0.01402768,-0.2683117,-39.58147,-15.88252,8.015221
67.138300896,17.77513,-4.774917,3.528581,0.9886277,-0.00904763,-0.2570448,-39.58147,-15.88252,8.015221
67.14821291,7.55535600000002,-3.318618,3.958122,0.9869995,-0.02451141,-0.2432081,-39.58147,-15.88252,8.015221
67.158125877,-3.965122,-0.813783199999999,3.896759,0.980442,-0.0420082,-0.2355815,-39.57662,-16.25711,8.016375
67.168038368,-11.33575,1.458043,3.958122,0.963278,-0.04761461,-0.2469839,-39.57662,-16.25711,8.016375
67.177950382,-12.32676,2.215319,3.405856,0.9511063,-0.03823265,-0.2784993,-39.57662,-16.25711,8.016375
67.187862873,-9.60148500000001,1.749303,2.608138,0.9624059,-0.01831232,-0.2976774,-39.57662,-16.25711,8.016375
67.197774887,-6.44264400000003,1.865807,2.055871,0.9592375,-0.00237352,-0.3018634,-39.57662,-16.25711,8.016375
67.210165501,-5.203883,2.448327,1.38088,0.9440499,-0.0006276942,-0.3026716,-39.94927,-16.25531,8.468033
67.220077992,-5.141944,1.924059,1.074065,0.9326568,-0.007674215,-0.3251806,-39.94927,-16.25531,8.468033
67.229990959,-4.770316,0.1182482,0.583161800000002,0.9291,-0.01168934,-0.3429403,-39.94927,-16.25531,8.468033
67.239902973,-2.41667,-0.988539100000001,-0.4600076,0.9330208,-0.03309904,-0.3671271,-39.94927,-16.25531,8.468033
67.249815464,1.609303,-0.6972793,-0.950910899999997,0.9312872,-0.06861766,-0.3870342,-39.95897,-15.50613,8.465725
67.259727955,7.18372799999999,-0.6972793,-1.871354,0.9159397,-0.09938961,-0.3938195,-39.95897,-15.50613,8.465725
67.269639969,13.87304,-1.571059,-2.669072,0.9188365,-0.1062014,-0.4054154,-39.95897,-15.50613,8.465725
67.27955246,19.19971,-3.435122,-2.914524,0.9358065,-0.09630577,-0.4079072,-39.95897,-15.50613,8.465725
67.289464474,22.97793,-3.668129,-2.791798,0.94884,-0.05915488,-0.3808914,-39.95897,-15.50613,8.465725
67.299377441,24.21669,-2.21183,-2.055443,0.9572107,-0.01487845,-0.3710707,-39.58172,-15.5027,9.298958
67.309289932,22.54436,-0.8720351,-1.257725,0.9490678,0.01851586,-0.3630904,-39.58172,-15.5027,9.298958
67.319201946,18.76614,-0.5225234,-0.582733500000001,0.9518584,0.03750253,-0.354827,-39.58172,-15.5027,9.298958
67.329114437,13.37753,-0.1147597,0.2763473,0.9475098,0.04430377,-0.3417772,-39.58172,-15.5027,9.298958
67.339026928,7.49341799999997,-0.813783199999999,1.564968,0.9493753,0.05598857,-0.336915,-39.58172,-15.5027,9.298958
67.348938942,1.857055,-1.454555,2.669501,0.9646212,0.06256575,-0.3206868,-39.20076,-16.25525,8.46414
67.358851433,-3.345741,-0.639027300000002,2.976315,0.9717556,0.04865548,-0.3088415,-39.20076,-16.25525,8.46414
67.368764401,-7.18590000000003,2.098815,3.28313,0.9720095,0.02244608,-0.3147804,-39.20076,-16.25525,8.46414
67.378676415,-8.300786,4.254138,3.344493,0.9635026,-0.01702317,-0.3322504,-39.20076,-16.25525,8.46414
67.388588905,-7.86721900000001,4.487145,4.326299,0.9519194,-0.03465203,-0.3380226,-39.20076,-16.25525,8.46414
67.398501396,-7.12396199999998,3.962878,5.124017,0.962154,-0.02527267,-0.3303722,-39.58818,-15.12993,8.848093
67.40841341,-7.557528,4.195886,6.16718700000003,0.9661168,0.01796931,-0.3224382,-39.58818,-15.12993,8.848093
67.418325901,-10.71637,4.894909,6.90354199999998,0.9709792,0.07191437,-0.3096397,-39.58818,-15.12993,8.848093
67.428238869,-16.60048,6.1182,7.63989600000002,0.9497723,0.09545905,-0.2996836,-39.58818,-15.12993,8.848093
67.438150883,-23.90917,8.15701899999998,7.51716999999999,0.9058243,0.08908481,-0.3012402,-39.58818,-15.12993,8.848093
67.448063374,-30.16492,9.205554,7.51716999999999,0.8724157,0.03810212,-0.3286399,-39.58632,-15.50793,8.014067
67.457975865,-33.57151,7.16673599999998,7.27171900000003,0.8660224,-4.545948e-05,-0.3768508,-39.58632,-15.50793,8.014067
67.467887879,-33.75732,2.040563,6.71945300000003,0.9014246,-0.03608745,-0.3999857,-39.58632,-15.50793,8.014067
67.477800369,-32.39468,-1.105043,6.044461,0.9672939,-0.01923636,-0.3942406,-39.58632,-15.50793,8.014067
67.487713337,-30.53655,1.458043,5.98309800000002,0.9984782,0.007927999,-0.373221,-39.58632,-15.50793,8.014067
67.500102997,-26.01507,8.04051500000001,5.73764600000002,0.9683824,0.02936561,-0.3742404,-39.96382,-15.13153,8.464571
67.510015965,-20.50258,8.91429399999998,5.98309800000002,0.9288622,0.03184108,-0.3628148,-39.96382,-15.13153,8.464571
67.519928455,-15.60948,5.652184,7.45580799999998,0.9066274,0.01657139,-0.3555084,-39.96382,-15.13153,8.464571
67.529840469,-13.25583,0.759019800000003,8.19216299999999,0.9274072,-0.01596721,-0.3223063,-39.96382,-15.13153,8.464571
67.53975296,-13.62746,-1.862319,8.13079899999997,0.9571134,-0.04540365,-0.2733209,-39.96382,-15.13153,8.464571
67.549665451,-15.29979,-1.279799,7.08763000000002,0.9855708,-0.1001109,-0.2326549,-39.97326,-14.76216,7.178526
67.559577465,-15.79529,1.05028,6.71945300000003,0.9978729,-0.1299127,-0.2123204,-39.97326,-14.76216,7.178526
67.569490433,-13.75133,3.613366,7.578534,0.9915568,-0.1192396,-0.1958655,-39.97326,-14.76216,7.178526
67.579402923,-11.64544,6.29295599999999,4.878565,0.9699512,-0.123459,-0.2096184,-39.97326,-14.76216,7.178526
67.589314937,-11.45963,4.370642,3.528581,0.9578959,-0.09743103,-0.2102938,-39.97326,-14.76216,7.178526
67.599227428,-12.20288,1.749303,3.221767,0.9411547,-0.07769985,-0.1984838,-40.71693,-15.13682,7.183573
67.609139919,-13.37971,0.001744238,2.23996,0.9292425,-0.02599216,-0.2028307,-40.71693,-15.13682,7.183573
67.619051933,-16.22886,-2.037075,0.1536215,0.9204808,-0.001939827,-0.2184347,-40.71693,-15.13682,7.183573
67.628964901,-20.44064,-3.260366,-2.546346,0.9409909,0.02049437,-0.2424828,-40.71693,-15.13682,7.183573
67.638876915,-25.45763,-4.483657,-4.632685,0.9686959,0.006610812,-0.2750021,-40.71693,-15.13682,7.183573
67.648789406,-27.62546,-4.949672,-6.53493500000002,0.9938558,-0.03979031,-0.3077145,-40.34267,-15.13679,7.181625
67.658701897,-23.10398,-4.541909,-4.325871,0.9937174,-0.1100974,-0.3081816,-40.34267,-15.13679,7.181625
67.668613911,-10.77831,-1.629311,-4.387233,0.9651768,-0.133713,-0.3056742,-40.34267,-15.13679,7.181625
67.678526401,8.48442599999998,-0.6972793,-6.41221000000002,0.9764661,-0.1637936,-0.3367091,-40.34267,-15.13679,7.181625
67.688439369,29.97693,1.807555,-9.35762899999997,1.004428,-0.1785193,-0.3452285,-40.34267,-15.13679,7.181625
67.698351383,46.14276,3.555114,-8.98945100000001,0.9929468,-0.1717047,-0.3124262,-40.7107,-15.50985,7.570194
67.708263874,55.18572,6.52596399999999,-9.60308100000002,0.9572108,-0.1821691,-0.2809551,-40.7107,-15.50985,7.570194
67.718176365,60.1407599999997,7.10848400000002,-11.01443,0.9275262,-0.1927126,-0.2793103,-40.7107,-15.50985,7.570194
67.728088379,62.8660400000002,2.797838,-12.5485,0.9236364,-0.1808034,-0.3108855,-40.7107,-15.50985,7.570194
67.73800087,63.2376699999999,-4.250649,-13.65303,0.9437804,-0.1297792,-0.3371406,-40.7107,-15.50985,7.570194
67.747913837,60.9459599999998,-6.40597199999999,-13.22349,0.967626,-0.08149378,-0.3394402,-40.71555,-15.13525,7.56904
67.757825375,56.42448,-4.600161,-12.0576,0.9612832,-0.0462048,-0.3444282,-40.71555,-15.13525,7.56904
67.767738342,51.96494,-0.1147597,-11.81215,0.9335213,-0.0286967,-0.3608603,-40.71555,-15.13525,7.56904
67.780128956,47.19571,3.030846,-13.0394,0.870835,-0.02002431,-0.4077585,-40.71555,-15.13525,7.56904
67.79004097,45.15175,0.817271699999998,-15.00302,0.8384785,-0.0138918,-0.4563945,-40.71555,-15.13525,7.56904
67.799953461,45.95695,-2.21183,-16.16891,0.8142157,-0.02508157,-0.4989788,-40.71233,-15.13159,8.468464
67.809865951,51.34556,-4.774917,-16.78254,0.8155137,-0.0005213814,-0.5343589,-40.71233,-15.13159,8.468464
67.819777966,59.8310699999998,-10.30885,-17.45753,0.8458775,0.05987457,-0.554404,-40.71233,-15.13159,8.468464
67.829690456,68.5023999999998,-16.0758,-18.37798,0.8869686,0.1201502,-0.5298944,-40.71233,-15.13159,8.468464
67.839603424,76.43047,-18.11462,-18.43934,0.9276376,0.123878,-0.4697457,-40.71233,-15.13159,8.468464
67.849515438,84.04884,-16.94958,-17.15072,0.956975,0.1037662,-0.3981273,-40.327,-15.87918,8.854294
67.859427929,87.8270599999999,-13.97873,-14.26666,0.9714282,0.07165134,-0.3615027,-40.327,-15.87918,8.854294
67.86934042,82.9958999999999,-11.8234,-10.46216,0.9850668,0.04862932,-0.345937,-40.327,-15.87918,8.854294
67.879252434,69.1217699999999,-10.71662,-6.65766099999999,1.006486,0.0349512,-0.3236588,-40.327,-15.87918,8.854294
67.889164925,49.67323,-7.39625499999999,-4.264508,1.028452,0.04033384,-0.2734095,-40.327,-15.87918,8.854294
67.899077892,30.16274,-1.221547,-1.932717,1.0234,0.07091954,-0.2534724,-39.95139,-15.4975,10.5858
67.908989906,14.18273,3.380358,0.03089567,0.9994065,0.1044999,-0.2650308,-39.95139,-15.4975,10.5858
67.918902397,2.414498,5.360925,1.564968,0.9780171,0.1313642,-0.2689755,-39.95139,-15.4975,10.5858
67.928814888,-8.300786,6.64246800000002,2.853589,0.9479324,0.1440271,-0.2791763,-39.95139,-15.4975,10.5858
67.938726902,-16.66242,6.40946000000002,1.564968,0.9392287,0.1103091,-0.3090903,-39.95139,-15.4975,10.5858
67.948639393,-22.05103,6.351208,2.546775,0.9658889,0.03541166,-0.3242406,-39.21096,-14.74642,11.02931
67.958552361,-22.60847,8.39002600000001,2.485412,0.9613165,-0.003508928,-0.3388623,-39.21096,-14.74642,11.02931
67.968464375,-19.13994,10.89486,2.362686,0.9553807,-0.03995498,-0.3404907,-39.21096,-14.74642,11.02931
67.978376865,-13.75133,11.06962,3.099041,0.9457636,-0.04731011,-0.3332484,-39.21096,-14.74642,11.02931
67.988289356,-11.89319,10.4871,3.896759,0.9527836,-0.04957262,-0.3189237,-39.21096,-14.74642,11.02931
67.99820137,-16.10498,10.07933,5.001291,0.9749214,-0.04483685,-0.3003707,-39.20287,-15.49744,10.58191
68.008113861,-25.64344,11.82689,5.553557,0.9955764,-0.04207886,-0.2856584,-39.20287,-15.49744,10.58191
68.018025875,-37.28779,15.67152,5.246743,0.9933895,-0.03344312,-0.2980647,-39.20287,-15.49744,10.58191
68.027938843,-46.88819,20.56469,4.694477,0.9706392,-0.03483472,-0.3247525,-39.20287,-15.49744,10.58191
68.037851334,-51.34773,21.72972,4.817203,0.9359871,-0.04572836,-0.3787625,-39.20287,-15.49744,10.58191
68.047763348,-49.48959,18.75887,5.308106,0.9137434,-0.05149487,-0.4088451,-39.22041,-14.37705,9.743263
68.060153961,-41.49958,13.98221,6.044461,0.9077866,-0.04234648,-0.4068085,-39.22041,-14.37705,9.743263
68.070066452,-34.06701,11.24437,6.90354199999998,0.916498,-0.03155135,-0.4029759,-39.22041,-14.37705,9.743263
68.079978943,-28.98809,9.32205800000003,7.63989600000002,0.9391009,-0.0165779,-0.3747558,-39.22041,-14.37705,9.743263
68.089890957,-28.36871,8.50653100000001,8.06943700000002,0.9663249,-0.01265417,-0.3380092,-39.57986,-15.88069,8.464931
68.099803925,-33.01406,9.84632599999999,8.62170300000002,0.9854524,-0.01603932,-0.2887524,-39.57986,-15.88069,8.464931
68.109716415,-40.13694,13.10844,9.17396900000002,0.9875311,-0.03180016,-0.247583,-39.57986,-15.88069,8.464931
68.119628429,-46.20687,16.5453,9.48078300000003,0.9850187,-0.06088595,-0.2405512,-39.57986,-15.88069,8.464931
68.12954092,-48.99408,18.75887,9.97168700000001,0.9781047,-0.09441756,-0.23879,-39.57986,-15.88069,8.464931
68.139453411,-48.3747,19.05013,10.7694,0.9801096,-0.1080261,-0.2499428,-39.95573,-15.88255,8.017168
68.149365425,-45.64943,18.29286,11.13758,0.9950498,-0.1030714,-0.265413,-39.95573,-15.88255,8.017168
68.159278393,-42.36671,17.01132,11.38303,1.017592,-0.09788555,-0.2545433,-39.95573,-15.88255,8.017168
68.169190884,-39.70338,17.59384,11.87394,1.035655,-0.0649912,-0.2189595,-39.95573,-15.88255,8.017168
68.179102898,-40.01307,20.38993,12.18075,1.034116,-0.02797407,-0.1826868,-39.95573,-15.88255,8.017168
68.189015389,-43.79129,24.93358,12.4262,1.013105,-0.001888212,-0.1506283,-40.34588,-15.14045,6.2822
68.198927403,-51.16191,27.96269,12.73302,0.9801518,0.01272331,-0.1521468,-40.34588,-15.14045,6.2822
68.208839893,-61.7533199999997,28.02094,12.48757,0.9552883,0.03854245,-0.1623084,-40.34588,-15.14045,6.2822
68.218752861,-72.8402399999998,26.91415,12.11939,0.9472893,0.0388409,-0.1790379,-40.34588,-15.14045,6.2822
68.228664398,-80.45862,25.2831,10.95349,0.9382164,0.04346742,-0.2000501,-40.34588,-15.14045,6.2822
68.238577366,-82.9980800000003,24.46757,10.21714,0.9549461,0.03007166,-0.2055759,-40.72635,-15.14754,4.549541
68.248489857,-79.5914800000002,24.93358,9.97168700000001,0.9562203,0.01267712,-0.1970607,-40.72635,-15.14754,4.549541
68.258401871,-72.7163599999998,26.56464,10.46259,0.9672999,-0.006532589,-0.1881681,-40.72635,-15.14754,4.549541
68.268314362,-64.5405300000002,26.9724,12.05803,0.9770206,-0.0310703,-0.174977,-40.72635,-15.14754,4.549541
68.278227329,-57.4176600000001,26.15688,12.91711,0.9930579,-0.05847605,-0.1690659,-40.72635,-15.14754,4.549541
68.288138866,-52.58649,24.99184,13.71482,1.018789,-0.06970613,-0.1525731,-41.10818,-15.1562,2.431416
68.298051834,-49.79928,23.41903,12.4262,1.038734,-0.06658152,-0.1589788,-41.10818,-15.1562,2.431416
68.307964325,-47.94114,23.06952,9.66487199999998,1.068974,-0.05502167,-0.1529394,-41.10818,-15.1562,2.431416
68.317876339,-45.89718,27.32191,7.946711,1.071184,-0.04657245,-0.1183322,-41.10818,-15.1562,2.431416
68.32778883,-44.41067,35.36069,7.82398500000003,1.055329,-0.02248636,-0.1103426,-41.10818,-15.1562,2.431416
68.337701798,-45.83524,41.24413,7.578534,1.034064,-0.004338091,-0.1124258,-41.12409,-14.41406,0.6945019
68.350091457,-53.26781,43.1082,7.578534,1.001326,-0.005711994,-0.111652,-41.12409,-14.41406,0.6945019
68.360003948,-60.8242499999999,40.02084,7.026268,0.9778611,-0.03039345,-0.1399288,-41.12409,-14.41406,0.6945019
68.369916916,-67.0180599999999,34.54516,4.326299,0.9336503,-0.03495336,-0.1649987,-41.12409,-14.41406,0.6945019
68.37982893,-69.5575200000002,29.01122,1.687694,0.9205155,-0.02021006,-0.1887869,-41.12409,-14.41406,0.6945019
68.389741421,-68.2568200000002,27.55492,1.319517,0.9567124,0.002928734,-0.2081738,-41.49646,-15.17217,-1.48556
68.399653912,-65.1599199999998,30.70053,1.012702,0.9878038,0.04540616,-0.2259442,-41.49646,-15.17217,-1.48556
68.409565926,-61.2578199999998,35.36069,0.2763473,0.9840478,0.08786844,-0.2563567,-41.49646,-15.17217,-1.48556
68.419478417,-55.74533,37.57426,0.1536215,0.9361045,0.09481188,-0.298121,-41.49646,-15.17217,-1.48556
68.429391384,-48.80827,33.61313,0.951339199999998,0.8722762,0.1316793,-0.3280152,-41.49646,-15.17217,-1.48556
68.439303398,-43.9771,25.05009,2.608138,0.8374506,0.1699637,-0.3413627,-41.13001,-15.18103,-3.671824
68.449215889,-45.58749,12.75892,5.246743,0.8512865,0.2011819,-0.3384017,-41.13001,-15.18103,-3.671824
68.45912838,-56.1789,-0.1147597,8.86715399999999,0.8872978,0.1852085,-0.326357,-41.13001,-15.18103,-3.671824
68.469040394,-70.0530200000001,-7.97877500000003,10.7694,0.897817,0.1174232,-0.3336281,-41.13001,-15.18103,-3.671824
68.478952885,-78.4146699999999,-11.41564,9.72623500000002,0.9181526,0.03368233,-0.3559812,-41.13001,-15.18103,-3.671824
68.488865852,-75.6274500000003,-12.81369,7.701259,0.9543586,-0.05316099,-0.3602557,-41.15054,-14.06404,-5.345647
68.498777866,-62.8062700000001,-10.89137,6.65808999999999,1.013673,-0.1128209,-0.3203883,-41.15054,-14.06404,-5.345647
68.508690357,-45.03005,-5.532192,7.026268,1.050278,-0.1443349,-0.2210638,-41.15054,-14.06404,-5.345647
68.518602848,-25.5815,5.244421,7.33308200000001,1.047867,-0.1270265,-0.1498628,-41.15054,-14.06404,-5.345647
68.528514862,-8.053034,14.79774,6.90354199999998,1.005283,-0.08026487,-0.09922101,-41.15054,-14.06404,-5.345647
68.538427353,0.742170199999999,19.5744,5.553557,0.9713749,-0.02248737,-0.09564157,-41.52801,-14.06773,-6.243125
68.548340321,-3.159927,20.33168,3.344493,0.981424,0.04459605,-0.08616459,-41.52801,-14.06773,-6.243125
68.558252334,-16.47661,19.80741,0.951339199999998,0.9944981,0.07835339,-0.05917174,-41.52801,-14.06773,-6.243125
68.568164825,-31.2798,18.23461,-1.257725,1.024876,0.09730236,-0.03099711,-41.52801,-14.06773,-6.243125
68.578077316,-42.30478,16.48705,-3.03725,1.054606,0.08909331,-0.002517256,-41.52801,-14.06773,-6.243125
68.58798933,-46.5785,17.36083,-5.123589,1.08756,0.08009634,0.05329655,-41.53286,-13.69314,-6.244279
68.597901821,-44.96811,21.08895,-6.65766099999999,1.109737,0.04510105,0.07686623,-41.53286,-13.69314,-6.244279
68.607814789,-36.04903,25.45785,-7.57810399999998,1.088614,0.007961572,0.07153242,-41.53286,-13.69314,-6.244279
68.617726803,-21.67941,29.47724,-5.614491,1.035688,-0.04226896,0.04911982,-41.53286,-13.69314,-6.244279
68.630117416,-3.469617,28.3122,-2.546346,0.9655777,-0.06909634,-0.0003469698,-41.53286,-13.69314,-6.244279
68.640029907,4.024887,23.24428,-0.705459200000001,0.9341137,-0.07201596,-0.02024208,-41.91332,-13.70023,-7.976937
68.649941921,1.733179,16.6618,1.442243,0.9267167,-0.04848627,-0.04642562,-41.91332,-13.70023,-7.976937
68.659854412,-8.85822799999998,9.78807399999997,3.28313,0.9662617,-0.01705074,-0.06338745,-41.91332,-13.70023,-7.976937
68.669766903,-26.20088,6.75897199999999,4.633114,1.03056,-0.002223288,-0.07012538,-41.91332,-13.70023,-7.976937
68.679678917,-45.2778,11.06962,5.430832,1.039616,0.0124053,-0.07587358,-41.91332,-13.70023,-7.976937
68.689591885,-58.9041700000001,20.9142,5.553557,1.00924,0.02101409,-0.1192297,-41.17101,-13.70722,-9.715435
68.699504375,-64.5405300000002,25.80736,7.148993,0.954819,0.04391241,-0.1541056,-41.17101,-13.70722,-9.715435
68.709416389,-64.1689099999997,23.59379,8.00807399999998,0.9281622,0.05613305,-0.1643411,-41.17101,-13.70722,-9.715435
68.71932888,-60.0809900000001,20.21518,8.31488799999999,0.9447175,0.04484619,-0.1367202,-41.17101,-13.70722,-9.715435
68.729241371,-53.63944,21.20546,8.00807399999998,0.9662679,0.0317242,-0.1009951,-41.17101,-13.70722,-9.715435
68.739153385,-46.33075,23.71029,7.026268,0.9877828,0.01663247,-0.07104462,-41.18208,-12.9596,-10.10321
68.749066353,-38.89818,25.3996,6.28991200000003,1.015735,-0.02419155,-0.0634124,-41.18208,-12.9596,-10.10321
68.758978844,-30.72236,25.10834,5.98309800000002,1.042029,-0.05976731,-0.06821401,-41.18208,-12.9596,-10.10321
68.768890858,-20.44064,25.74911,5.614921,1.061275,-0.08333883,-0.07863236,-41.18208,-12.9596,-10.10321
68.778803348,-7.37171500000001,27.14716,4.326299,1.048751,-0.07877011,-0.102494,-41.18208,-12.9596,-10.10321
68.788715839,5.88302899999997,29.18598,1.564968,0.9913946,-0.03347016,-0.1112649,-41.18805,-12.9664,-11.77357
68.798627853,16.59831,28.77821,0.2763473,0.9325766,0.02473634,-0.152107,-41.18805,-12.9664,-11.77357
68.808540821,20.8101,24.29281,-0.705459200000001,0.8998978,0.09704272,-0.1546841,-41.18805,-12.9664,-11.77357
68.818453312,16.47443,19.39965,-1.748629,0.9102675,0.144293,-0.1371796,-41.18805,-12.9664,-11.77357
68.828365326,5.077834,17.65209,-1.932717,0.9388971,0.1628373,-0.08930498,-41.18805,-12.9664,-11.77357
68.838277817,-8.548538,19.51615,-0.766822200000002,0.9813004,0.135503,-0.03946263,-40.82026,-12.59361,-12.22638
68.848190308,-19.32576,24.81708,-0.582733500000001,1.04332,0.05649702,0.003131863,-40.82026,-12.59361,-12.22638
68.858102322,-22.54654,29.18598,1.81042,1.092414,-0.02595425,-0.02668095,-40.82026,-12.59361,-12.22638
68.868015289,-16.7863,30.75878,3.651307,1.093762,-0.06477394,-0.03607504,-40.82026,-12.59361,-12.22638
68.877926826,-5.327759,30.58403,4.080848,1.06886,-0.06848229,-0.03682977,-40.82026,-12.59361,-12.22638
68.887839794,7.369542,27.14716,2.669501,1.014037,-0.02847196,-0.04325857,-40.44898,-12.59697,-13.06351
68.897752285,15.23567,21.14721,0.951339199999998,0.9405316,0.002233146,-0.02268774,-40.44898,-12.59697,-13.06351
68.910142899,12.20071,13.34144,2.301323,0.9003894,0.02658448,0.001373491,-40.44898,-12.59697,-13.06351
68.920054913,-1.177909,7.45799500000003,2.976315,0.9075892,0.04319165,0.0076596,-40.44898,-12.59697,-13.06351
68.929967403,-18.45863,2.85609,2.117234,0.9536493,0.06503319,-0.00510498,-40.44898,-12.59697,-13.06351
68.939880371,-28.05902,3.555114,1.994509,0.9999391,0.07918938,-0.004478453,-40.45381,-12.60246,-14.41265
68.949791908,-24.59049,9.26380600000001,2.546775,1.023268,0.09258046,-0.002684359,-40.45381,-12.60246,-14.41265
68.959704876,-11.64544,15.67152,3.221767,1.03836,0.09249696,0.03846911,-40.45381,-12.60246,-14.41265
68.969617367,2.848064,20.97245,3.467218,1.048344,0.07687661,0.08772901,-40.45381,-12.60246,-14.41265
68.979529381,10.83807,23.36078,3.896759,1.039051,0.05847061,0.1136209,-40.45381,-12.60246,-14.41265
68.989441872,7.55535600000002,17.71034,4.694477,1.014697,0.04455456,0.106551,-40.0844,-12.22784,-14.41575
68.999354362,-5.76132499999998,8.27352199999998,2.669501,1.000885,0.0138365,0.1064741,-40.0844,-12.22784,-14.41575
69.009266376,-23.28979,0.351256,3.405856,0.9555214,-0.02862681,0.06771795,-40.0844,-12.22784,-14.41575
69.019179344,-34.99608,-5.93995599999998,3.405856,0.9386132,-0.06215335,0.0009089746,-40.0844,-12.22784,-14.41575
69.029091835,-35.80128,-9.90108999999998,2.485412,0.9547085,-0.0844114,-0.02915797,-40.0844,-12.22784,-14.41575
69.039003849,-27.31577,-9.95934199999999,2.178597,0.9985731,-0.07808047,-0.03576352,-39.72283,-11.48202,-15.25518
69.04891634,-15.73335,-7.27975100000002,1.81042,1.018042,-0.06032133,-0.0238213,-39.72283,-11.48202,-15.25518
69.058828831,-6.194891,-4.192397,1.503605,1.00243,-0.05366994,-0.01258897,-39.72283,-11.48202,-15.25518
69.068740845,-1.425662,-2.50309,0.889976299999999,0.9863976,-0.04454972,0.008266863,-39.72283,-11.48202,-15.25518
69.078653812,2.724188,-1.571059,-0.3372818,0.9924913,-0.04826092,0.02595164,-39.72283,-11.48202,-15.25518
69.088565826,8.60830200000001,0.1765001,-1.871354,1.012759,-0.04448081,0.05171793,-40.09224,-11.85664,-15.25208
69.098478317,15.6073,3.322106,-2.607709,1.029734,-0.04750483,0.08227092,-40.09224,-11.85664,-15.25208
69.108390808,20.43847,6.00169699999999,-3.098613,1.024455,-0.03434973,0.1073756,-40.09224,-11.85664,-15.25208
69.118302822,20.31459,7.16673599999998,-2.300895,1.000486,-0.02392324,0.1187104,-40.09224,-11.85664,-15.25208
69.128215313,14.80211,5.360925,-1.257725,0.9803865,-0.01785972,0.1208573,-39.72283,-11.48202,-15.25518
69.138128281,5.75915199999997,2.506578,-0.950910899999997,0.9764391,-0.01402486,0.1218797,-39.72283,-11.48202,-15.25518
69.148040295,-2.41667,0.293004,-0.950910899999997,0.9864012,-0.005762867,0.1016759,-39.72283,-11.48202,-15.25518
69.157952786,-5.637449,-0.4642715,-0.889547900000002,0.9947248,0.01605001,0.0806173,-39.72283,-11.48202,-15.25518
69.167865276,-5.451635,-0.1147597,-0.582733500000001,0.9989741,0.02334344,0.07438453,-39.72283,-11.48202,-15.25518
69.17777729,-4.956131,0.409508,0.3377102,1.007079,0.03699794,0.07007912,-40.09709,-11.48205,-15.25323
69.187689781,-4.522564,2.215319,0.767250500000003,1.018876,0.03376288,0.07234925,-40.09709,-11.48205,-15.25323
69.200080395,-0.5585288,7.807507,2.301323,0.9922914,-0.01202787,0.001226641,-40.09709,-11.48205,-15.25323
69.209993362,4.086825,5.593933,0.951339199999998,0.9808114,0.01039694,0.05237898,-40.09709,-11.48205,-15.25323
69.219905376,8.79411600000002,9.78807399999997,-0.950910899999997,1.050857,0.03694248,0.0475866,-40.09709,-11.48205,-15.25323
69.229817867,11.02389,16.25404,-1.257725,1.069744,0.06001299,0.05668863,-40.089,-12.23307,-15.70064
69.239730358,10.21869,20.09867,-0.766822200000002,1.009052,0.06117368,0.05245607,-40.089,-12.23307,-15.70064
69.249642372,4.458453,15.67152,0.3377102,0.9759668,0.05791568,0.0647443,-40.089,-12.23307,-15.70064
69.259554863,-3.841246,7.224988,1.012702,0.9494234,0.03288273,0.0696246,-40.089,-12.23307,-15.70064
69.269466877,-13.13195,-2.21183,2.178597,0.9333417,0.01026976,0.04849571,-40.089,-12.23307,-15.70064
69.279379845,-20.99809,-9.84283699999999,3.528581,0.9592406,-0.01819462,0.01349518,-39.34048,-12.23301,-15.70453
69.289292336,-19.57351,-7.92052300000001,0.889976299999999,1.005714,-0.05613803,-0.02896117,-39.34048,-12.23301,-15.70453
69.299204826,-10.71637,-3.842885,0.5217989,1.013901,-0.04439212,-0.02751815,-39.34048,-12.23301,-15.70453
69.30911684,-1.983104,-1.978823,1.074065,1.010417,-0.0244664,-0.0100675,-39.34048,-12.23301,-15.70453
69.319029331,2.476436,-0.930287099999998,1.258154,1.016897,-0.003835063,0.02602189,-39.34048,-12.23301,-15.70453
69.328941345,4.334577,0.5260119,0.889976299999999,1.004814,-0.01269532,0.02943572,-39.34671,-11.85998,-16.09115
69.338853836,4.953958,2.040563,0.6445247,0.9988488,-0.02062424,0.01071189,-39.34671,-11.85998,-16.09115
69.348766804,5.573338,3.263854,0.460436,1.000717,-0.01820656,0.004948827,-39.34671,-11.85998,-16.09115
69.358678818,4.210701,5.593933,0.3377102,0.9966841,0.002657198,0.01760923,-39.34671,-11.85998,-16.09115
69.368591309,0.5563561,7.45799500000003,1.38088,1.005259,0.03435703,0.03262601,-39.34671,-11.85998,-16.09115
69.3785038,-6.194891,12.58417,2.730864,1.020287,0.05301582,0.04173435,-40.09523,-11.86004,-16.08726
69.388415814,-13.25583,20.50644,5.062654,1.034679,0.05086477,0.05983292,-40.09523,-11.86004,-16.08726
69.398328304,-19.69739,30.64228,7.026268,1.0187,0.02830531,0.04878677,-40.09523,-11.86004,-16.08726
69.408241272,-23.72336,36.52573,6.78081600000001,1.001006,-0.007811889,0.04534869,-40.09523,-11.86004,-16.08726
69.418153286,-21.92716,39.96259,4.449025,0.991706,-0.05695346,0.03454383,-40.09523,-11.86004,-16.08726
69.428065777,-15.4856,37.05,0.889976299999999,0.9672765,-0.04066459,0.05552509,-39.72257,-11.86184,-16.53892
69.437978268,-7.24783800000001,27.20541,-0.03046724,0.9506924,-0.04987162,0.09643057,-39.72257,-11.86184,-16.53892
69.447890282,4.334577,24.29281,0.460436,0.9817455,-0.02399945,0.0555023,-39.72257,-11.86184,-16.53892
69.457802773,14.18273,31.45781,0.3990731,1.022725,-0.02792383,0.04165273,-39.72257,-11.86184,-16.53892
69.46771574,19.75715,31.63256,-0.3986447,1.010478,-0.02149914,0.0946262,-39.72257,-11.86184,-16.53892
69.480106354,14.61629,25.80736,1.012702,0.9782881,0.02472014,0.1091564,-39.73847,-11.11971,-18.27583
69.490018368,6.006905,27.49667,3.099041,0.9875178,0.04553227,0.07992005,-39.73847,-11.11971,-18.27583
69.499930859,-1.859228,24.00155,3.221767,0.9772899,0.03055099,0.1140061,-39.73847,-11.11971,-18.27583
69.50984335,-2.664423,18.46762,2.424049,0.9721091,-0.001360244,0.1436112,-39.73847,-11.11971,-18.27583
69.519755364,3.219692,13.80746,2.976315,0.9890096,-0.00637439,0.1645485,-39.73847,-11.11971,-18.27583
69.529667854,6.81209899999999,11.65214,0.2149844,1.003979,0.006887979,0.1616174,-38.98809,-11.49764,-19.11375
69.539580822,7.92698399999999,12.35116,0.0922585699999997,1.000539,-0.007797682,0.1428252,-38.98809,-11.49764,-19.11375
69.549492836,9.41349700000002,14.56473,1.135428,1.017523,-0.008138726,0.1297016,-38.98809,-11.49764,-19.11375
69.559405327,11.2097,20.33168,2.608138,1.00597,0.002044063,0.0640946,-38.98809,-11.49764,-19.11375
69.569317818,14.86405,23.59379,4.326299,0.9738022,-0.01391596,0.05564294,-38.98809,-11.49764,-19.11375
69.579229832,15.66924,23.30253,4.14221,0.9727377,-0.04348107,0.0602574,-38.24119,-11.49941,-19.56736
69.589142322,18.7042,19.28314,1.38088,0.9887231,-0.05261669,0.1301518,-38.24119,-11.49941,-19.56736
69.59905529,19.94297,21.49672,1.503605,1.01722,-0.06340962,0.1307767,-38.24119,-11.49941,-19.56736
69.608967304,20.99591,24.00155,1.38088,1.008243,-0.05483087,0.1237145,-38.24119,-11.49941,-19.56736
69.618879795,22.79212,25.80736,0.3990731,1.001793,-0.05398354,0.1156171,-38.24119,-11.49941,-19.56736
69.628792286,23.16374,27.26366,1.012702,0.9622145,-0.01301059,0.07112119,-38.61705,-11.50127,-20.01512
69.6387043,20.31459,26.9724,2.976315,0.9125402,0.01524042,0.02855456,-38.61705,-11.50127,-20.01512
69.648616791,17.34157,24.40932,3.958122,0.9465591,0.0460529,0.0918261,-38.61705,-11.50127,-20.01512
69.658528805,17.21769,25.80736,5.062654,1.026801,0.0007513358,0.138798,-38.61705,-11.50127,-20.01512
69.668441772,23.907,30.35102,4.264936,1.115307,-0.05105163,0.2211819,-38.61705,-11.50127,-20.01512
69.678354263,31.77314,36.81699,4.694477,1.073647,-0.08893604,0.2150728,-37.86668,-11.87921,-20.85304
69.688266277,36.72818,37.22475,4.694477,0.98441,-0.09603203,0.1832,-37.86668,-11.87921,-20.85304
69.698178768,35.11779,32.6811,5.001291,0.9223326,0.000992805,0.1560912,-37.86668,-11.87921,-20.85304
69.708091259,27.99491,25.80736,4.75584,0.8692473,0.04189,0.1294855,-37.86668,-11.87921,-20.85304
69.718003273,25.51739,21.67147,3.835396,0.9234049,0.002269216,0.1191176,-37.86668,-11.87921,-20.85304
69.727916241,29.29561,21.55497,3.651307,1.01044,-0.04248548,0.1617089,-37.49563,-11.88284,-21.75441
69.737828731,35.61329,23.06952,4.387662,1.106293,-0.07004845,0.2259403,-37.49563,-11.88284,-21.75441
69.747740745,44.84206,23.71029,4.326299,1.052496,-0.1107192,0.2727423,-37.49563,-11.88284,-21.75441
69.760131359,48.92997,20.50644,5.062654,0.9045753,0.05702898,0.1590295,-37.49563,-11.88284,-21.75441
69.77004385,47.0099,20.85595,4.817203,0.9935854,0.07815339,0.1852359,-37.49563,-11.88284,-21.75441
69.779956341,36.35655,17.82685,5.492195,1.016391,0.1773741,0.2841184,-37.11951,-12.2608,-22.59039
69.789868355,20.37653,14.04047,4.878565,0.8667779,0.2681795,0.2966705,-37.11951,-12.2608,-22.59039
69.799781322,-0.8682191,4.02113,3.344493,0.8507826,0.2573187,0.2977064,-37.11951,-12.2608,-22.59039
69.809693813,-13.00808,-0.05650773,1.564968,0.9928497,0.05437354,0.2763144,-37.11951,-12.2608,-22.59039
69.819605827,-11.39769,1.924059,0.889976299999999,1.024516,-0.09722707,0.2303568,-37.11951,-12.2608,-22.59039
69.829518318,-5.76132499999998,3.788122,1.933146,1.022949,-0.09876083,0.2188373,-37.11813,-12.25923,-22.20492
69.839430809,-1.983104,5.76868899999999,2.914952,1.037017,-0.05473935,0.2593338,-37.11813,-12.25923,-22.20492
69.849342823,1.980931,9.55506599999997,3.160404,1.048967,-0.03691939,0.3011157,-37.11813,-12.25923,-22.20492
69.859255791,4.768144,11.59388,3.467218,0.9919189,-0.05218641,0.2991408,-37.11813,-12.25923,-22.20492
69.869168282,6.37853299999997,9.90457699999998,3.405856,0.9188181,-0.04493383,0.2840199,-37.11813,-12.25923,-22.20492
69.879080296,5.635276,6.81722400000001,3.528581,0.801361,0.01182065,0.1976154,-36.74364,-12.25894,-22.14262
69.888992786,3.28163,-0.5225234,2.362686,0.844415,0.003831719,0.1429061,-36.74364,-12.25894,-22.14262
69.898905277,2.66225,-4.425405,1.196791,0.9664184,-0.008410432,0.2002755,-36.74364,-12.25894,-22.14262
69.908817291,-0.8682191,-2.736098,1.319517,1.030758,0.02473556,0.2666433,-36.74364,-12.25894,-22.14262
69.918730259,-6.44264400000003,-0.639027300000002,1.012702,0.9887509,0.0344755,0.2824618,-36.74364,-12.25894,-22.14262
69.92864275,-9.84923700000002,-0.2312636,0.2149844,1.007427,0.02353819,0.2788551,-36.3807,-11.51155,-22.59658
69.938554764,-12.45063,0.1182482,-0.1531931,1.016175,0.0245967,0.27494,-36.3807,-11.51155,-22.59658
69.948467255,-14.49459,0.2347521,-0.705459200000001,0.9912713,-0.02838148,0.216238,-36.3807,-11.51155,-22.59658
69.958379745,-12.3887,-0.4642715,-0.582733500000001,0.9281147,-0.09604263,0.1294627,-36.3807,-11.51155,-22.59658
69.968291759,-6.56652,-1.163295,0.3990731,0.913496,-0.07986317,0.1056978,-36.3807,-11.51155,-22.59658
69.978204727,-0.8682191,-1.396303,0.951339199999998,0.9586845,-0.04309605,0.1684255,-36.3726,-12.26257,-23.04399
69.988116264,4.396515,1.807555,0.828613499999998,1.024905,-0.06166298,0.2622806,-36.3726,-12.26257,-23.04399
69.998029232,11.58133,5.82694100000001,1.074065,1.013212,-0.07714981,0.2958966,-36.3726,-12.26257,-23.04399
70.007941723,13.87304,8.44827800000003,1.503605,1.016938,0.0145011,0.2897505,-36.3726,-12.26257,-23.04399
70.017854214,11.39551,7.05023200000001,0.583161800000002,0.963003,0.0120383,0.2249314,-36.3726,-12.26257,-23.04399
70.027766228,9.47543500000001,4.312389,-0.3372818,0.9565358,-0.0232209,0.1728992,-36.3726,-12.26257,-23.04399
70.040156841,6.93597599999999,3.613366,-0.1531931,0.9930457,-0.01845582,0.16251,-36.3726,-12.26257,-23.04399
70.050069809,3.219692,3.380358,1.135428,0.9244927,0.08599284,0.1801652,-36.3726,-12.26257,-23.04399
70.059981346,-3.097989,0.9920276,0.583161800000002,0.8874593,0.08413045,0.1905786,-36.3726,-12.26257,-23.04399
70.069894314,-5.513573,-0.2895156,0.03089567,0.9768727,0.009376013,0.2391902,-36.74201,-12.6372,-23.04089
70.079806805,-5.947139,0.5842639,0.460436,1.005763,-0.01779796,0.2589086,-36.74201,-12.6372,-23.04089
70.089718819,-6.318768,-0.1147597,0.828613499999998,0.9584642,-0.007840332,0.2358846,-36.74201,-12.6372,-23.04089
70.09963131,-7.99109600000001,-2.852602,0.2149844,0.9711115,-0.005276315,0.2324236,-36.74201,-12.6372,-23.04089
70.109544277,-9.47760899999999,-3.435122,-0.09183015,0.9852936,-0.02119519,0.2139404,-36.74201,-12.6372,-23.04089
70.119455814,-10.22087,-3.901137,-0.214556,0.9519454,-0.03093131,0.193057,-36.74201,-12.6372,-23.04089
70.129368782,-10.46862,-4.134145,-0.1531931,0.9482409,9.879784e-05,0.2019408,-36.74201,-12.6372,-23.04089
70.139281273,-10.84025,-3.609878,-0.214556,0.9687274,0.02276897,0.2235095,-36.74201,-12.6372,-23.04089
70.149193287,-9.47760899999999,-3.202114,-0.705459200000001,0.9692535,-0.0076889,0.2391469,-36.74201,-12.6372,-23.04089
70.159105778,-6.56652,-1.629311,-1.012274,0.9946815,-0.03199917,0.2584363,-36.74201,-12.6372,-23.04089
70.169018269,-3.283803,0.5842639,-0.766822200000002,1.005586,-0.05178795,0.2495608,-36.36962,-12.25917,-22.20881
70.178930283,-2.10698,1.399791,-0.3372818,0.9885326,-0.06709277,0.2376126,-36.36962,-12.25917,-22.20881
70.18884325,-1.177909,1.341539,-0.09183015,0.9728165,-0.07854433,0.217515,-36.36962,-12.25917,-22.20881
70.198755741,-0.06302445,0.759019800000003,-0.4600076,0.966378,-0.07330074,0.2156888,-36.36962,-12.25917,-22.20881
70.208667755,1.423489,0.1182482,-0.1531931,0.9592676,-0.04571944,0.2221804,-36.36962,-12.25917,-22.20881
70.218580246,1.361551,-1.279799,0.03089567,0.9310523,-0.01551599,0.224083,-36.74201,-12.6372,-23.04089
70.228492737,0.618294100000002,-2.328334,0.0922585699999997,0.9515721,-0.008438166,0.2306626,-36.74201,-12.6372,-23.04089
70.238404751,0.3705419,-1.920571,0.1536215,0.9826091,-0.0152485,0.2452151,-36.74201,-12.6372,-23.04089
70.248317719,0.2466658,-0.2895156,0.03089567,0.9920511,-0.01066298,0.265325,-36.74201,-12.6372,-23.04089
70.258230209,-0.992095199999997,1.574547,-0.214556,0.9995825,0.01952701,0.2721787,-36.74201,-12.6372,-23.04089
70.268142223,-3.903184,1.516295,-0.644096300000003,0.9689889,0.04046611,0.2697201,-36.37559,-12.26597,-23.87917
70.278054714,-8.36272300000002,-0.1730116,-0.950910899999997,0.9367631,0.02398817,0.2550235,-36.37559,-12.26597,-23.87917
70.287967205,-11.89319,-2.910854,-1.319088,0.9065009,-0.01294908,0.2171248,-36.37559,-12.26597,-23.87917
70.297879219,-12.63645,-5.706948,-1.441814,0.9231891,-0.02782979,0.2058277,-36.37559,-12.26597,-23.87917
70.307792187,-10.84025,-7.04674300000001,-1.56454,0.9678704,-0.04522471,0.203378,-36.37559,-12.26597,-23.87917
70.317704678,-6.194891,-5.532192,-1.319088,1.014663,-0.06446572,0.2138607,-36.36776,-12.63717,-23.04284
70.330094814,-0.6204669,-1.920571,-0.705459200000001,1.01693,-0.02940543,0.237601,-36.36776,-12.63717,-23.04284
70.340007305,0.3086039,0.700767799999999,-0.2759189,1.005062,0.001597873,0.2609649,-36.36776,-12.63717,-23.04284
70.349919796,-0.5585288,1.691051,-0.214556,0.9820543,-0.00602058,0.2496032,-36.36776,-12.63717,-23.04284
70.35983181,-2.10698,0.642515800000001,-0.2759189,0.9580168,-0.01172729,0.2353827,-36.36776,-12.63717,-23.04284
70.369744301,-3.531555,-0.580775400000001,-0.4600076,0.9516607,-0.01668474,0.2296465,-36.3726,-12.26257,-23.04399
70.379657269,-4.33675,-1.338051,-1.012274,0.9415964,-0.0179312,0.2004417,-36.3726,-12.26257,-23.04399
70.389569283,-4.088998,-2.50309,-1.196362,0.949127,-0.0033514,0.1889454,-36.3726,-12.26257,-23.04399
70.399481773,-3.221865,-3.493374,-1.319088,0.9665881,-0.01271242,0.2117691,-36.3726,-12.26257,-23.04399
70.409394264,-2.478608,-2.444838,-1.073637,0.9872249,-0.002646859,0.2332524,-36.3726,-12.26257,-23.04399
70.419306278,-1.79729,-1.163295,-1.012274,0.9936509,-0.006433519,0.2355686,-36.74201,-12.6372,-23.04089
70.429218769,-0.744343000000003,0.351256,-1.073637,0.9850254,-0.01328152,0.2447257,-36.74201,-12.6372,-23.04089
70.439131737,0.5563561,1.225035,-1.196362,0.9854502,-0.02111366,0.2293045,-36.74201,-12.6372,-23.04089
70.449043751,0.804108299999999,1.166783,-1.319088,0.9716507,-0.01939039,0.2208008,-36.74201,-12.6372,-23.04089
70.458956242,-0.2488386,-0.2312636,-1.257725,0.9513678,-0.01195911,0.2066331,-36.74201,-12.6372,-23.04089
70.468868733,-1.79729,-2.270082,-1.073637,0.9390032,-0.0009657848,0.2058604,-36.74686,-12.2626,-23.04204
70.478780747,-2.602484,-3.37687,-1.073637,0.9592159,-0.01282389,0.2079953,-36.74686,-12.2626,-23.04204
70.488693237,-2.540546,-3.202114,-0.950910899999997,0.9663578,-0.0228278,0.2251483,-36.74686,-12.2626,-23.04204
70.498606205,-1.239847,-1.571059,-0.644096300000003,0.9815958,-0.02259624,0.2331716,-36.74686,-12.2626,-23.04204
70.508517742,0.5563561,0.0599961999999999,-0.705459200000001,0.9932027,-0.02056483,0.2229945,-36.74686,-12.2626,-23.04204
70.51843071,1.299613,0.46776,-0.889547900000002,0.9943388,0.004647329,0.2202709,-36.73877,-13.01362,-23.48945
70.528343201,-0.2488386,-0.05650773,-1.135,0.9772081,0.01027778,0.2252685,-36.73877,-13.01362,-23.48945
70.538255215,-1.549538,-0.4060195,-1.319088,0.9626513,0.001371881,0.2258239,-36.73877,-13.01362,-23.48945
70.548167706,-2.664423,-1.046791,-1.380451,0.9519118,-0.004607257,0.2206017,-36.73877,-13.01362,-23.48945
70.558080673,-3.036051,-2.037075,-1.319088,0.934604,-0.01467872,0.1899645,-36.73877,-13.01362,-23.48945
70.56799221,-2.168918,-3.842885,-1.196362,0.9469851,-0.03200493,0.184933,-36.3726,-12.26257,-23.04399
70.577905178,0.3086039,-4.017641,-1.196362,0.9785734,-0.04609382,0.1970311,-36.3726,-12.26257,-23.04399
70.587817669,3.901011,-2.386586,-0.889547900000002,1.002064,-0.02188697,0.2272251,-36.3726,-12.26257,-23.04399
70.597729683,5.94496599999999,-0.2895156,-0.705459200000001,1.007767,5.253789e-05,0.2369217,-36.3726,-12.26257,-23.04399
70.610120296,5.077834,0.642515800000001,-0.705459200000001,0.9885045,0.01922526,0.2405887,-36.3726,-12.26257,-23.04399
70.620032787,2.104807,0.409508,-0.644096300000003,0.9748016,0.008315893,0.2267181,-37.11627,-12.63723,-23.03894
70.629945755,-0.2488386,-0.639027300000002,-0.644096300000003,0.9406039,-0.0072193,0.2115659,-37.11627,-12.63723,-23.03894
70.639857292,-2.045042,-3.027358,-0.644096300000003,0.9383684,0.003830209,0.1972554,-37.11627,-12.63723,-23.03894
70.64977026,-3.407679,-4.367153,-1.073637,0.9461164,0.006815745,0.1933624,-37.11627,-12.63723,-23.03894
70.659682751,-3.965122,-4.075893,-1.196362,0.9829805,5.789776e-05,0.2040201,-37.11627,-12.63723,-23.03894
70.669594765,-2.354732,-2.386586,-1.196362,1.000846,-0.01421887,0.2128827,-36.74686,-12.2626,-23.04204
70.679507255,0.0608516599999998,-0.755531299999998,-0.582733500000001,0.9979104,-0.007427436,0.2206376,-36.74686,-12.2626,-23.04204
70.689420223,0.866046300000002,-0.05650773,-0.2759189,0.9934728,0.005181128,0.2318063,-36.74686,-12.2626,-23.04204
70.69933176,0.1847278,0.351256,-0.4600076,0.9866318,0.006073339,0.233316,-36.74686,-12.2626,-23.04204
70.709244728,0.0608516599999998,0.817271699999998,-0.705459200000001,0.952894,-0.007031816,0.2181756,-36.74686,-12.2626,-23.04204
70.719157219,-0.5585288,-0.930287099999998,-0.705459200000001,0.9467793,0.005448971,0.2087122,-36.74525,-12.26077,-22.59233
70.729069233,-2.230856,-2.386586,-1.012274,0.9506652,-0.002320283,0.1971007,-36.74525,-12.26077,-22.59233
70.738981724,-2.602484,-3.027358,-1.196362,0.9699429,-0.02148536,0.1948741,-36.74525,-12.26077,-22.59233
70.748894691,-2.045042,-2.677846,-1.073637,0.9926483,-0.0142635,0.2240019,-36.74525,-12.26077,-22.59233
